                Time,             Y-Force,      Work integrand,                Mass,           Mass error
    0.0000000000E+00,    1.0034525237E-05,    0.0000000000E+00,                 NaN,                  NaN
    4.9647741100E-05,    1.0134545337E-05,   -1.5812214899E-13,                 NaN,                  NaN
    1.4894322300E-04,    1.1036770665E-05,   -2.0160045446E-12,                 NaN,                  NaN
    3.4552828700E-04,    1.5344011875E-05,   -2.4751087647E-11,                 NaN,                  NaN
    7.2328819900E-04,    3.2435913132E-05,   -3.4567894537E-10,                 NaN,                  NaN
    1.4154227400E-03,    9.3615317397E-05,   -4.5408717956E-09,                 NaN,                  NaN
    2.6068785800E-03,    2.8927250645E-04,   -4.9887488788E-08,                 NaN,                  NaN
    4.5136523700E-03,    8.3796032313E-04,   -4.3549340355E-07,                 NaN,                  NaN
    7.3350145500E-03,    2.1701668752E-03,   -2.9520522428E-06,                 NaN,                  NaN
    1.1194297900E-02,    4.9668401704E-03,   -1.5481354861E-05,                 NaN,                  NaN
    1.6098938800E-02,    1.0078121401E-02,   -6.3532174283E-05,                 NaN,                  NaN
    2.1942636500E-02,    1.8327019418E-02,   -2.0870268992E-04,                 NaN,                  NaN
    2.8545562700E-02,    3.0305731730E-02,   -5.6501208713E-04,                 NaN,                  NaN
    3.5707338400E-02,    4.6279723775E-02,   -1.3001840631E-03,                 NaN,                  NaN
    4.3248190600E-02,    6.6220607344E-02,   -2.6184184847E-03,                 NaN,                  NaN
    5.1028676300E-02,    8.9908450884E-02,   -4.7338760487E-03,                 NaN,                  NaN
    5.8951666600E-02,    1.1703590435E-01,   -7.8466849573E-03,                 NaN,                  NaN
    6.6954950300E-02,    1.4727980977E-01,   -1.2127154149E-02,                 NaN,                  NaN
    7.5001316500E-02,    1.8033933962E-01,   -1.7707749494E-02,                 NaN,                  NaN
    8.3069770300E-02,    2.1595050091E-01,   -2.4680215920E-02,                 NaN,                  NaN
    9.1149066600E-02,    2.5388760332E-01,   -3.3095475908E-02,                 NaN,                  NaN
    9.9233465300E-02,    2.9396364820E-01,   -4.2965848564E-02,                 NaN,                  NaN
    1.0732016700E-01,    3.3601777496E-01,   -5.4267219785E-02,                 NaN,                  NaN
    1.1540786800E-01,    3.7993108729E-01,   -6.6946064993E-02,                 NaN,                  NaN
    1.2349598300E-01,    4.2560157799E-01,   -8.0921760015E-02,                 NaN,                  NaN
    1.3158426400E-01,    4.7295041652E-01,   -9.6096603577E-02,                 NaN,                  NaN
    1.3967260800E-01,    5.2193312689E-01,   -1.1236096770E-01,                 NaN,                  NaN
    1.4776097600E-01,    5.7252315215E-01,   -1.2960161133E-01,                 NaN,                  NaN
    1.5584935200E-01,    6.2470123959E-01,   -1.4771211719E-01,                 NaN,                  NaN
    1.6393773000E-01,    6.7847899995E-01,   -1.6659616306E-01,                 NaN,                  NaN
    1.7202611000E-01,    7.3389376771E-01,   -1.8617807016E-01,                 NaN,                  NaN
    1.8011449000E-01,    7.9096831728E-01,   -2.0640851452E-01,                 NaN,                  NaN
    1.8820287000E-01,    8.4972535451E-01,   -2.2726195445E-01,                 NaN,                  NaN
    1.9629125000E-01,    9.1018043151E-01,   -2.4872924939E-01,                 NaN,                  NaN
    2.0437963000E-01,    9.7230204239E-01,   -2.7080881791E-01,                 NaN,                  NaN
    2.1246801000E-01,    1.0360215591E+00,   -2.9351242902E-01,                 NaN,                  NaN
    2.2055639000E-01,    1.1012671101E+00,   -3.1687766232E-01,                 NaN,                  NaN
    2.2864477000E-01,    1.1679645577E+00,   -3.4095943272E-01,                 NaN,                  NaN
    2.3673315000E-01,    1.2360215856E+00,   -3.6581317143E-01,                 NaN,                  NaN
    2.4482153000E-01,    1.3053302161E+00,   -3.9149577072E-01,                 NaN,                  NaN
    2.5290991000E-01,    1.3757816701E+00,   -4.1807259740E-01,                 NaN,                  NaN
    2.6099829000E-01,    1.4472767615E+00,   -4.4561139966E-01,                 NaN,                  NaN
    2.6908667000E-01,    1.5197293659E+00,   -4.7416879463E-01,                 NaN,                  NaN
    2.7717505000E-01,    1.5930625589E+00,   -5.0378075842E-01,                 NaN,                  NaN
    2.8526343000E-01,    1.6672000168E+00,   -5.3445855059E-01,                 NaN,                  NaN
    2.9335181000E-01,    1.7420593283E+00,   -5.6618790735E-01,                 NaN,                  NaN
    3.0144019100E-01,    1.8175516502E+00,   -5.9893047137E-01,                 NaN,                  NaN
    3.0952857100E-01,    1.8935865738E+00,   -6.3262572454E-01,                 NaN,                  NaN
    3.1761695100E-01,    1.9700731558E+00,   -6.6718908893E-01,                 NaN,                  NaN
    3.2570533100E-01,    2.0469122692E+00,   -7.0250694815E-01,                 NaN,                  NaN
    3.3379371100E-01,    2.1239842879E+00,   -7.3843178703E-01,                 NaN,                  NaN
    3.4188209100E-01,    2.2011434043E+00,   -7.7478348931E-01,                 NaN,                  NaN
    3.4997047100E-01,    2.2782198599E+00,   -8.1135547586E-01,                 NaN,                  NaN
    3.5805885100E-01,    2.3550259284E+00,   -8.4792150801E-01,                 NaN,                  NaN
    3.6614723100E-01,    2.4313623454E+00,   -8.8424243492E-01,                 NaN,                  NaN
    3.7423561100E-01,    2.5070183001E+00,   -9.2006894337E-01,                 NaN,                  NaN
    3.8232399100E-01,    2.5817691592E+00,   -9.5514564998E-01,                 NaN,                  NaN
    3.9041237100E-01,    2.6553721651E+00,   -9.8921288036E-01,                 NaN,                  NaN
    3.9850075100E-01,    2.7275685335E+00,   -1.0220125076E+00,                 NaN,                  NaN
    4.0658913100E-01,    2.7980845210E+00,   -1.0532889900E+00,                 NaN,                  NaN
    4.1467751100E-01,    2.8666335181E+00,   -1.0827918221E+00,                 NaN,                  NaN
    4.2276589100E-01,    2.9329189191E+00,   -1.1102795956E+00,                 NaN,                  NaN
    4.3085427100E-01,    2.9966342699E+00,   -1.1355187208E+00,                 NaN,                  NaN
    4.3894265100E-01,    3.0574669155E+00,   -1.1582848214E+00,                 NaN,                  NaN
    4.4703103100E-01,    3.1151045489E+00,   -1.1783686318E+00,                 NaN,                  NaN
    4.5511941100E-01,    3.1692390435E+00,   -1.1955791606E+00,                 NaN,                  NaN
    4.6320779100E-01,    3.2195773521E+00,   -1.2097546155E+00,                 NaN,                  NaN
    4.7129617100E-01,    3.2658405892E+00,   -1.2207542175E+00,                 NaN,                  NaN
    4.7938455200E-01,    3.3077734147E+00,   -1.2284643155E+00,                 NaN,                  NaN
    4.8747293200E-01,    3.3451395733E+00,   -1.2327858992E+00,                 NaN,                  NaN
    4.9556131200E-01,    3.3777268758E+00,   -1.2336421492E+00,                 NaN,                  NaN
    5.0364969200E-01,    3.4053423051E+00,   -1.2309706790E+00,                 NaN,                  NaN
    5.1173807200E-01,    3.4278245578E+00,   -1.2247420583E+00,                 NaN,                  NaN
    5.1982645200E-01,    3.4450570330E+00,   -1.2149734506E+00,                 NaN,                  NaN
    5.2791483200E-01,    3.4569627943E+00,   -1.2017084669E+00,                 NaN,                  NaN
    5.3600321200E-01,    3.4634975270E+00,   -1.1849961036E+00,                 NaN,                  NaN
    5.4409159200E-01,    3.4646533434E+00,   -1.1648975892E+00,                 NaN,                  NaN
    5.5217997200E-01,    3.4604239342E+00,   -1.1414232140E+00,                 NaN,                  NaN
    5.6026835200E-01,    3.4508341736E+00,   -1.1145954796E+00,                 NaN,                  NaN
    5.6835673200E-01,    3.4359566416E+00,   -1.0844823080E+00,                 NaN,                  NaN
    5.7644511200E-01,    3.4159045533E+00,   -1.0511791369E+00,                 NaN,                  NaN
    5.8453349200E-01,    3.3908406957E+00,   -1.0148201677E+00,                 NaN,                  NaN
    5.9262187200E-01,    3.3609601677E+00,   -9.7553602917E-01,                 NaN,                  NaN
    6.0071025200E-01,    3.3264864488E+00,   -9.3345083015E-01,                 NaN,                  NaN
    6.0879863200E-01,    3.2876534176E+00,   -8.8865607186E-01,                 NaN,                  NaN
    6.1688701200E-01,    3.2447084880E+00,   -8.4123087564E-01,                 NaN,                  NaN
    6.2497539200E-01,    3.1979311888E+00,   -7.9129239719E-01,                 NaN,                  NaN
    6.3306377200E-01,    3.1476257063E+00,   -7.3898708626E-01,                 NaN,                  NaN
    6.4115215200E-01,    3.0941325724E+00,   -6.8451842996E-01,                 NaN,                  NaN
    6.4924053200E-01,    3.0378154365E+00,   -6.2811825223E-01,                 NaN,                  NaN
    6.5732891200E-01,    2.9790434886E+00,   -5.7000643555E-01,                 NaN,                  NaN
    6.6541729300E-01,    2.9181748793E+00,   -5.1035290583E-01,                 NaN,                  NaN
    6.7350567300E-01,    2.8555431308E+00,   -4.4925567487E-01,                 NaN,                  NaN
    6.8159405300E-01,    2.7914838209E+00,   -3.8682830685E-01,                 NaN,                  NaN
    6.8968243300E-01,    2.7263355696E+00,   -3.2321736608E-01,                 NaN,                  NaN
    6.9777081300E-01,    2.6604550418E+00,   -2.5865317370E-01,                 NaN,                  NaN
    7.0585919300E-01,    2.5942082605E+00,   -1.9343940322E-01,                 NaN,                  NaN
    7.1394757300E-01,    2.5279287928E+00,   -1.2784126089E-01,                 NaN,                  NaN
    7.2203595300E-01,    2.4619237842E+00,   -6.2115271028E-02,                 NaN,                  NaN
    7.3012433300E-01,    2.3964802644E+00,    3.4562366338E-03,                 NaN,                  NaN
    7.3821271300E-01,    2.3318336831E+00,    6.8668867527E-02,                 NaN,                  NaN
    7.4630109300E-01,    2.2681679262E+00,    1.3341209503E-01,                 NaN,                  NaN
    7.5438947300E-01,    2.2056406709E+00,    1.9760119975E-01,                 NaN,                  NaN
    7.6247785300E-01,    2.1444066408E+00,    2.6110610428E-01,                 NaN,                  NaN
    7.7056623300E-01,    2.0846223356E+00,    3.2372726994E-01,                 NaN,                  NaN
    7.7865461300E-01,    2.0264413271E+00,    3.8519113695E-01,                 NaN,                  NaN
    7.8674299300E-01,    1.9700008485E+00,    4.4518292091E-01,                 NaN,                  NaN
    7.9483137300E-01,    1.9154075184E+00,    5.0338609575E-01,                 NaN,                  NaN
    8.0291975300E-01,    1.8627326855E+00,    5.5949159480E-01,                 NaN,                  NaN
    8.1100813300E-01,    1.8120108619E+00,    6.1322951220E-01,                 NaN,                  NaN
    8.1909651300E-01,    1.7632524221E+00,    6.6435438111E-01,                 NaN,                  NaN
    8.2718489300E-01,    1.7164585113E+00,    7.1261277286E-01,                 NaN,                  NaN
    8.3527327300E-01,    1.6716271181E+00,    7.5774019854E-01,                 NaN,                  NaN
    8.4336165400E-01,    1.6287518180E+00,    7.9947640324E-01,                 NaN,                  NaN
    8.5145003400E-01,    1.5878110155E+00,    8.3760150319E-01,                 NaN,                  NaN
    8.5953841400E-01,    1.5487585607E+00,    8.7196573918E-01,                 NaN,                  NaN
    8.6762679400E-01,    1.5115258786E+00,    9.0246663847E-01,                 NaN,                  NaN
    8.7571517400E-01,    1.4760309393E+00,    9.2899666262E-01,                 NaN,                  NaN
    8.8380355400E-01,    1.4421844241E+00,    9.5144559569E-01,                 NaN,                  NaN
    8.9189193400E-01,    1.4098918989E+00,    9.6972689273E-01,                 NaN,                  NaN
    8.9998031400E-01,    1.3790603820E+00,    9.8377321516E-01,                 NaN,                  NaN
    9.0806869400E-01,    1.3496085518E+00,    9.9351792824E-01,                 NaN,                  NaN
    9.1615707400E-01,    1.3214690350E+00,    9.9890832327E-01,                 NaN,                  NaN
    9.2424545400E-01,    1.2945834403E+00,    9.9994799528E-01,                 NaN,                  NaN
    9.3233383400E-01,    1.2688972738E+00,    9.9671041648E-01,                 NaN,                  NaN
    9.4042221400E-01,    1.2443571666E+00,    9.8930432288E-01,                 NaN,                  NaN
    9.4851059400E-01,    1.2209086983E+00,    9.7785628670E-01,                 NaN,                  NaN
    9.5659897400E-01,    1.1984922716E+00,    9.6251480108E-01,                 NaN,                  NaN
    9.6468735400E-01,    1.1770385975E+00,    9.4343190265E-01,                 NaN,                  NaN
    9.7277573400E-01,    1.1564691819E+00,    9.2073842541E-01,                 NaN,                  NaN
    9.8086411400E-01,    1.1366982823E+00,    8.9454890271E-01,                 NaN,                  NaN
    9.8895249400E-01,    1.1176348039E+00,    8.6498702140E-01,                 NaN,                  NaN
    9.9704087400E-01,    1.0991890229E+00,    8.3220121232E-01,                 NaN,                  NaN
    1.0051292500E+00,    1.0812726325E+00,    7.9635576485E-01,                 NaN,                  NaN
    1.0132176300E+00,    1.0637961541E+00,    7.5762057372E-01,                 NaN,                  NaN
    1.0213060100E+00,    1.0466695174E+00,    7.1616631885E-01,                 NaN,                  NaN
    1.0293943900E+00,    1.0297983879E+00,    6.7215965217E-01,                 NaN,                  NaN
    1.0374827700E+00,    1.0130818008E+00,    6.2576286082E-01,                 NaN,                  NaN
    1.0455711500E+00,    9.9640929126E-01,    5.7712765899E-01,                 NaN,                  NaN
    1.0536595300E+00,    9.7966928093E-01,    5.2638997963E-01,                 NaN,                  NaN
    1.0617479100E+00,    9.6275033671E-01,    4.7366151326E-01,                 NaN,                  NaN
    1.0698362900E+00,    9.4554708211E-01,    4.1902153467E-01,                 NaN,                  NaN
    1.0779246700E+00,    9.2796366332E-01,    3.6251009439E-01,                 NaN,                  NaN
    1.0860130500E+00,    9.0990717924E-01,    3.0412774200E-01,                 NaN,                  NaN
    1.0941014300E+00,    8.9126808829E-01,    2.4382722780E-01,                 NaN,                  NaN
    1.1021898100E+00,    8.7189412096E-01,    1.8148878532E-01,                 NaN,                  NaN
    1.1102782000E+00,    8.5159914979E-01,    1.1692370577E-01,                 NaN,                  NaN
    1.1183665800E+00,    8.3019294488E-01,    4.9911503155E-02,                 NaN,                  NaN
    1.1264549600E+00,    8.0750856088E-01,   -1.9764502983E-02,                 NaN,                  NaN
    1.1345433400E+00,    7.8339404114E-01,   -9.2329223268E-02,                 NaN,                  NaN
    1.1426317200E+00,    7.5766015558E-01,   -1.6806925126E-01,                 NaN,                  NaN
    1.1507201000E+00,    7.3005817387E-01,   -2.4736404264E-01,                 NaN,                  NaN
    1.1588084800E+00,    7.0031004712E-01,   -3.3066464672E-01,                 NaN,                  NaN
    1.1668968600E+00,    6.6815215127E-01,   -4.1843806198E-01,                 NaN,                  NaN
    1.1749852400E+00,    6.3335988920E-01,   -5.1112344464E-01,                 NaN,                  NaN
    1.1830736200E+00,    5.9573813740E-01,   -6.0911231593E-01,                 NaN,                  NaN
    1.1911620000E+00,    5.5507725298E-01,   -7.1273061541E-01,                 NaN,                  NaN
    1.1992503800E+00,    5.1111180763E-01,   -8.2225461894E-01,                 NaN,                  NaN
    1.2073387600E+00,    4.6353158197E-01,   -9.3794593666E-01,                 NaN,                  NaN
    1.2154271400E+00,    4.1200450680E-01,   -1.0600812884E+00,                 NaN,                  NaN
    1.2235155200E+00,    3.5623110224E-01,   -1.1889100761E+00,                 NaN,                  NaN
    1.2316039000E+00,    2.9602403320E-01,   -1.3245470653E+00,                 NaN,                  NaN
    1.2396922800E+00,    2.3128095811E-01,   -1.4669145811E+00,                 NaN,                  NaN
    1.2477806600E+00,    1.6197479657E-01,   -1.6157705327E+00,                 NaN,                  NaN
    1.2558690400E+00,    8.8041721193E-02,   -1.7707400738E+00,                 NaN,                  NaN
    1.2639574200E+00,    9.4281252946E-03,   -1.9313031691E+00,                 NaN,                  NaN
    1.2720458000E+00,   -7.3943806021E-02,   -2.0968891068E+00,                 NaN,                  NaN
    1.2801341800E+00,   -1.6215056369E-01,   -2.2670285488E+00,                 NaN,                  NaN
    1.2882225600E+00,   -2.5528112809E-01,   -2.4413931688E+00,                 NaN,                  NaN
    1.2963109400E+00,   -3.5334858307E-01,   -2.6196631881E+00,                 NaN,                  NaN
    1.3043993200E+00,   -4.5627976190E-01,   -2.8014019370E+00,                 NaN,                  NaN
    1.3124877000E+00,   -5.6390709444E-01,   -2.9859463133E+00,                 NaN,                  NaN
    1.3205760800E+00,   -6.7597056567E-01,   -3.1723695304E+00,                 NaN,                  NaN
    1.3286644600E+00,   -7.9218033346E-01,   -3.3595892402E+00,                 NaN,                  NaN
    1.3367528400E+00,   -9.1228968968E-01,   -3.5465611854E+00,                 NaN,                  NaN
    1.3448412200E+00,   -1.0360233525E+00,   -3.7322996367E+00,                 NaN,                  NaN
    1.3529296000E+00,   -1.1630583949E+00,   -3.9157578311E+00,                 NaN,                  NaN
    1.3610179800E+00,   -1.2929507803E+00,   -4.0957262209E+00,                 NaN,                  NaN
    1.3691063600E+00,   -1.4251402553E+00,   -4.2708826277E+00,                 NaN,                  NaN
    1.3771947400E+00,   -1.5589723472E+00,   -4.4400756025E+00,                 NaN,                  NaN
    1.3852831200E+00,   -1.6939495534E+00,   -4.6025754198E+00,                 NaN,                  NaN
    1.3933715000E+00,   -1.8296281324E+00,   -4.7578793267E+00,                 NaN,                  NaN
    1.4014598800E+00,   -1.9655456779E+00,   -4.9053949907E+00,                 NaN,                  NaN
    1.4095482600E+00,   -2.1011768117E+00,   -5.0443491788E+00,                 NaN,                  NaN
    1.4176366400E+00,   -2.2361323308E+00,   -5.1740019749E+00,                 NaN,                  NaN
    1.4257250200E+00,   -2.3699188378E+00,   -5.2935546366E+00,                 NaN,                  NaN
    1.4338134000E+00,   -2.5019440804E+00,   -5.4021350447E+00,                 NaN,                  NaN
    1.4419017800E+00,   -2.6315710590E+00,   -5.4988928036E+00,                 NaN,                  NaN
    1.4499901600E+00,   -2.7581398591E+00,   -5.5831610458E+00,                 NaN,                  NaN
    1.4580785400E+00,   -2.8809816429E+00,   -5.6544928665E+00,                 NaN,                  NaN
    1.4661669200E+00,   -2.9994039230E+00,   -5.7124738865E+00,                 NaN,                  NaN
    1.4742553000E+00,   -3.1125573838E+00,   -5.7564897837E+00,                 NaN,                  NaN
    1.4823436800E+00,   -3.2194910191E+00,   -5.7857690875E+00,                 NaN,                  NaN
    1.4904320600E+00,   -3.3195940190E+00,   -5.7998791063E+00,                 NaN,                  NaN
    1.4985204400E+00,   -3.4122748075E+00,   -5.7988460470E+00,                 NaN,                  NaN
    1.5066088200E+00,   -3.4973775745E+00,   -5.7833562388E+00,                 NaN,                  NaN
    1.5146972000E+00,   -3.5748664429E+00,   -5.7543019985E+00,                 NaN,                  NaN
    1.5227855800E+00,   -3.6446601597E+00,   -5.7122465710E+00,                 NaN,                  NaN
    1.5308739600E+00,   -3.7062961967E+00,   -5.6570038379E+00,                 NaN,                  NaN
    1.5389623400E+00,   -3.7590667814E+00,   -5.5878888426E+00,                 NaN,                  NaN
    1.5470507200E+00,   -3.8023036336E+00,   -5.5043513802E+00,                 NaN,                  NaN
    1.5551391000E+00,   -3.8355204758E+00,   -5.4065490650E+00,                 NaN,                  NaN
    1.5632274800E+00,   -3.8588787730E+00,   -5.2958107071E+00,                 NaN,                  NaN
    1.5713158600E+00,   -3.8728469946E+00,   -5.1740635162E+00,                 NaN,                  NaN
    1.5794042400E+00,   -3.8781563219E+00,   -5.0431508676E+00,                 NaN,                  NaN
    1.5874926200E+00,   -3.8749936124E+00,   -4.9038456459E+00,                 NaN,                  NaN
    1.5955810000E+00,   -3.8630598033E+00,   -4.7559525937E+00,                 NaN,                  NaN
    1.6036693800E+00,   -3.8418668038E+00,   -4.5989898457E+00,                 NaN,                  NaN
    1.6117577600E+00,   -3.8108039398E+00,   -4.4327563147E+00,                 NaN,                  NaN
    1.6198461400E+00,   -3.7697001914E+00,   -4.2578815561E+00,                 NaN,                  NaN
    1.6279345200E+00,   -3.7187771658E+00,   -4.0754985889E+00,                 NaN,                  NaN
    1.6360229000E+00,   -3.6580876739E+00,   -3.8865249561E+00,                 NaN,                  NaN
    1.6441112800E+00,   -3.5878179417E+00,   -3.6916955984E+00,                 NaN,                  NaN
    1.6521996600E+00,   -3.5081055797E+00,   -3.4916870008E+00,                 NaN,                  NaN
    1.6602880400E+00,   -3.4192049126E+00,   -3.2874976632E+00,                 NaN,                  NaN
    1.6683764200E+00,   -3.3219137939E+00,   -3.0808950330E+00,                 NaN,                  NaN
    1.6764648000E+00,   -3.2174007387E+00,   -2.8740646529E+00,                 NaN,                  NaN
    1.6845531800E+00,   -3.1066180116E+00,   -2.6688393867E+00,                 NaN,                  NaN
    1.6926415600E+00,   -2.9902096112E+00,   -2.4663719427E+00,                 NaN,                  NaN
    1.7007299400E+00,   -2.8684638023E+00,   -2.2671749759E+00,                 NaN,                  NaN
    1.7088183200E+00,   -2.7413916358E+00,   -2.0713578919E+00,                 NaN,                  NaN
    1.7169067000E+00,   -2.6088496788E+00,   -1.8789824025E+00,                 NaN,                  NaN
    1.7249950800E+00,   -2.4710111702E+00,   -1.6905273769E+00,                 NaN,                  NaN
    1.7330834600E+00,   -2.3284455137E+00,   -1.5069537261E+00,                 NaN,                  NaN
    1.7411718400E+00,   -2.1819621084E+00,   -1.3294819465E+00,                 NaN,                  NaN
    1.7492602200E+00,   -2.0322688382E+00,   -1.1591720766E+00,                 NaN,                  NaN
    1.7573486000E+00,   -1.8800215743E+00,   -9.9685565660E-01,                 NaN,                  NaN
    1.7654369800E+00,   -1.7255127963E+00,   -8.4296175159E-01,                 NaN,                  NaN
    1.7735253600E+00,   -1.5692269926E+00,   -6.9793513529E-01,                 NaN,                  NaN
    1.7816137400E+00,   -1.4115056915E+00,   -5.6206424452E-01,                 NaN,                  NaN
    1.7897021200E+00,   -1.2528010302E+00,   -4.3564635018E-01,                 NaN,                  NaN
    1.7977905000E+00,   -1.0938567333E+00,   -3.1909894319E-01,                 NaN,                  NaN
    1.8058788800E+00,   -9.3551199866E-01,   -2.1275667173E-01,                 NaN,                  NaN
    1.8139672600E+00,   -7.7836062392E-01,   -1.1665760709E-01,                 NaN,                  NaN
    1.8220556400E+00,   -6.2268457202E-01,   -3.0542525304E-02,                 NaN,                  NaN
    1.8301440200E+00,   -4.6842571048E-01,    4.6096739371E-02,                 NaN,                  NaN
    1.8382324000E+00,   -3.1547129230E-01,    1.1373656451E-01,                 NaN,                  NaN
    1.8463207800E+00,   -1.6378016581E-01,    1.7272607783E-01,                 NaN,                  NaN
    1.8544091600E+00,   -1.3668370793E-02,    2.2317631778E-01,                 NaN,                  NaN
    1.8624975400E+00,    1.3423397892E-01,    2.6504644682E-01,                 NaN,                  NaN
    1.8705859200E+00,    2.7921245192E-01,    2.9832262458E-01,                 NaN,                  NaN
    1.8786743000E+00,    4.2033448176E-01,    3.2302459061E-01,                 NaN,                  NaN
    1.8867626800E+00,    5.5674226188E-01,    3.3935958931E-01,                 NaN,                  NaN
    1.8948510600E+00,    6.8777384876E-01,    3.4774396720E-01,                 NaN,                  NaN
    1.9029394400E+00,    8.1286053337E-01,    3.4870627546E-01,                 NaN,                  NaN
    1.9110278200E+00,    9.3171178647E-01,    3.4288867341E-01,                 NaN,                  NaN
    1.9191162000E+00,    1.0442732230E+00,    3.3098149585E-01,                 NaN,                  NaN
    1.9272045800E+00,    1.1506257799E+00,    3.1365999843E-01,                 NaN,                  NaN
    1.9352929600E+00,    1.2507855954E+00,    2.9152917125E-01,                 NaN,                  NaN
    1.9433813400E+00,    1.3451304767E+00,    2.6521645211E-01,                 NaN,                  NaN
    1.9514697200E+00,    1.4341464998E+00,    2.3528124196E-01,                 NaN,                  NaN
    1.9595581000E+00,    1.5179294718E+00,    2.0213838240E-01,                 NaN,                  NaN
    1.9676464800E+00,    1.5962618603E+00,    1.6612734960E-01,                 NaN,                  NaN
    1.9757348600E+00,    1.6687915482E+00,    1.2757350606E-01,                 NaN,                  NaN
    1.9838232400E+00,    1.7350213773E+00,    8.6804400097E-02,                 NaN,                  NaN
    1.9919116200E+00,    1.7944762795E+00,    4.4163792861E-02,                 NaN,                  NaN
    2.0000000000E+00,    1.8468522419E+00,    0.0000000000E+00,                 NaN,                  NaN
                 NaN,    8.9639628854E-01,   -2.2862667988E+00,                 NaN,                  NaN
