                Time,             Y-Force,      Work integrand,                Mass,           Mass error
    0.0000000000E+00,   -2.4587605276E-07,    0.0000000000E+00,                 NaN,                  NaN
    4.9647741100E-05,   -1.0277631981E-07,   -1.0957903602E-14,                 NaN,                  NaN
    1.4894322300E-04,    9.4018652866E-07,   -7.2363890723E-13,                 NaN,                  NaN
    3.4552828700E-04,    5.2541424277E-06,   -1.7719043147E-11,                 NaN,                  NaN
    7.2328819900E-04,    2.2058986724E-05,   -3.1276815018E-10,                 NaN,                  NaN
    1.4154227400E-03,    8.3222797276E-05,   -4.4122470727E-09,                 NaN,                  NaN
    2.6068785800E-03,    2.7901584067E-04,   -4.9449663450E-08,                 NaN,                  NaN
    4.5136523700E-03,    8.2769940439E-04,   -4.3412293427E-07,                 NaN,                  NaN
    7.3350145500E-03,    2.1598175995E-03,   -2.9481250589E-06,                 NaN,                  NaN
    1.1194297900E-02,    4.9562753762E-03,   -1.5470837960E-05,                 NaN,                  NaN
    1.6098938800E-02,    1.0067002088E-02,   -6.3504843234E-05,                 NaN,                  NaN
    2.1942636500E-02,    1.8314665212E-02,   -2.0863214522E-04,                 NaN,                  NaN
    2.8545562700E-02,    3.0291321634E-02,   -5.6484099289E-04,                 NaN,                  NaN
    3.5707338400E-02,    4.6262273342E-02,   -1.2998034869E-03,                 NaN,                  NaN
    4.3248190600E-02,    6.6199007798E-02,   -2.6176511297E-03,                 NaN,                  NaN
    5.1028676300E-02,    8.9881559915E-02,   -4.7324631794E-03,                 NaN,                  NaN
    5.8951666600E-02,    1.1700242353E-01,   -7.8442736048E-03,                 NaN,                  NaN
    6.6954950300E-02,    1.4723861840E-01,   -1.2123297040E-02,                 NaN,                  NaN
    7.5001316500E-02,    1.8028947474E-01,   -1.7701925976E-02,                 NaN,                  NaN
    8.3069770300E-02,    2.1589112674E-01,   -2.4671842093E-02,                 NaN,                  NaN
    9.1149066600E-02,    2.5381868345E-01,   -3.3084016637E-02,                 NaN,                  NaN
    9.9233465300E-02,    2.9388348986E-01,   -4.2950576640E-02,                 NaN,                  NaN
    1.0732016700E-01,    3.3593057478E-01,   -5.4248119730E-02,                 NaN,                  NaN
    1.1540786800E-01,    3.7983292492E-01,   -6.6922028597E-02,                 NaN,                  NaN
    1.2349598300E-01,    4.2549235752E-01,   -8.0892901051E-02,                 NaN,                  NaN
    1.3158426400E-01,    4.7283586032E-01,   -9.6062328194E-02,                 NaN,                  NaN
    1.3967260800E-01,    5.2181003659E-01,   -1.1232095069E-01,                 NaN,                  NaN
    1.4776097600E-01,    5.7239327969E-01,   -1.2955791093E-01,                 NaN,                  NaN
    1.5584935200E-01,    6.2456869315E-01,   -1.4766352040E-01,                 NaN,                  NaN
    1.6393773000E-01,    6.7834793304E-01,   -1.6654260582E-01,                 NaN,                  NaN
    1.7202611000E-01,    7.3375549757E-01,   -1.8612206701E-01,                 NaN,                  NaN
    1.8011449000E-01,    7.9082625715E-01,   -2.0634976192E-01,                 NaN,                  NaN
    1.8820287000E-01,    8.4958953521E-01,   -2.2719991996E-01,                 NaN,                  NaN
    1.9629125000E-01,    9.1004274981E-01,   -2.4866313588E-01,                 NaN,                  NaN
    2.0437963000E-01,    9.7215687504E-01,   -2.7074159692E-01,                 NaN,                  NaN
    2.1246801000E-01,    1.0358780144E+00,   -2.9345193089E-01,                 NaN,                  NaN
    2.2055639000E-01,    1.1011337929E+00,   -3.1682276389E-01,                 NaN,                  NaN
    2.2864477000E-01,    1.1678308382E+00,   -3.4089834148E-01,                 NaN,                  NaN
    2.3673315000E-01,    1.2358723236E+00,   -3.6573786419E-01,                 NaN,                  NaN
    2.4482153000E-01,    1.3051656958E+00,   -3.9140845761E-01,                 NaN,                  NaN
    2.5290991000E-01,    1.3756093272E+00,   -4.1797881370E-01,                 NaN,                  NaN
    2.6099829000E-01,    1.4471014958E+00,   -4.4551121936E-01,                 NaN,                  NaN
    2.6908667000E-01,    1.5195492049E+00,   -4.7405521223E-01,                 NaN,                  NaN
    2.7717505000E-01,    1.5928641502E+00,   -5.0364472785E-01,                 NaN,                  NaN
    2.8526343000E-01,    1.6669688953E+00,   -5.3429579596E-01,                 NaN,                  NaN
    2.9335181000E-01,    1.7417937098E+00,   -5.6600307689E-01,                 NaN,                  NaN
    3.0144019100E-01,    1.8172590400E+00,   -5.9873465287E-01,                 NaN,                  NaN
    3.0952857100E-01,    1.8932747932E+00,   -6.3242753106E-01,                 NaN,                  NaN
    3.1761695100E-01,    1.9697475685E+00,   -6.6698862290E-01,                 NaN,                  NaN
    3.2570533100E-01,    2.0465716697E+00,   -7.0229773933E-01,                 NaN,                  NaN
    3.3379371100E-01,    2.1236203782E+00,   -7.3820746309E-01,                 NaN,                  NaN
    3.4188209100E-01,    2.2007506853E+00,   -7.7454240119E-01,                 NaN,                  NaN
    3.4997047100E-01,    2.2778054117E+00,   -8.1110205541E-01,                 NaN,                  NaN
    3.5805885100E-01,    2.3546061346E+00,   -8.4766487954E-01,                 NaN,                  NaN
    3.6614723100E-01,    2.4309512366E+00,   -8.8399196074E-01,                 NaN,                  NaN
    3.7423561100E-01,    2.5066223483E+00,   -9.1983186981E-01,                 NaN,                  NaN
    3.8232399100E-01,    2.5813876564E+00,   -9.5492505079E-01,                 NaN,                  NaN
    3.9041237100E-01,    2.6550002471E+00,   -9.8900743730E-01,                 NaN,                  NaN
    3.9850075100E-01,    2.7271981396E+00,   -1.0218148608E+00,                 NaN,                  NaN
    4.0658913100E-01,    2.7977053495E+00,   -1.0530866380E+00,                 NaN,                  NaN
    4.1467751100E-01,    2.8662330105E+00,   -1.0825680936E+00,                 NaN,                  NaN
    4.2276589100E-01,    2.9324832737E+00,   -1.1100147577E+00,                 NaN,                  NaN
    4.3085427100E-01,    2.9961540808E+00,   -1.1351978346E+00,                 NaN,                  NaN
    4.3894265100E-01,    3.0569412273E+00,   -1.1579069046E+00,                 NaN,                  NaN
    4.4703103100E-01,    3.1145405015E+00,   -1.1779489066E+00,                 NaN,                  NaN
    4.5511941100E-01,    3.1686553037E+00,   -1.1951479595E+00,                 NaN,                  NaN
    4.6320779100E-01,    3.2190035925E+00,   -1.2093456909E+00,                 NaN,                  NaN
    4.7129617100E-01,    3.2653167528E+00,   -1.2204024160E+00,                 NaN,                  NaN
    4.7938455200E-01,    3.3073343343E+00,   -1.2281985587E+00,                 NaN,                  NaN
    4.8747293200E-01,    3.3448075772E+00,   -1.2326377077E+00,                 NaN,                  NaN
    4.9556131200E-01,    3.3775126929E+00,   -1.2336479450E+00,                 NaN,                  NaN
    5.0364969200E-01,    3.4052617163E+00,   -1.2311794720E+00,                 NaN,                  NaN
    5.1173807200E-01,    3.4278976905E+00,   -1.2251935940E+00,                 NaN,                  NaN
    5.1982645200E-01,    3.4452910576E+00,   -1.2156674453E+00,                 NaN,                  NaN
    5.2791483200E-01,    3.4573354273E+00,   -1.2025924752E+00,                 NaN,                  NaN
    5.3600321200E-01,    3.4639510263E+00,   -1.1859713461E+00,                 NaN,                  NaN
    5.4409159200E-01,    3.4651045634E+00,   -1.1658358249E+00,                 NaN,                  NaN
    5.5217997200E-01,    3.4608171432E+00,   -1.1422538364E+00,                 NaN,                  NaN
    5.6026835200E-01,    3.4511468848E+00,   -1.1153033620E+00,                 NaN,                  NaN
    5.6835673200E-01,    3.4361836492E+00,   -1.0850734621E+00,                 NaN,                  NaN
    5.7644511200E-01,    3.4160501745E+00,   -1.0516703707E+00,                 NaN,                  NaN
    5.8453349200E-01,    3.3908944038E+00,   -1.0151976645E+00,                 NaN,                  NaN
    5.9262187200E-01,    3.3608924518E+00,   -9.7575201611E-01,                 NaN,                  NaN
    6.0071025200E-01,    3.3262492031E+00,   -9.3342150017E-01,                 NaN,                  NaN
    6.0879863200E-01,    3.2872171562E+00,   -8.8833774966E-01,                 NaN,                  NaN
    6.1688701200E-01,    3.2440934597E+00,   -8.4068422501E-01,                 NaN,                  NaN
    6.2497539200E-01,    3.1972096599E+00,   -7.9068676202E-01,                 NaN,                  NaN
    6.3306377200E-01,    3.1468992163E+00,   -7.3854672939E-01,                 NaN,                  NaN
    6.4115215200E-01,    3.0934719942E+00,   -6.8438017951E-01,                 NaN,                  NaN
    6.4924053200E-01,    3.0372219874E+00,   -6.2823707247E-01,                 NaN,                  NaN
    6.5732891200E-01,    2.9784558053E+00,   -5.7018125630E-01,                 NaN,                  NaN
    6.6541729300E-01,    2.9175061116E+00,   -5.1033558829E-01,                 NaN,                  NaN
    6.7350567300E-01,    2.8547430310E+00,   -4.4892721314E-01,                 NaN,                  NaN
    6.8159405300E-01,    2.7905431783E+00,   -3.8621366827E-01,                 NaN,                  NaN
    6.8968243300E-01,    2.7252813655E+00,   -3.2246670103E-01,                 NaN,                  NaN
    6.9777081300E-01,    2.6593170922E+00,   -2.5794294452E-01,                 NaN,                  NaN
    7.0585919300E-01,    2.5929880637E+00,   -1.9286910317E-01,                 NaN,                  NaN
    7.1394757300E-01,    2.5266165969E+00,   -1.2746983110E-01,                 NaN,                  NaN
    7.2203595300E-01,    2.4604859831E+00,   -6.1900984077E-02,                 NaN,                  NaN
    7.3012433300E-01,    2.3948538230E+00,    3.7003389258E-03,                 NaN,                  NaN
    7.3821271300E-01,    2.3299546121E+00,    6.9196777569E-02,                 NaN,                  NaN
    7.4630109300E-01,    2.2659998861E+00,    1.3444212951E-01,                 NaN,                  NaN
    7.5438947300E-01,    2.2031864893E+00,    1.9924571391E-01,                 NaN,                  NaN
    7.6247785300E-01,    2.1416981195E+00,    2.6336108124E-01,                 NaN,                  NaN
    7.7056623300E-01,    2.0817077825E+00,    3.2647615095E-01,                 NaN,                  NaN
    7.7865461300E-01,    2.0233742526E+00,    3.8824145662E-01,                 NaN,                  NaN
    7.8674299300E-01,    1.9668402402E+00,    4.4829083603E-01,                 NaN,                  NaN
    7.9483137300E-01,    1.9122319002E+00,    5.0623871325E-01,                 NaN,                  NaN
    8.0291975300E-01,    1.8596396800E+00,    5.6174694239E-01,                 NaN,                  NaN
    8.1100813300E-01,    1.8091081079E+00,    6.1455872269E-01,                 NaN,                  NaN
    8.1909651300E-01,    1.7606287138E+00,    6.6453238798E-01,                 NaN,                  NaN
    8.2718489300E-01,    1.7141414212E+00,    7.1165993675E-01,                 NaN,                  NaN
    8.3527327300E-01,    1.6695671824E+00,    7.5595772890E-01,                 NaN,                  NaN
    8.4336165400E-01,    1.6268431355E+00,    7.9734622785E-01,                 NaN,                  NaN
    8.5145003400E-01,    1.5859369832E+00,    8.3560918889E-01,                 NaN,                  NaN
    8.5953841400E-01,    1.5468365905E+00,    8.7042356897E-01,                 NaN,                  NaN
    8.6762679400E-01,    1.5095259156E+00,    9.0143858309E-01,                 NaN,                  NaN
    8.7571517400E-01,    1.4739661252E+00,    9.2834016835E-01,                 NaN,                  NaN
    8.8380355400E-01,    1.4400858897E+00,    9.5089825413E-01,                 NaN,                  NaN
    8.9189193400E-01,    1.4077838454E+00,    9.6900608360E-01,                 NaN,                  NaN
    8.9998031400E-01,    1.3769500255E+00,    9.8267601001E-01,                 NaN,                  NaN
    9.0806869400E-01,    1.3474931411E+00,    9.9199686718E-01,                 NaN,                  NaN
    9.1615707400E-01,    1.3193563716E+00,    9.9708451506E-01,                 NaN,                  NaN
    9.2424545400E-01,    1.2925113721E+00,    9.9803794065E-01,                 NaN,                  NaN
    9.3233383400E-01,    1.2669362650E+00,    9.9491687517E-01,                 NaN,                  NaN
    9.4042221400E-01,    1.2425861858E+00,    9.8776150778E-01,                 NaN,                  NaN
    9.4851059400E-01,    1.2193762265E+00,    9.7662271012E-01,                 NaN,                  NaN
    9.5659897400E-01,    1.1971886169E+00,    9.6156864047E-01,                 NaN,                  NaN
    9.6468735400E-01,    1.1758960515E+00,    9.4268013875E-01,                 NaN,                  NaN
    9.7277573400E-01,    1.1553859151E+00,    9.2005514380E-01,                 NaN,                  NaN
    9.8086411400E-01,    1.1355723402E+00,    8.9381859211E-01,                 NaN,                  NaN
    9.8895249400E-01,    1.1163967616E+00,    8.6413109602E-01,                 NaN,                  NaN
    9.9704087400E-01,    1.0978187323E+00,    8.3119149797E-01,                 NaN,                  NaN
    1.0051292500E+00,    1.0798012813E+00,    7.9523272433E-01,                 NaN,                  NaN
    1.0132176300E+00,    1.0622966529E+00,    7.5650385915E-01,                 NaN,                  NaN
    1.0213060100E+00,    1.0452342142E+00,    7.1523610924E-01,                 NaN,                  NaN
    1.0293943900E+00,    1.0285121743E+00,    6.7160671443E-01,                 NaN,                  NaN
    1.0374827700E+00,    1.0119972359E+00,    6.2571494926E-01,                 NaN,                  NaN
    1.0455711500E+00,    9.9553156503E-01,    5.7758348119E-01,                 NaN,                  NaN
    1.0536595300E+00,    9.7894961152E-01,    5.2719503788E-01,                 NaN,                  NaN
    1.0617479100E+00,    9.6209992371E-01,    4.7454547379E-01,                 NaN,                  NaN
    1.0698362900E+00,    9.4486156424E-01,    4.1968504529E-01,                 NaN,                  NaN
    1.0779246700E+00,    9.2714388393E-01,    3.6272501423E-01,                 NaN,                  NaN
    1.0860130500E+00,    9.0887155960E-01,    3.0380420887E-01,                 NaN,                  NaN
    1.0941014300E+00,    8.8997253022E-01,    2.4304135268E-01,                 NaN,                  NaN
    1.1021898100E+00,    8.7037259174E-01,    1.8048452121E-01,                 NaN,                  NaN
    1.1102782000E+00,    8.4997542712E-01,    1.1605725293E-01,                 NaN,                  NaN
    1.1183665800E+00,    8.2861935967E-01,    4.9516063456E-02,                 NaN,                  NaN
    1.1264549600E+00,    8.0605535528E-01,   -1.9548794401E-02,                 NaN,                  NaN
    1.1345433400E+00,    7.8199386838E-01,   -9.1630335162E-02,                 NaN,                  NaN
    1.1426317200E+00,    7.5617111915E-01,   -1.6718899817E-01,                 NaN,                  NaN
    1.1507201000E+00,    7.2836857496E-01,   -2.4659993032E-01,                 NaN,                  NaN
    1.1588084800E+00,    6.9838666733E-01,   -3.3017460725E-01,                 NaN,                  NaN
    1.1668968600E+00,    6.6601337068E-01,   -4.1820560596E-01,                 NaN,                  NaN
    1.1749852400E+00,    6.3102355201E-01,   -5.1098585017E-01,                 NaN,                  NaN
    1.1830736200E+00,    5.9319809661E-01,   -6.0879535248E-01,                 NaN,                  NaN
    1.1911620000E+00,    5.5232351910E-01,   -7.1190527380E-01,                 NaN,                  NaN
    1.1992503800E+00,    5.0817890780E-01,   -8.2060820561E-01,                 NaN,                  NaN
    1.2073387600E+00,    4.6051542453E-01,   -9.3525892739E-01,                 NaN,                  NaN
    1.2154271400E+00,    4.0904020415E-01,   -1.0563030625E+00,                 NaN,                  NaN
    1.2235155200E+00,    3.5344737232E-01,   -1.1842134289E+00,                 NaN,                  NaN
    1.2316039000E+00,    2.9346741741E-01,   -1.3193334811E+00,                 NaN,                  NaN
    1.2396922800E+00,    2.2891904626E-01,   -1.4617302070E+00,                 NaN,                  NaN
    1.2477806600E+00,    1.5968171907E-01,   -1.6111688752E+00,                 NaN,                  NaN
    1.2558690400E+00,    8.5660575841E-02,   -1.7671993703E+00,                 NaN,                  NaN
    1.2639574200E+00,    6.7800727170E-03,   -1.9292364721E+00,                 NaN,                  NaN
    1.2720458000E+00,   -7.6943703749E-02,   -2.0965831853E+00,                 NaN,                  NaN
    1.2801341800E+00,   -1.6539491320E-01,   -2.2684735388E+00,                 NaN,                  NaN
    1.2882225600E+00,   -2.5844046104E-01,   -2.4441831773E+00,                 NaN,                  NaN
    1.2963109400E+00,   -3.5599089356E-01,   -2.6231124225E+00,                 NaN,                  NaN
    1.3043993200E+00,   -4.5799261922E-01,   -2.8047510608E+00,                 NaN,                  NaN
    1.3124877000E+00,   -5.6439655166E-01,   -2.9886074717E+00,                 NaN,                  NaN
    1.3205760800E+00,   -6.7507071871E-01,   -3.1740842367E+00,                 NaN,                  NaN
    1.3286644600E+00,   -7.8980818016E-01,   -3.3604065146E+00,                 NaN,                  NaN
    1.3367528400E+00,   -9.0835054075E-01,   -3.5466655925E+00,                 NaN,                  NaN
    1.3448412200E+00,   -1.0304129075E+00,   -3.7317931166E+00,                 NaN,                  NaN
    1.3529296000E+00,   -1.1556348669E+00,   -3.9145146122E+00,                 NaN,                  NaN
    1.3610179800E+00,   -1.2836032300E+00,   -4.0935708282E+00,                 NaN,                  NaN
    1.3691063600E+00,   -1.4138997946E+00,   -4.2679467956E+00,                 NaN,                  NaN
    1.3771947400E+00,   -1.5460564317E+00,   -4.4367096760E+00,                 NaN,                  NaN
    1.3852831200E+00,   -1.6795044570E+00,   -4.5988602564E+00,                 NaN,                  NaN
    1.3933715000E+00,   -1.8137042687E+00,   -4.7535488732E+00,                 NaN,                  NaN
    1.4014598800E+00,   -1.9481350687E+00,   -4.9000135200E+00,                 NaN,                  NaN
    1.4095482600E+00,   -2.0821346659E+00,   -5.0372222187E+00,                 NaN,                  NaN
    1.4176366400E+00,   -2.2149493348E+00,   -5.1639640931E+00,                 NaN,                  NaN
    1.4257250200E+00,   -2.3459241971E+00,   -5.2793985694E+00,                 NaN,                  NaN
    1.4338134000E+00,   -2.4745732028E+00,   -5.3832035273E+00,                 NaN,                  NaN
    1.4419017800E+00,   -2.6004017970E+00,   -5.4750702214E+00,                 NaN,                  NaN
    1.4499901600E+00,   -2.7227473380E+00,   -5.5543312397E+00,                 NaN,                  NaN
    1.4580785400E+00,   -2.8408884359E+00,   -5.6202456821E+00,                 NaN,                  NaN
    1.4661669200E+00,   -2.9542125918E+00,   -5.6723983892E+00,                 NaN,                  NaN
    1.4742553000E+00,   -3.0622637780E+00,   -5.7107792155E+00,                 NaN,                  NaN
    1.4823436800E+00,   -3.1646521629E+00,   -5.7355143507E+00,                 NaN,                  NaN
    1.4904320600E+00,   -3.2609449721E+00,   -5.7465932340E+00,                 NaN,                  NaN
    1.4985204400E+00,   -3.3506135472E+00,   -5.7438391128E+00,                 NaN,                  NaN
    1.5066088200E+00,   -3.4331934198E+00,   -5.7272277395E+00,                 NaN,                  NaN
    1.5146972000E+00,   -3.5083097084E+00,   -5.6968562341E+00,                 NaN,                  NaN
    1.5227855800E+00,   -3.5755549132E+00,   -5.6526740399E+00,                 NaN,                  NaN
    1.5308739600E+00,   -3.6345022254E+00,   -5.5945733565E+00,                 NaN,                  NaN
    1.5389623400E+00,   -3.6848707238E+00,   -5.5228306593E+00,                 NaN,                  NaN
    1.5470507200E+00,   -3.7266410588E+00,   -5.4383508257E+00,                 NaN,                  NaN
    1.5551391000E+00,   -3.7599027391E+00,   -5.3422585003E+00,                 NaN,                  NaN
    1.5632274800E+00,   -3.7846267695E+00,   -5.2353183624E+00,                 NaN,                  NaN
    1.5713158600E+00,   -3.8006491071E+00,   -5.1178777529E+00,                 NaN,                  NaN
    1.5794042400E+00,   -3.8077287200E+00,   -4.9900522681E+00,                 NaN,                  NaN
    1.5874926200E+00,   -3.8055876413E+00,   -4.8518858222E+00,                 NaN,                  NaN
    1.5955810000E+00,   -3.7940666567E+00,   -4.7036895392E+00,                 NaN,                  NaN
    1.6036693800E+00,   -3.7732782788E+00,   -4.5464120919E+00,                 NaN,                  NaN
    1.6117577600E+00,   -3.7436462379E+00,   -4.3815767383E+00,                 NaN,                  NaN
    1.6198461400E+00,   -3.7056244473E+00,   -4.2105729318E+00,                 NaN,                  NaN
    1.6279345200E+00,   -3.6594259892E+00,   -4.0341932598E+00,                 NaN,                  NaN
    1.6360229000E+00,   -3.6051872702E+00,   -3.8530696972E+00,                 NaN,                  NaN
    1.6441112800E+00,   -3.5431695867E+00,   -3.6681626809E+00,                 NaN,                  NaN
    1.6521996600E+00,   -3.4736521858E+00,   -3.4804684752E+00,                 NaN,                  NaN
    1.6602880400E+00,   -3.3966225577E+00,   -3.2903889280E+00,                 NaN,                  NaN
    1.6683764200E+00,   -3.3117907396E+00,   -3.0979005059E+00,                 NaN,                  NaN
    1.6764648000E+00,   -3.2191191537E+00,   -2.9034653473E+00,                 NaN,                  NaN
    1.6845531800E+00,   -3.1191004827E+00,   -2.7083862338E+00,                 NaN,                  NaN
    1.6926415600E+00,   -3.0125353395E+00,   -2.5142974094E+00,                 NaN,                  NaN
    1.7007299400E+00,   -2.9001534657E+00,   -2.3225056162E+00,                 NaN,                  NaN
    1.7088183200E+00,   -2.7824571866E+00,   -2.1338424429E+00,                 NaN,                  NaN
    1.7169067000E+00,   -2.6596957231E+00,   -1.9488306439E+00,                 NaN,                  NaN
    1.7249950800E+00,   -2.5320204594E+00,   -1.7679112925E+00,                 NaN,                  NaN
    1.7330834600E+00,   -2.3995727421E+00,   -1.5915039140E+00,                 NaN,                  NaN
    1.7411718400E+00,   -2.2623651712E+00,   -1.4198992502E+00,                 NaN,                  NaN
    1.7492602200E+00,   -2.1204825488E+00,   -1.2534882723E+00,                 NaN,                  NaN
    1.7573486000E+00,   -1.9744280946E+00,   -1.0930860111E+00,                 NaN,                  NaN
    1.7654369800E+00,   -1.8251799515E+00,   -9.3988841218E-01,                 NaN,                  NaN
    1.7735253600E+00,   -1.6738957026E+00,   -7.9501925958E-01,                 NaN,                  NaN
    1.7816137400E+00,   -1.5213706623E+00,   -6.5902473592E-01,                 NaN,                  NaN
    1.7897021200E+00,   -1.3677035504E+00,   -5.3178677716E-01,                 NaN,                  NaN
    1.7977905000E+00,   -1.2127792344E+00,   -4.1306323650E-01,                 NaN,                  NaN
    1.8058788800E+00,   -1.0567865199E+00,   -3.0297373072E-01,                 NaN,                  NaN
    1.8139672600E+00,   -9.0055795605E-01,   -2.0210897186E-01,                 NaN,                  NaN
    1.8220556400E+00,   -7.4521269666E-01,   -1.1110575834E-01,                 NaN,                  NaN
    1.8301440200E+00,   -5.9171342951E-01,   -3.0242954358E-02,                 NaN,                  NaN
    1.8382324000E+00,   -4.4049172037E-01,    4.0721874152E-02,                 NaN,                  NaN
    1.8463207800E+00,   -2.9152810590E-01,    1.0235349407E-01,                 NaN,                  NaN
    1.8544091600E+00,   -1.4465937152E-01,    1.5523618917E-01,                 NaN,                  NaN
    1.8624975400E+00,    1.1775659409E-04,    1.9978618063E-01,                 NaN,                  NaN
    1.8705859200E+00,    1.4254705828E-01,    2.3626030352E-01,                 NaN,                  NaN
    1.8786743000E+00,    2.8221391562E-01,    2.6485309628E-01,                 NaN,                  NaN
    1.8867626800E+00,    4.1845892894E-01,    2.8569580807E-01,                 NaN,                  NaN
    1.8948510600E+00,    5.5033990796E-01,    2.9889130907E-01,                 NaN,                  NaN
    1.9029394400E+00,    6.7681254874E-01,    3.0464314979E-01,                 NaN,                  NaN
    1.9110278200E+00,    7.9709300800E-01,    3.0338645714E-01,                 NaN,                  NaN
    1.9191162000E+00,    9.1099502962E-01,    2.9581359383E-01,                 NaN,                  NaN
    1.9272045800E+00,    1.0189594596E+00,    2.8274828213E-01,                 NaN,                  NaN
    1.9352929600E+00,    1.1219956817E+00,    2.6500430855E-01,                 NaN,                  NaN
    1.9433813400E+00,    1.2209801430E+00,    2.4317268206E-01,                 NaN,                  NaN
    1.9514697200E+00,    1.3161143260E+00,    2.1758518115E-01,                 NaN,                  NaN
    1.9595581000E+00,    1.4067819017E+00,    1.8842982763E-01,                 NaN,                  NaN
    1.9676464800E+00,    1.4917755424E+00,    1.5590876257E-01,                 NaN,                  NaN
    1.9757348600E+00,    1.5697776450E+00,    1.2034326100E-01,                 NaN,                  NaN
    1.9838232400E+00,    1.6401250498E+00,    8.2191860516E-02,                 NaN,                  NaN
    1.9919116200E+00,    1.7030025194E+00,    4.1942564514E-02,                 NaN,                  NaN
    2.0000000000E+00,    1.7591536031E+00,    0.0000000000E+00,                 NaN,                  NaN
                 NaN,    8.7669704392E-01,   -2.2939175005E+00,                 NaN,                  NaN
