                Time,             Y-Force,      Work integrand,                Mass,           Mass error
    0.0000000000E+00,    1.0492680380E-06,    0.0000000000E+00,    7.8540028075E-01,                  NaN
    2.4838727300E-04,   -1.8717526173E-07,   -4.5811487415E-28,    7.8540028075E-01,                  NaN
    7.4516181800E-04,   -5.2023481967E-08,   -8.2834356301E-26,    7.8540028075E-01,                  NaN
    1.7310091300E-03,    2.1565051966E-08,    5.3154849994E-24,    7.8540028075E-01,                  NaN
    3.6429743000E-03,    4.0685954605E-08,    8.9825367952E-22,    7.8540028075E-01,                  NaN
    7.2160835800E-03,    1.9365471449E-09,   -3.0718200230E-21,    7.8540028075E-01,                  NaN
    1.3571933200E-02,   -4.3768498825E-08,   -2.9694702323E-18,    7.8540028075E-01,                  NaN
    2.4228365700E-02,    8.2016342895E-07,    1.9081228915E-15,    7.8540028075E-01,                  NaN
    4.0956650500E-02,   -6.9369305500E-07,   -3.9004594276E-14,    7.8540028075E-01,                  NaN
    6.5464310100E-02,   -8.5666490790E-06,   -1.0717730988E-11,    7.8540028075E-01,                  NaN
    9.8987833900E-02,   -1.0146702478E-04,   -1.4040852331E-09,    7.8540028075E-01,                  NaN
    1.4196710200E-01,   -8.1493971293E-04,   -8.7613059027E-08,    7.8540028075E-01,                  NaN
    1.9395531400E-01,   -4.5064322237E-03,   -2.6623439522E-06,    7.8540028075E-01,                  NaN
    2.5379257100E-01,   -1.7712162478E-02,   -3.9635035278E-05,    7.8540028075E-01,                  NaN
    3.1993663000E-01,   -4.5493679573E-02,   -2.5629315071E-04,    7.8540028075E-01,                  NaN
    3.9079786300E-01,   -4.9120344550E-02,   -3.7750872738E-04,    7.8540028075E-01,                  NaN
    4.6497332000E-01,    1.1034108053E-01,   -4.8061844838E-04,    7.8540028075E-01,                  NaN
    5.4135395600E-01,    6.2396023467E-01,   -3.7031973580E-02,    7.8540028075E-01,                  NaN
    6.1913355100E-01,    1.4438111718E+00,   -2.5990987587E-01,    7.8540028075E-01,                  NaN
    6.9776380400E-01,    1.8867113793E+00,   -6.3832437538E-01,    7.8540028075E-01,                  NaN
    7.7689176400E-01,    6.6933573186E-01,   -2.8771989756E-01,    7.8540028075E-01,                  NaN
    8.5630068000E-01,   -2.8857693404E+00,    5.6356351383E-01,    7.8540028075E-01,                  NaN
    9.3586289100E-01,   -6.9307681827E+00,   -2.1688788119E+00,    7.8540028075E-01,                  NaN
    1.0155060400E+00,   -7.6614563146E+00,   -7.2315231361E+00,    7.8540028075E-01,                  NaN
    1.0951905700E+00,   -2.3524400937E+00,   -3.9543477168E+00,    7.8540028075E-01,                  NaN
    1.1748955900E+00,    4.9723487977E+00,    5.3197214884E+00,    7.8540028075E-01,                  NaN
    1.2546104500E+00,    7.2215683819E+00,    5.6608318763E+00,    7.8540028075E-01,                  NaN
    1.3343298900E+00,    6.9514064512E+00,   -5.2084016333E-01,    7.8540028075E-01,                  NaN
    1.4140513800E+00,    8.2142820094E+00,   -8.1327125918E+00,    7.8540028075E-01,                  NaN
    1.4937737800E+00,    6.6530763581E+00,   -1.1439583668E+01,    7.8540028075E-01,                  NaN
    1.5734965600E+00,   -1.9753270429E-01,   -1.7017529148E+00,    7.8540028075E-01,                  NaN
    1.6532195000E+00,   -5.2234411831E+00,    7.3231118377E+00,    7.8540028075E-01,                  NaN
    1.7329425000E+00,   -7.0497789759E+00,    8.5437660149E+00,    7.8540028075E-01,                  NaN
    1.8126655200E+00,   -7.3805481981E+00,    2.2747584911E+00,    7.8540028075E-01,                  NaN
    1.8923885500E+00,   -8.5824093462E+00,   -5.6702256191E+00,    7.8540028075E-01,                  NaN
    1.9721115900E+00,   -7.6918772849E+00,   -1.2864775964E+01,    7.8540028075E-01,                  NaN
    2.0518346200E+00,   -3.2226524311E+00,   -7.4363658676E+00,    7.8540028075E-01,                  NaN
    2.1315576600E+00,    3.5097718937E+00,    5.1799214064E+00,    7.8540028075E-01,                  NaN
    2.2112806900E+00,    7.4407986749E+00,    1.0419972972E+01,    7.8540028075E-01,                  NaN
    2.2910037300E+00,    6.4447825928E+00,    6.3087492506E+00,    7.8540028075E-01,                  NaN
    2.3707267700E+00,    6.9667808274E+00,   -1.0824792870E+00,    7.8540028075E-01,                  NaN
    2.4504498000E+00,    1.1987195173E+01,   -1.4795365827E+01,    7.8540028075E-01,                  NaN
    2.5301728400E+00,    6.2055303156E+00,   -1.1188613220E+01,    7.8540028075E-01,                  NaN
    2.6098958800E+00,   -3.8691382652E+00,    4.8208888224E+00,    7.8540028076E-01,                  NaN
    2.6896189100E+00,   -4.8971093679E+00,    6.7050599143E+00,    7.8540028075E-01,                  NaN
    2.7693419500E+00,   -4.1578567730E+00,    7.1626400854E+00,    7.8540028076E-01,                  NaN
    2.8490649900E+00,   -7.8634779775E+00,    2.9223680458E+00,    7.8540028076E-01,                  NaN
    2.9287880200E+00,   -1.0580790124E+01,   -6.4819729554E+00,    7.8540028076E-01,                  NaN
    3.0085110600E+00,   -7.8465192222E+00,   -1.2635043703E+01,    7.8540028076E-01,                  NaN
    3.0882341000E+00,   -2.9160461015E+00,   -6.7241589193E+00,    7.8540028076E-01,                  NaN
    3.1679571300E+00,    3.8817929655E+00,    6.5503061730E+00,    7.8540028076E-01,                  NaN
    3.2476801700E+00,    5.6700735387E+00,    8.6713867696E+00,    7.8540028076E-01,                  NaN
    3.3274032100E+00,    5.7870712136E+00,    6.0671493946E+00,    7.8540028076E-01,                  NaN
    3.4071262400E+00,    7.6318238171E+00,   -3.3972777184E-01,    7.8540028076E-01,                  NaN
    3.4868492800E+00,    1.2238378949E+01,   -1.3299638737E+01,    7.8540028076E-01,                  NaN
    3.5665723100E+00,    7.0304952450E+00,   -1.2069410969E+01,    7.8540028076E-01,                  NaN
    3.6462953500E+00,   -3.6418150909E+00,    4.8163938766E+00,    7.8540028076E-01,                  NaN
    3.7260183900E+00,   -5.1102925092E+00,    7.0124179394E+00,    7.8540028076E-01,                  NaN
    3.8057414200E+00,   -3.6357557810E+00,    6.0419625777E+00,    7.8540028076E-01,                  NaN
    3.8854644600E+00,   -5.9662806129E+00,    3.3055748553E+00,    7.8540028076E-01,                  NaN
    3.9651875000E+00,   -1.1573905387E+01,   -5.5280853952E+00,    7.8540028076E-01,                  NaN
    4.0449105300E+00,   -9.8763127279E+00,   -1.4000758758E+01,    7.8540028076E-01,                  NaN
    4.1246335700E+00,   -2.8937642399E+00,   -6.0784884352E+00,    7.8540028076E-01,                  NaN
    4.2043566100E+00,    4.9991137777E+00,    7.7948837750E+00,    7.8540028076E-01,                  NaN
    4.2840796400E+00,    4.4449930984E+00,    6.2463091792E+00,    7.8540028076E-01,                  NaN
    4.3638026800E+00,    4.0720785397E+00,    5.5045260342E+00,    7.8540028076E-01,                  NaN
    4.4435257200E+00,    7.7017810045E+00,    6.8209359079E-01,    7.8540028076E-01,                  NaN
    4.5232487500E+00,    1.3952449912E+01,   -1.2688032579E+01,    7.8540028076E-01,                  NaN
    4.6029717900E+00,    7.8552256767E+00,   -1.2859896764E+01,    7.8540028076E-01,                  NaN
    4.6826948300E+00,   -5.0349666405E+00,    6.4371935701E+00,    7.8540028076E-01,                  NaN
    4.7624178600E+00,   -4.6479425520E+00,    6.4329530103E+00,    7.8540028076E-01,                  NaN
    4.8421409000E+00,   -1.3535482322E+00,    3.3119364049E+00,    7.8540028076E-01,                  NaN
    4.9218639400E+00,   -5.7218056572E+00,    4.1869061488E+00,    7.8540028076E-01,                  NaN
    5.0015869700E+00,   -1.3353229134E+01,   -4.3099951026E+00,    7.8540028076E-01,                  NaN
    5.0813100100E+00,   -9.9509920681E+00,   -1.3477196176E+01,    7.8540028076E-01,                  NaN
    5.1610330400E+00,   -2.4235456618E+00,   -5.5069144483E+00,    7.8540028076E-01,                  NaN
    5.2407560800E+00,    4.6480847701E+00,    7.3647761252E+00,    7.8540028076E-01,                  NaN
    5.3204791200E+00,    2.6636347562E+00,    3.3130956136E+00,    7.8540028076E-01,                  NaN
    5.4002021500E+00,    3.7535342312E+00,    5.6784619529E+00,    7.8540028076E-01,                  NaN
    5.4799251900E+00,    8.3811275066E+00,    1.8442758039E+00,    7.8540028076E-01,                  NaN
    5.5596482300E+00,    1.4096101028E+01,   -1.0954796064E+01,    7.8540028076E-01,                  NaN
    5.6393712600E+00,    8.1251407371E+00,   -1.2479071035E+01,    7.8540028076E-01,                  NaN
    5.7190943000E+00,   -4.9539904608E+00,    5.9790337407E+00,    7.8540028076E-01,                  NaN
    5.7988173400E+00,   -3.9381644487E+00,    5.1857649146E+00,    7.8540028076E-01,                  NaN
    5.8785403700E+00,   -3.6718669419E-01,    1.9440061607E+00,    7.8540028076E-01,                  NaN
    5.9582634100E+00,   -5.1567806628E+00,    4.5292374957E+00,    7.8540028076E-01,                  NaN
    6.0379864500E+00,   -1.4475373800E+01,   -2.8684938540E+00,    7.8540028076E-01,                  NaN
    6.1177094800E+00,   -1.0768801362E+01,   -1.2655070847E+01,    7.8540028076E-01,                  NaN
    6.1974325200E+00,   -1.5204205507E+00,   -4.2713755926E+00,    7.8540028076E-01,                  NaN
    6.2771555600E+00,    4.5818858256E+00,    6.9611406777E+00,    7.8540028076E-01,                  NaN
    6.3568785900E+00,    3.9219048554E-01,   -2.7862075669E-01,    7.8540028076E-01,                  NaN
    6.4366016300E+00,    3.1967994762E+00,    5.3167935761E+00,    7.8540028076E-01,                  NaN
    6.5163246700E+00,    9.9338092799E+00,    3.5276998088E+00,    7.8540028076E-01,                  NaN
    6.5960477000E+00,    1.4485033929E+01,   -9.1560591473E+00,    7.8540028076E-01,                  NaN
    6.6757707400E+00,    7.2100856688E+00,   -1.0709007122E+01,    7.8540028076E-01,                  NaN
    6.7554937700E+00,   -4.7500516374E+00,    5.2053235336E+00,    7.8540028076E-01,                  NaN
    6.8352168100E+00,   -1.9566937167E+00,    1.7136578522E+00,    7.8540028076E-01,                  NaN
    6.9149398500E+00,    7.6675504954E-01,    2.2280133799E-01,    7.8540028076E-01,                  NaN
    6.9946628800E+00,   -6.2424328227E+00,    6.0023476642E+00,    7.8540028076E-01,                  NaN
    7.0743859200E+00,   -1.5424845024E+01,   -1.0614534595E+00,    7.8540028076E-01,                  NaN
    7.1541089600E+00,   -9.5785846431E+00,   -1.0028059416E+01,    7.8540028076E-01,                  NaN
    7.2338319900E+00,   -1.0248934667E+00,   -4.0683497537E+00,    7.8540028076E-01,                  NaN
    7.3135550300E+00,    2.6933549107E+00,    3.7164423536E+00,    7.8540028076E-01,                  NaN
    7.3932780700E+00,   -1.3188769901E+00,   -2.7256655786E+00,    7.8540028076E-01,                  NaN
    7.4730011000E+00,    4.1438794393E+00,    6.3520979772E+00,    7.8540028076E-01,                  NaN
    7.5527241400E+00,    1.0848010279E+01,    5.2577032504E+00,    7.8540028076E-01,                  NaN
    7.6324471800E+00,    1.3506792027E+01,   -6.7597467165E+00,    7.8540028076E-01,                  NaN
    7.7121702100E+00,    6.5662796552E+00,   -9.4629846508E+00,    7.8540028076E-01,                  NaN
    7.7918932500E+00,   -3.4881101151E+00,    3.2319147513E+00,    7.8540028076E-01,                  NaN
    7.8716162900E+00,   -1.5635969075E-01,   -1.3002264161E+00,    7.8540028076E-01,                  NaN
    7.9513393200E+00,    9.7033360346E-01,   -6.4880612709E-01,    7.8540028076E-01,                  NaN
    8.0310623600E+00,   -7.2809990135E+00,    7.5794436653E+00,    7.8540028076E-01,                  NaN
    8.1107854000E+00,   -1.5906050299E+01,    9.4009775253E-01,    7.8540028076E-01,                  NaN
    8.1905084300E+00,   -8.1941386973E+00,   -7.8201406276E+00,    7.8540028076E-01,                  NaN
    8.2702314700E+00,   -3.8684900377E-01,   -3.2666174428E+00,    7.8540028076E-01,                  NaN
    8.3499545100E+00,    1.0138221933E-02,   -9.1388305705E-01,    7.8540028076E-01,                  NaN
    8.4296775400E+00,   -2.8053373236E+00,   -5.0431767465E+00,    7.8540028076E-01,                  NaN
    8.5094005800E+00,    6.0873664261E+00,    8.5649047033E+00,    7.8540028076E-01,                  NaN
    8.5891236100E+00,    1.1619390634E+01,    7.1727561737E+00,    7.8540028076E-01,                  NaN
    8.6688466500E+00,    1.1127786335E+01,   -4.0790351946E+00,    7.8540028076E-01,                  NaN
    8.7485696900E+00,    5.9738180050E+00,   -8.6414857417E+00,    7.8540028076E-01,                  NaN
    8.8282927200E+00,   -2.6608737399E-01,   -1.3921387953E+00,    7.8540028076E-01,                  NaN
    8.9080157600E+00,    1.2052661530E+00,   -3.4701219797E+00,    7.8540028076E-01,                  NaN
    8.9877388000E+00,   -6.4454344347E-01,    9.1551304114E-01,    7.8540028076E-01,                  NaN
    9.0674618300E+00,   -8.0283950045E+00,    9.1681522715E+00,    7.8540028076E-01,                  NaN
    9.1471848700E+00,   -1.4160094719E+01,    2.6936125169E+00,    7.8540028076E-01,                  NaN
    9.2269079100E+00,   -7.4213870374E+00,   -6.1837945246E+00,    7.8540028076E-01,                  NaN
    9.3066309400E+00,   -1.6463173063E+00,   -4.7468139383E+00,    7.8540028076E-01,                  NaN
    9.3863539800E+00,   -2.4762814129E+00,   -5.4086880967E+00,    7.8540028076E-01,                  NaN
    9.4660770200E+00,   -2.2102498897E+00,   -4.3049484407E+00,    7.8540028076E-01,                  NaN
    9.5458000500E+00,    7.5764291189E+00,    1.0674899222E+01,    7.8540028076E-01,                  NaN
    9.6255230900E+00,    1.0815928175E+01,    8.1475223835E+00,    7.8540028076E-01,                  NaN
    9.7052461300E+00,    8.8320936914E+00,   -2.0869617496E+00,    7.8540028076E-01,                  NaN
    9.7849691600E+00,    6.6596854786E+00,   -8.7976457364E+00,    7.8540028076E-01,                  NaN
    9.8646922000E+00,    3.1271370665E+00,   -6.2764270570E+00,    7.8540028076E-01,                  NaN
    9.9444152400E+00,    1.1430068093E+00,   -3.3681741288E+00,    7.8540028076E-01,                  NaN
    1.0024138300E+01,   -2.4260653699E+00,    3.0159490096E+00,    7.8540028076E-01,                  NaN
    1.0103861300E+01,   -7.6932109133E+00,    9.7477384716E+00,    7.8540028076E-01,                  NaN
    1.0183584300E+01,   -1.1554692678E+01,    3.7602691353E+00,    7.8540028076E-01,                  NaN
    1.0263307400E+01,   -7.4841467704E+00,   -5.2602330426E+00,    7.8540028076E-01,                  NaN
    1.0343030400E+01,   -4.0793983786E+00,   -7.5481945321E+00,    7.8540028076E-01,                  NaN
    1.0422753500E+01,   -4.1385964517E+00,   -8.3363146618E+00,    7.8540028076E-01,                  NaN
    1.0502476500E+01,   -4.5801585392E-01,   -1.5612586969E+00,    7.8540028076E-01,                  NaN
    1.0582199500E+01,    8.1255339876E+00,    1.1705448772E+01,    7.8540028076E-01,                  NaN
    1.0661922600E+01,    8.7836372130E+00,    7.8951281968E+00,    7.8540028076E-01,                  NaN
    1.0741645600E+01,    6.9868929083E+00,   -7.0735248722E-01,    7.8540028076E-01,                  NaN
    1.0821368600E+01,    8.9464449023E+00,   -1.0127851194E+01,    7.8540028076E-01,                  NaN
    1.0901091700E+01,    5.9080360900E+00,   -1.0394174599E+01,    7.8540028076E-01,                  NaN
    1.0980814700E+01,   -8.4102478762E-01,    1.4665299263E-01,    7.8540028076E-01,                  NaN
    1.1060537700E+01,   -3.5162394406E+00,    4.6479084947E+00,    7.8540028076E-01,                  NaN
    1.1140260800E+01,   -5.3802848073E+00,    7.5772858157E+00,    7.8540028076E-01,                  NaN
    1.1219983800E+01,   -9.7182820202E+00,    4.5311679695E+00,    7.8540028076E-01,                  NaN
    1.1299706900E+01,   -9.4859400694E+00,   -5.1273829258E+00,    7.8540028076E-01,                  NaN
    1.1379429900E+01,   -5.6166019332E+00,   -9.0702386982E+00,    7.8540028076E-01,                  NaN
    1.1459152900E+01,   -3.7720284290E+00,   -7.5856057425E+00,    7.8540028076E-01,                  NaN
    1.1538876000E+01,    3.9421070954E-01,   -3.0246691450E-01,    7.8540028076E-01,                  NaN
    1.1618599000E+01,    6.6189024738E+00,    9.5551014442E+00,    7.8540028076E-01,                  NaN
    1.1698322000E+01,    7.6464708475E+00,    7.9934992851E+00,    7.8540028076E-01,                  NaN
    1.1778045100E+01,    6.8344707149E+00,    2.5388520706E-01,    7.8540028076E-01,                  NaN
    1.1857768100E+01,    1.0840654917E+01,   -1.0733381645E+01,    7.8540028076E-01,                  NaN
    1.1937491100E+01,    6.9412051840E+00,   -1.1444577680E+01,    7.8540028076E-01,                  NaN
    1.2017214200E+01,   -2.6420334579E+00,    3.2299087658E+00,    7.8540028076E-01,                  NaN
    1.2096937200E+01,   -3.0022660732E+00,    3.6533740937E+00,    7.8540028076E-01,                  NaN
    1.2176660300E+01,   -2.9165039009E+00,    4.7639160376E+00,    7.8540028076E-01,                  NaN
    1.2256383300E+01,   -9.4258453328E+00,    5.6472556263E+00,    7.8540028076E-01,                  NaN
    1.2336106300E+01,   -1.2098044347E+01,   -4.7106778932E+00,    7.8540028076E-01,                  NaN
    1.2415829400E+01,   -5.5773327021E+00,   -8.3898702120E+00,    7.8540028076E-01,                  NaN
    1.2495552400E+01,   -2.1423689029E+00,   -4.8720163554E+00,    7.8540028076E-01,                  NaN
    1.2575275400E+01,   -7.0762242042E-01,   -2.5491206899E+00,    7.8540028076E-01,                  NaN
    1.2654998500E+01,    3.9513575922E+00,    5.6545385064E+00,    7.8540028076E-01,                  NaN
    1.2734721500E+01,    8.4137072704E+00,    9.5670864262E+00,    7.8540028076E-01,                  NaN
    1.2814444500E+01,    8.0561766662E+00,    1.3620400138E+00,    7.8540028076E-01,                  NaN
    1.2894167600E+01,    1.0494081697E+01,   -9.1223754625E+00,    7.8540028076E-01,                  NaN
    1.2973890600E+01,    6.5238747676E+00,   -1.0365771711E+01,    7.8540028076E-01,                  NaN
    1.3053613700E+01,   -2.0229120741E+00,    2.0494529278E+00,    7.8540028076E-01,                  NaN
    1.3133336700E+01,   -1.4755430174E+00,    9.7974087393E-01,    7.8540028076E-01,                  NaN
    1.3213059700E+01,   -2.2871637333E+00,    3.7851885423E+00,    7.8540028076E-01,                  NaN
    1.3292782800E+01,   -1.0149285128E+01,    7.3634382395E+00,    7.8540028076E-01,                  NaN
    1.3372505800E+01,   -1.2860227705E+01,   -3.2368164963E+00,    7.8540028076E-01,                  NaN
    1.3452228800E+01,   -4.5669037396E+00,   -6.8480106902E+00,    7.8540028076E-01,                  NaN
    1.3531951900E+01,   -1.9734089758E+00,   -4.4118626958E+00,    7.8540028076E-01,                  NaN
    1.3611674900E+01,   -3.0148344627E+00,   -6.8700558136E+00,    7.8540028076E-01,                  NaN
    1.3691398000E+01,    2.9770638892E+00,    4.1855607649E+00,    7.8540028076E-01,                  NaN
    1.3771121000E+01,    9.8917552989E+00,    1.1954428528E+01,    7.8540028076E-01,                  NaN
    1.3850844000E+01,    8.0562790269E+00,    2.4096959290E+00,    7.8540028076E-01,                  NaN
    1.3930567100E+01,    8.7147155920E+00,   -6.5420006739E+00,    7.8540028076E-01,                  NaN
    1.4010290100E+01,    7.1531733828E+00,   -1.0819020574E+01,    7.8540028076E-01,                  NaN
    1.4090013100E+01,    3.2093977286E-01,   -2.0145944345E+00,    7.8540028076E-01,                  NaN
    1.4169736200E+01,   -1.3461181349E+00,    9.2539897829E-01,    7.8540028076E-01,                  NaN
    1.4249459200E+01,   -3.0826443134E+00,    4.5907558759E+00,    7.8540028076E-01,                  NaN
    1.4329182200E+01,   -9.6942562357E+00,    8.3239661970E+00,    7.8540028076E-01,                  NaN
    1.4408905300E+01,   -1.1811407565E+01,   -1.4324147110E+00,    7.8540028076E-01,                  NaN
    1.4488628300E+01,   -4.6726065535E+00,   -6.4735865437E+00,    7.8540028076E-01,                  NaN
    1.4568351400E+01,   -3.6531127772E+00,   -6.7131092520E+00,    7.8540028076E-01,                  NaN
    1.4648074400E+01,   -3.9838181513E+00,   -8.7566434733E+00,    7.8540028076E-01,                  NaN
    1.4727797400E+01,    3.7872392467E+00,    5.3185013126E+00,    7.8540028076E-01,                  NaN
    1.4807520500E+01,    9.9023906015E+00,    1.2800694746E+01,    7.8540028076E-01,                  NaN
    1.4887243500E+01,    6.5039092465E+00,    2.8974024026E+00,    7.8540028076E-01,                  NaN
    1.4966966500E+01,    7.9302959961E+00,   -4.7960161106E+00,    7.8540028076E-01,                  NaN
    1.5046689600E+01,    9.5890446818E+00,   -1.3330811907E+01,    7.8540028076E-01,                  NaN
    1.5126412600E+01,    1.5755449802E+00,   -4.1582686614E+00,    7.8540028076E-01,                  NaN
    1.5206135600E+01,   -2.8861764027E+00,    3.7931369237E+00,    7.8540028076E-01,                  NaN
    1.5285858700E+01,   -2.7564401326E+00,    3.8482312240E+00,    7.8540028076E-01,                  NaN
    1.5365581700E+01,   -7.5171200496E+00,    7.6906196314E+00,    7.8540028076E-01,                  NaN
    1.5445304800E+01,   -1.1901533697E+01,    1.2441950754E-01,    7.8540028076E-01,                  NaN
    1.5525027800E+01,   -6.2933373636E+00,   -7.0896799143E+00,    7.8540028076E-01,                  NaN
    1.5604750800E+01,   -4.4012070944E+00,   -7.7304436059E+00,    7.8540028076E-01,                  NaN
    1.5684473900E+01,   -3.2664366522E+00,   -7.4825216311E+00,    7.8540028076E-01,                  NaN
    1.5764196900E+01,    3.2663474250E+00,    4.4097030707E+00,    7.8540028076E-01,                  NaN
    1.5843919900E+01,    8.8002952958E+00,    1.2016178785E+01,    7.8540028076E-01,                  NaN
    1.5923643000E+01,    6.0074531656E+00,    3.6079103825E+00,    7.8540028076E-01,                  NaN
    1.6003366000E+01,    8.4892640874E+00,   -3.7805754920E+00,    7.8540028076E-01,                  NaN
    1.6083089000E+01,    1.1143597259E+01,   -1.4337420963E+01,    7.8540028076E-01,                  NaN
    1.6162812100E+01,    1.0421163140E+00,   -3.2896911363E+00,    7.8540028076E-01,                  NaN
    1.6242535100E+01,   -3.2598958133E+00,    4.5016724046E+00,    7.8540028076E-01,                  NaN
    1.6322258200E+01,   -9.5135663594E-01,    8.5334358792E-01,    7.8540028076E-01,                  NaN
    1.6401981200E+01,   -6.2309727222E+00,    7.2694314521E+00,    7.8540028076E-01,                  NaN
    1.6481704200E+01,   -1.3615901465E+01,    1.9035036962E+00,    7.8540028076E-01,                  NaN
    1.6561427300E+01,   -6.6493133335E+00,   -6.3362215408E+00,    7.8540028076E-01,                  NaN
    1.6641150300E+01,   -3.3827955348E+00,   -6.2862550755E+00,    7.8540028076E-01,                  NaN
    1.6720873300E+01,   -4.0563631207E+00,   -8.7872268463E+00,    7.8540028076E-01,                  NaN
    1.6800596400E+01,    1.1132263396E+00,    8.5716036610E-01,    7.8540028076E-01,                  NaN
    1.6880319400E+01,    9.3448967247E+00,    1.3171435786E+01,    7.8540028076E-01,                  NaN
    1.6960042400E+01,    6.7879691525E+00,    4.8738251117E+00,    7.8540028076E-01,                  NaN
    1.7039765500E+01,    7.6429750024E+00,   -2.3397032058E+00,    7.8540028076E-01,                  NaN
    1.7119488500E+01,    1.1094136483E+01,   -1.3171208716E+01,    7.8540028076E-01,                  NaN
    1.7199211600E+01,    2.2241444736E+00,   -5.1228632127E+00,    7.8540028076E-01,                  NaN
    1.7278934600E+01,   -2.3583124034E+00,    2.8633184177E+00,    7.8540028076E-01,                  NaN
    1.7358657600E+01,   -8.2295567847E-01,    3.3785151163E-01,    7.8540028076E-01,                  NaN
    1.7438380700E+01,   -6.0996118239E+00,    7.7612593811E+00,    7.8540028076E-01,                  NaN
    1.7518103700E+01,   -1.3887938893E+01,    3.7280621571E+00,    7.8540028076E-01,                  NaN
    1.7597826700E+01,   -6.0937046584E+00,   -4.9652334704E+00,    7.8540028076E-01,                  NaN
    1.7677549800E+01,   -3.3394355950E+00,   -6.0339555062E+00,    7.8540028076E-01,                  NaN
    1.7757272800E+01,   -6.0917770431E+00,   -1.2367519585E+01,    7.8540028076E-01,                  NaN
    1.7836995800E+01,    5.3115808645E-01,   -7.1980742880E-02,    7.8540028076E-01,                  NaN
    1.7916718900E+01,    1.0468618025E+01,    1.5145423626E+01,    7.8540028076E-01,                  NaN
    1.7996441900E+01,    6.1818635695E+00,    5.2849428552E+00,    7.8540028076E-01,                  NaN
    1.8076165000E+01,    6.0677246803E+00,   -1.0135391394E+00,    7.8540028076E-01,                  NaN
    1.8155888000E+01,    1.2536892696E+01,   -1.3594980559E+01,    7.8540028076E-01,                  NaN
    1.8235611000E+01,    4.2517193015E+00,   -7.9656569942E+00,    7.8540028076E-01,                  NaN
    1.8315334100E+01,   -3.2404647823E+00,    4.4091096048E+00,    7.8540028076E-01,                  NaN
    1.8395057100E+01,   -1.1321078968E+00,    3.9247593326E-01,    7.8540028076E-01,                  NaN
    1.8474780100E+01,   -4.5841217253E+00,    6.6127522379E+00,    7.8540028076E-01,                  NaN
    1.8554503200E+01,   -1.3547318624E+01,    5.3717177055E+00,    7.8540028076E-01,                  NaN
    1.8634226200E+01,   -7.2487690491E+00,   -4.5626925487E+00,    7.8540028076E-01,                  NaN
    1.8713949300E+01,   -4.0020414048E+00,   -6.7981766708E+00,    7.8540028076E-01,                  NaN
    1.8793672300E+01,   -6.2871002115E+00,   -1.2364861060E+01,    7.8540028076E-01,                  NaN
    1.8873395300E+01,    3.4852526424E-01,   -4.4959791870E-01,    7.8540028076E-01,                  NaN
    1.8953118400E+01,    9.6653431144E+00,    1.4204847903E+01,    7.8540028076E-01,                  NaN
    1.9032841400E+01,    5.4807924175E+00,    5.5611425968E+00,    7.8540028076E-01,                  NaN
    1.9112564400E+01,    6.1987015713E+00,   -1.0164850030E-01,    7.8540028076E-01,                  NaN
    1.9192287500E+01,    1.3984085933E+01,   -1.3471988485E+01,    7.8540028076E-01,                  NaN
    1.9272010500E+01,    4.1944390706E+00,   -7.6256411685E+00,    7.8540028076E-01,                  NaN
    1.9351733500E+01,   -3.8270916338E+00,    5.3109258154E+00,    7.8540028076E-01,                  NaN
    1.9431456600E+01,    4.4260977179E-01,   -2.4811430014E+00,    7.8540028076E-01,                  NaN
    1.9511179600E+01,   -3.2531386169E+00,    5.2367143247E+00,    7.8540028076E-01,                  NaN
    1.9590902700E+01,   -1.4783613194E+01,    7.6198550465E+00,    7.8540028076E-01,                  NaN
    1.9670625700E+01,   -7.5642069232E+00,   -3.6059116168E+00,    7.8540028076E-01,                  NaN
    1.9750348700E+01,   -3.3409324709E+00,   -5.9390980307E+00,    7.8540028076E-01,                  NaN
    1.9830071800E+01,   -7.3146982077E+00,   -1.3490318548E+01,    7.8540028076E-01,                  NaN
    1.9909794800E+01,   -1.0568137885E+00,   -2.9420831176E+00,    7.8540028076E-01,                  NaN
    1.9989517800E+01,    9.9346526717E+00,    1.4765586009E+01,    7.8540028076E-01,                  NaN
    2.0069240900E+01,    5.6806000593E+00,    6.3850132084E+00,    7.8540028076E-01,                  NaN
    2.0148963900E+01,    5.4884760440E+00,    7.2721097658E-01,    7.8540028076E-01,                  NaN
    2.0228686900E+01,    1.4233388684E+01,   -1.1921370764E+01,    7.8540028076E-01,                  NaN
    2.0308410000E+01,    5.0599069333E+00,   -8.7833624351E+00,    7.8540028076E-01,                  NaN
    2.0388133000E+01,   -3.1576406554E+00,    3.9593418994E+00,    7.8540028076E-01,                  NaN
    2.0467856100E+01,    8.2056592740E-01,   -3.1291808479E+00,    7.8540028076E-01,                  NaN
    2.0547579100E+01,   -3.0028711010E+00,    4.9225012353E+00,    7.8540028076E-01,                  NaN
    2.0627302100E+01,   -1.4949531635E+01,    9.4881801369E+00,    7.8540028076E-01,                  NaN
    2.0707025200E+01,   -6.8314359427E+00,   -2.2882387104E+00,    7.8540028076E-01,                  NaN
    2.0786748200E+01,   -3.5431731428E+00,   -5.9707462383E+00,    7.8540028076E-01,                  NaN
    2.0866471200E+01,   -9.2454848245E+00,   -1.5990443470E+01,    7.8540028076E-01,                  NaN
    2.0946194300E+01,   -9.3222472729E-01,   -2.7075823390E+00,    7.8540028076E-01,                  NaN
    2.1025917300E+01,    1.0300125227E+01,    1.5522212623E+01,    7.8540028076E-01,                  NaN
    2.1105640300E+01,    4.4075870846E+00,    5.6803528140E+00,    7.8540028076E-01,                  NaN
    2.1185363400E+01,    4.9103447888E+00,    1.4127449742E+00,    7.8540028076E-01,                  NaN
    2.1265086400E+01,    1.5712009752E+01,   -1.1213302843E+01,    7.8540028076E-01,                  NaN
    2.1344809500E+01,    5.7227411951E+00,   -9.2844791331E+00,    7.8540028076E-01,                  NaN
    2.1424532500E+01,   -3.5976554596E+00,    4.5595675640E+00,    7.8540028076E-01,                  NaN
    2.1504255500E+01,    1.7380088415E+00,   -4.9027672776E+00,    7.8540028076E-01,                  NaN
    2.1583978600E+01,   -2.0847929789E+00,    3.6328472190E+00,    7.8540028076E-01,                  NaN
    2.1663701600E+01,   -1.5282773876E+01,    1.1369101410E+01,    7.8540028076E-01,                  NaN
    2.1743424600E+01,   -7.1155187699E+00,   -1.3452485492E+00,    7.8540028076E-01,                  NaN
    2.1823147700E+01,   -3.9958975652E+00,   -6.1357884731E+00,    7.8540028076E-01,                  NaN
    2.1902870700E+01,   -9.7237508505E+00,   -1.5753388671E+01,    7.8540028076E-01,                  NaN
    2.1982593700E+01,   -9.9374665728E-01,   -3.1143064711E+00,    7.8540028076E-01,                  NaN
    2.2062316800E+01,    9.1079751003E+00,    1.3683947971E+01,    7.8540028076E-01,                  NaN
    2.2142039800E+01,    3.6707326578E+00,    5.3824327552E+00,    7.8540028076E-01,                  NaN
    2.2221762900E+01,    5.6210207628E+00,    2.3509438150E+00,    7.8540028076E-01,                  NaN
    2.2301485900E+01,    1.5950023252E+01,   -9.3589928949E+00,    7.8540028076E-01,                  NaN
    2.2381208900E+01,    4.9912095603E+00,   -7.8271836251E+00,    7.8540028076E-01,                  NaN
    2.2460932000E+01,   -2.4771731233E+00,    2.3836691992E+00,    7.8540028076E-01,                  NaN
    2.2540655000E+01,    3.3384774197E+00,   -7.7426454499E+00,    7.8540028076E-01,                  NaN
    2.2620378000E+01,   -2.2650504015E+00,    3.6971745296E+00,    7.8540028076E-01,                  NaN
    2.2700101100E+01,   -1.5392280323E+01,    1.3096157152E+01,    7.8540028076E-01,                  NaN
    2.2779824100E+01,   -6.0558224294E+00,   -2.7592061699E-01,    7.8540028076E-01,                  NaN
    2.2859547200E+01,   -4.6079843628E+00,   -6.2606705741E+00,    7.8540028076E-01,                  NaN
    2.2939270200E+01,   -1.0995944340E+01,   -1.6544488064E+01,    7.8540028076E-01,                  NaN
    2.3018993200E+01,   -7.5321540709E-01,   -2.9695976545E+00,    7.8540028076E-01,                  NaN
    2.3098716300E+01,    8.5488545751E+00,    1.2800067688E+01,    7.8540028076E-01,                  NaN
    2.3178439300E+01,    2.5471992107E+00,    4.5335815536E+00,    7.8540028076E-01,                  NaN
    2.3258162300E+01,    5.7446516590E+00,    3.1302099883E+00,    7.8540028076E-01,                  NaN
    2.3337885400E+01,    1.5861885159E+01,   -7.3585184151E+00,    7.8540028076E-01,                  NaN
    2.3417608400E+01,    5.1117425505E+00,   -7.3161809372E+00,    7.8540028076E-01,                  NaN
    2.3497331400E+01,   -1.3664083695E+00,    1.6873599310E-01,    7.8540028076E-01,                  NaN
    2.3577054500E+01,    3.7962630216E+00,   -8.6730647387E+00,    7.8540028076E-01,                  NaN
    2.3656777500E+01,   -2.3014357519E+00,    3.5661873854E+00,    7.8540028076E-01,                  NaN
    2.3736500600E+01,   -1.4254500593E+01,    1.3717649339E+01,    7.8540028076E-01,                  NaN
    2.3816223600E+01,   -5.8474959395E+00,    6.2111679415E-01,    7.8540028076E-01,                  NaN
    2.3895946600E+01,   -5.8290103332E+00,   -6.3813628593E+00,    7.8540028076E-01,                  NaN
    2.3975669700E+01,   -1.0601498430E+01,   -1.5291224558E+01,    7.8540028076E-01,                  NaN
    2.4055392700E+01,    8.1827689691E-02,   -1.8986373896E+00,    7.8540028076E-01,                  NaN
    2.4135115700E+01,    6.3694048067E+00,    9.4029117814E+00,    7.8540028076E-01,                  NaN
    2.4214838800E+01,    1.6329497966E+00,    3.7003318681E+00,    7.8540028076E-01,                  NaN
    2.4294561800E+01,    7.0595098067E+00,    4.5402958107E+00,    7.8540028076E-01,                  NaN
    2.4374284800E+01,    1.5154058959E+01,   -5.1097736965E+00,    7.8540028076E-01,                  NaN
    2.4454007900E+01,    4.3565496246E+00,   -5.7123357992E+00,    7.8540028076E-01,                  NaN
    2.4533730900E+01,    1.9384048083E-01,   -2.8854237162E+00,    7.8540028076E-01,                  NaN
    2.4613454000E+01,    4.5588062322E+00,   -9.9859372844E+00,    7.8540028076E-01,                  NaN
    2.4693177000E+01,   -2.9805971235E+00,    4.7867342004E+00,    7.8540028076E-01,                  NaN
    2.4772900000E+01,   -1.3080474848E+01,    1.3833982938E+01,    7.8540028076E-01,                  NaN
    2.4852623100E+01,   -5.3705883356E+00,    1.4345606259E+00,    7.8540028076E-01,                  NaN
    2.4932346100E+01,   -7.0366824866E+00,   -6.1087745045E+00,    7.8540028076E-01,                  NaN
    2.5012069100E+01,   -1.0369552232E+01,   -1.4655029455E+01,    7.8540028076E-01,                  NaN
    2.5091792200E+01,    1.4396324400E-01,   -1.9135722055E+00,    7.8540028076E-01,                  NaN
    2.5171515200E+01,    5.0973998742E+00,    7.4613935512E+00,    7.8540028076E-01,                  NaN
    2.5251238200E+01,    1.6327143260E+00,    3.6416680928E+00,    7.8540028076E-01,                  NaN
    2.5330961300E+01,    7.7068286294E+00,    5.7582109064E+00,    7.8540028076E-01,                  NaN
    2.5410684300E+01,    1.3554632113E+01,   -2.7868800590E+00,    7.8540028076E-01,                  NaN
    2.5490407400E+01,    4.8976962112E+00,   -5.7039362227E+00,    7.8540028076E-01,                  NaN
    2.5570130400E+01,    2.2856567842E+00,   -6.5589832361E+00,    7.8540028076E-01,                  NaN
    2.5649853400E+01,    3.6204526357E+00,   -8.0705830162E+00,    7.8540028076E-01,                  NaN
    2.5729576500E+01,   -3.5616903929E+00,    5.9756441761E+00,    7.8540028076E-01,                  NaN
    2.5809299500E+01,   -1.0391346653E+01,    1.1956203023E+01,    7.8540028076E-01,                  NaN
    2.5889022500E+01,   -5.8333432507E+00,    2.4517681956E+00,    7.8540028076E-01,                  NaN
    2.5968745600E+01,   -8.7849268918E+00,   -5.7713714281E+00,    7.8540028076E-01,                  NaN
    2.6048468600E+01,   -9.3017135106E+00,   -1.3264431071E+01,    7.8540028076E-01,                  NaN
    2.6128191600E+01,   -2.7965698329E-02,   -1.9092017724E+00,    7.8540028076E-01,                  NaN
    2.6207914700E+01,    2.8328560924E+00,    3.9326587880E+00,    7.8540028076E-01,                  NaN
    2.6287637700E+01,    2.1712544976E+00,    4.0788486452E+00,    7.8540028076E-01,                  NaN
    2.6367360800E+01,    8.7629206041E+00,    7.4556336614E+00,    7.8540028076E-01,                  NaN
    2.6447083800E+01,    1.1658120649E+01,   -7.9976925530E-01,    7.8540028076E-01,                  NaN
    2.6526806800E+01,    5.5301511510E+00,   -5.9912926806E+00,    7.8540028076E-01,                  NaN
    2.6606529900E+01,    4.3238325986E+00,   -9.2136312626E+00,    7.8540028076E-01,                  NaN
    2.6686252900E+01,    2.8753017487E+00,   -6.4392312452E+00,    7.8540028076E-01,                  NaN
    2.6765975900E+01,   -3.8352046784E+00,    6.1601403777E+00,    7.8540028076E-01,                  NaN
    2.6845699000E+01,   -8.3615385263E+00,    1.0365122162E+01,    7.8540028076E-01,                  NaN
    2.6925422000E+01,   -6.6130382254E+00,    3.6781152460E+00,    7.8540028076E-01,                  NaN
    2.7005145000E+01,   -9.6366312655E+00,   -4.8330115338E+00,    7.8540028076E-01,                  NaN
    2.7084868100E+01,   -8.1278390559E+00,   -1.1651584372E+01,    7.8540028076E-01,                  NaN
    2.7164591100E+01,   -1.2488965427E+00,   -3.5366724841E+00,    7.8540028076E-01,                  NaN
    2.7244314200E+01,    1.0635465797E+00,    1.0027243738E+00,    7.8540028076E-01,                  NaN
    2.7324037200E+01,    3.1800022736E+00,    5.0427419257E+00,    7.8540028076E-01,                  NaN
    2.7403760200E+01,    8.6165907574E+00,    8.3964627397E+00,    7.8540028076E-01,                  NaN
    2.7483483300E+01,    9.8026079539E+00,    6.8949534490E-01,    7.8540028076E-01,                  NaN
    2.7563206300E+01,    7.2638131649E+00,   -6.9802198530E+00,    7.8540028076E-01,                  NaN
    2.7642929300E+01,    5.7376556778E+00,   -1.0276598013E+01,    7.8540028076E-01,                  NaN
    2.7722652400E+01,    1.5442149054E+00,   -4.1374595192E+00,    7.8540028076E-01,                  NaN
    2.7802375400E+01,   -2.9710015871E+00,    4.1421067410E+00,    7.8540028076E-01,                  NaN
    2.7882098500E+01,   -6.3460745490E+00,    8.6642174120E+00,    7.8540028076E-01,                  NaN
    2.7961821500E+01,   -8.1732231856E+00,    5.3113182622E+00,    7.8540028076E-01,                  NaN
    2.8041544500E+01,   -9.6428081005E+00,   -3.5951203004E+00,    7.8540028076E-01,                  NaN
    2.8121267600E+01,   -7.0491096431E+00,   -9.6673263268E+00,    7.8540028076E-01,                  NaN
    2.8200990600E+01,   -2.9560536159E+00,   -6.1805062953E+00,    7.8540028076E-01,                  NaN
    2.8280713600E+01,   -3.4327916169E-01,   -1.6822949178E+00,    7.8540028076E-01,                  NaN
    2.8360436700E+01,    4.3209477023E+00,    6.5253867038E+00,    7.8540028076E-01,                  NaN
    2.8440159700E+01,    7.9128725803E+00,    8.7398754041E+00,    7.8540028076E-01,                  NaN
    2.8519882700E+01,    8.6085469402E+00,    1.8085928229E+00,    7.8540028076E-01,                  NaN
    2.8599605800E+01,    8.7546798684E+00,   -7.1908134595E+00,    7.8540028076E-01,                  NaN
    2.8679328800E+01,    6.1044519920E+00,   -9.9486211854E+00,    7.8540028076E-01,                  NaN
    2.8759051900E+01,    1.1238556487E+00,   -3.6640668431E+00,    7.8540028076E-01,                  NaN
    2.8838774900E+01,   -1.7314484501E+00,    1.5846751373E+00,    7.8540028076E-01,                  NaN
    2.8918497900E+01,   -5.3437654082E+00,    7.9558378654E+00,    7.8540028076E-01,                  NaN
    2.8998221000E+01,   -9.2415331939E+00,    6.8730386791E+00,    7.8540028076E-01,                  NaN
    2.9077944000E+01,   -8.5756234911E+00,   -2.0896418009E+00,    7.8540028076E-01,                  NaN
    2.9157667000E+01,   -7.3021924535E+00,   -9.0141672488E+00,    7.8540028076E-01,                  NaN
    2.9237390100E+01,   -4.7555235018E+00,   -9.0867808351E+00,    7.8540028076E-01,                  NaN
    2.9317113100E+01,   -2.0303248215E-01,   -1.5345641339E+00,    7.8540028076E-01,                  NaN
    2.9396836100E+01,    4.5304014572E+00,    6.9975038807E+00,    7.8540028076E-01,                  NaN
    2.9476559200E+01,    6.2832006343E+00,    7.7066480338E+00,    7.8540028076E-01,                  NaN
    2.9556282200E+01,    8.6977059679E+00,    2.9859371976E+00,    7.8540028076E-01,                  NaN
    2.9636005300E+01,    1.0009166017E+01,   -6.7425626456E+00,    7.8540028076E-01,                  NaN
    2.9715728300E+01,    5.5466393190E+00,   -8.7432722568E+00,    7.8540028076E-01,                  NaN
    2.9795451300E+01,    1.5860304996E+00,   -4.6055017463E+00,    7.8540028076E-01,                  NaN
    2.9875174400E+01,   -2.6854278778E-01,   -1.0893860761E+00,    7.8540028076E-01,                  NaN
    2.9954897400E+01,   -5.3000487055E+00,    8.1130877863E+00,    7.8540028076E-01,                  NaN
    3.0034620400E+01,   -9.6111880425E+00,    8.1711702118E+00,    7.8540028076E-01,                  NaN
    3.0114343500E+01,   -7.5366978458E+00,   -7.6833853234E-01,    7.8540028076E-01,                  NaN
    3.0194066500E+01,   -8.1633539106E+00,   -8.9699089578E+00,    7.8540028076E-01,                  NaN
    3.0273789500E+01,   -5.4687976958E+00,   -9.9901669225E+00,    7.8540028076E-01,                  NaN
    3.0353512600E+01,   -2.9020432577E-02,   -1.1463594873E+00,    7.8540028076E-01,                  NaN
    3.0433235600E+01,    3.5186682014E+00,    5.4179117125E+00,    7.8540028076E-01,                  NaN
    3.0512958700E+01,    5.5300878571E+00,    7.2197021423E+00,    7.8540028076E-01,                  NaN
    3.0592681700E+01,    9.3844910515E+00,    4.4324530799E+00,    7.8540028076E-01,                  NaN
    3.0672404700E+01,    9.6315667141E+00,   -5.2109373478E+00,    7.8540028076E-01,                  NaN
    3.0752127800E+01,    5.6612843898E+00,   -8.4440411747E+00,    7.8540028076E-01,                  NaN
    3.0831850800E+01,    3.0668190655E+00,   -7.0539979321E+00,    7.8540028076E-01,                  NaN
    3.0911573800E+01,   -1.9190536254E-01,   -1.1573388782E+00,    7.8540028076E-01,                  NaN
    3.0991296900E+01,   -5.3833050562E+00,    8.3015825516E+00,    7.8540028076E-01,                  NaN
    3.1071019900E+01,   -8.5015604153E+00,    8.2226476301E+00,    7.8540028076E-01,                  NaN
    3.1150742900E+01,   -7.8064089266E+00,    3.5951275970E-01,    7.8540028076E-01,                  NaN
    3.1230466000E+01,   -9.0726235128E+00,   -8.7079075963E+00,    7.8540028076E-01,                  NaN
    3.1310189000E+01,   -5.1634054597E+00,   -9.2247488536E+00,    7.8540028076E-01,                  NaN
    3.1389912100E+01,   -6.1155911300E-01,   -2.2492036215E+00,    7.8540028076E-01,                  NaN
    3.1469635100E+01,    2.0625804834E+00,    2.7855976812E+00,    7.8540028076E-01,                  NaN
    3.1549358100E+01,    6.0710080558E+00,    8.3021883673E+00,    7.8540028076E-01,                  NaN
    3.1629081200E+01,    9.4389349277E+00,    5.6457697591E+00,    7.8540028076E-01,                  NaN
    3.1708804200E+01,    8.7043760901E+00,   -3.5747026594E+00,    7.8540028076E-01,                  NaN
    3.1788527200E+01,    6.7365226150E+00,   -9.1072649956E+00,    7.8540028076E-01,                  NaN
    3.1868250300E+01,    3.9652962599E+00,   -8.3316366564E+00,    7.8540028076E-01,                  NaN
    3.1947973300E+01,   -6.5297422377E-01,   -3.2572554529E-01,    7.8540028076E-01,                  NaN
    3.2027696300E+01,   -4.4005529673E+00,    6.7201436935E+00,    7.8540028076E-01,                  NaN
    3.2107419400E+01,   -7.5720743261E+00,    8.2590013568E+00,    7.8540028076E-01,                  NaN
    3.2187142400E+01,   -8.8147824061E+00,    1.6257231386E+00,    7.8540028076E-01,                  NaN
    3.2266865500E+01,   -8.6620078908E+00,   -7.4192545963E+00,    7.8540028076E-01,                  NaN
    3.2346588500E+01,   -5.4153175983E+00,   -9.0877718137E+00,    7.8540028076E-01,                  NaN
    3.2426311500E+01,   -1.9414349859E+00,   -4.6712425358E+00,    7.8540028076E-01,                  NaN
    3.2506034600E+01,    1.8042050283E+00,    2.1327503937E+00,    7.8540028076E-01,                  NaN
    3.2585757600E+01,    6.4374931058E+00,    9.2103582553E+00,    7.8540028076E-01,                  NaN
    3.2665480600E+01,    8.2193971208E+00,    5.9984079581E+00,    7.8540028076E-01,                  NaN
    3.2745203700E+01,    8.8744129643E+00,   -2.3582651360E+00,    7.8540028076E-01,                  NaN
    3.2824926700E+01,    7.9741965029E+00,   -9.6869983760E+00,    7.8540028076E-01,                  NaN
    3.2904649800E+01,    3.6911783320E+00,   -7.8078851928E+00,    7.8540028076E-01,                  NaN
    3.2984372800E+01,   -3.4410909167E-01,   -8.4888494222E-01,    7.8540028076E-01,                  NaN
    3.3064095800E+01,   -2.9046075077E+00,    4.3173670851E+00,    7.8540028076E-01,                  NaN
    3.3143818900E+01,   -7.7688049602E+00,    9.0724052777E+00,    7.8540028076E-01,                  NaN
    3.3223541900E+01,   -9.2339831802E+00,    2.9587699182E+00,    7.8540028076E-01,                  NaN
    3.3303264900E+01,   -7.9192707240E+00,   -5.8567331823E+00,    7.8540028076E-01,                  NaN
    3.3382988000E+01,   -6.4443945382E+00,   -9.9903119581E+00,    7.8540028076E-01,                  NaN
    3.3462711000E+01,   -2.5999847108E+00,   -5.9018879351E+00,    7.8540028076E-01,                  NaN
    3.3542434000E+01,    1.8085941020E+00,    2.1040076785E+00,    7.8540028076E-01,                  NaN
    3.3622157100E+01,    5.6974628973E+00,    8.5259016463E+00,    7.8540028076E-01,                  NaN
    3.3701880100E+01,    7.6284239003E+00,    6.4761242075E+00,    7.8540028076E-01,                  NaN
    3.3781603200E+01,    9.4758956447E+00,   -1.1646082731E+00,    7.8540028076E-01,                  NaN
    3.3861326200E+01,    7.9956073707E+00,   -8.8464102163E+00,    7.8540028076E-01,                  NaN
    3.3941049200E+01,    4.1719219862E+00,   -8.3163039407E+00,    7.8540028076E-01,                  NaN
    3.4020772300E+01,    5.6431777884E-01,   -2.4664498337E+00,    7.8540028076E-01,                  NaN
    3.4100495300E+01,   -2.6117182461E+00,    3.7230832393E+00,    7.8540028076E-01,                  NaN
    3.4180218300E+01,   -7.6606653096E+00,    9.5474524478E+00,    7.8540028076E-01,                  NaN
    3.4259941400E+01,   -8.5844292262E+00,    3.9513908822E+00,    7.8540028076E-01,                  NaN
    3.4339664400E+01,   -8.4600687630E+00,   -4.9842210187E+00,    7.8540028076E-01,                  NaN
    3.4419387400E+01,   -7.1419669454E+00,   -1.0328805487E+01,    7.8540028076E-01,                  NaN
    3.4499110500E+01,   -2.4925224092E+00,   -5.6654553607E+00,    7.8540028076E-01,                  NaN
    3.4578833500E+01,    8.8246414747E-01,    4.3034073888E-01,    7.8540028076E-01,                  NaN
    3.4658556600E+01,    4.9552442243E+00,    7.5409716083E+00,    7.8540028076E-01,                  NaN
    3.4738279600E+01,    8.1291108162E+00,    7.7609328209E+00,    7.8540028076E-01,                  NaN
    3.4818002600E+01,    9.0885172290E+00,    1.5488490689E-01,    7.8540028076E-01,                  NaN
    3.4897725700E+01,    7.8660562379E+00,   -7.8470761726E+00,    7.8540028076E-01,                  NaN
    3.4977448700E+01,    5.4398892814E+00,   -9.8301270897E+00,    7.8540028076E-01,                  NaN
    3.5057171700E+01,    7.6579345763E-01,   -2.7768372775E+00,    7.8540028076E-01,                  NaN
    3.5136894800E+01,   -2.5993398554E+00,    3.4908360938E+00,    7.8540028076E-01,                  NaN
    3.5216617800E+01,   -6.4073952034E+00,    8.5298037112E+00,    7.8540028076E-01,                  NaN
    3.5296340800E+01,   -8.6143811740E+00,    5.1074300353E+00,    7.8540028076E-01,                  NaN
    3.5376063900E+01,   -9.0286537933E+00,   -3.9621500123E+00,    7.8540028076E-01,                  NaN
    3.5455786900E+01,   -7.0032839352E+00,   -9.6197329562E+00,    7.8540028076E-01,                  NaN
    3.5535510000E+01,   -3.1533137695E+00,   -6.7088764140E+00,    7.8540028076E-01,                  NaN
    3.5615233000E+01,   -7.2975911589E-02,   -1.2821377498E+00,    7.8540028076E-01,                  NaN
    3.5694956000E+01,    5.0135159113E+00,    7.7302303824E+00,    7.8540028076E-01,                  NaN
    3.5774679100E+01,    7.7476351672E+00,    8.2054923272E+00,    7.8540028076E-01,                  NaN
    3.5854402100E+01,    8.4357548127E+00,    1.3255801300E+00,    7.8540028076E-01,                  NaN
    3.5934125100E+01,    8.6703685864E+00,   -7.4648882769E+00,    7.8540028076E-01,                  NaN
    3.6013848200E+01,    5.9560964635E+00,   -1.0118801769E+01,    7.8540028076E-01,                  NaN
    3.6093571200E+01,    8.2264954319E-01,   -2.9360345792E+00,    7.8540028076E-01,                  NaN
    3.6173294200E+01,   -1.7457549303E+00,    1.8438178908E+00,    7.8540028076E-01,                  NaN
    3.6253017300E+01,   -5.6717590085E+00,    7.9687538025E+00,    7.8540028076E-01,                  NaN
    3.6332740300E+01,   -9.1276087351E+00,    6.4646645845E+00,    7.8540028076E-01,                  NaN
    3.6412463400E+01,   -8.6229739221E+00,   -2.5882801757E+00,    7.8540028076E-01,                  NaN
    3.6492186400E+01,   -7.3961083408E+00,   -9.3188624208E+00,    7.8540028076E-01,                  NaN
    3.6571909400E+01,   -3.8643089262E+00,   -7.8046710045E+00,    7.8540028076E-01,                  NaN
    3.6651632500E+01,   -3.2672659906E-01,   -1.7077062145E+00,    7.8540028076E-01,                  NaN
    3.6731355500E+01,    4.4101926768E+00,    6.9020692357E+00,    7.8540028076E-01,                  NaN
    3.6811078500E+01,    7.1177104529E+00,    8.1935939964E+00,    7.8540028076E-01,                  NaN
    3.6890801600E+01,    8.6395356411E+00,    2.5390852411E+00,    7.8540028076E-01,                  NaN
    3.6970524600E+01,    8.7314790465E+00,   -6.3968467914E+00,    7.8540028076E-01,                  NaN
    3.7050247600E+01,    6.3219680832E+00,   -1.0118155814E+01,    7.8540028076E-01,                  NaN
    3.7129970700E+01,    1.7622640622E+00,   -4.5556247353E+00,    7.8540028076E-01,                  NaN
    3.7209693700E+01,   -1.4569965761E+00,    1.2669554548E+00,    7.8540028076E-01,                  NaN
    3.7289416800E+01,   -5.3298906207E+00,    7.7112462725E+00,    7.8540028076E-01,                  NaN
    3.7369139800E+01,   -8.6144406097E+00,    7.1695471639E+00,    7.8540028076E-01,                  NaN
    3.7448862800E+01,   -8.9453017659E+00,   -1.3715061274E+00,    7.8540028076E-01,                  NaN
    3.7528585900E+01,   -7.8506561423E+00,   -8.9916255430E+00,    7.8540028076E-01,                  NaN
    3.7608308900E+01,   -3.9538456199E+00,   -7.7495884006E+00,    7.8540028076E-01,                  NaN
    3.7688031900E+01,   -1.1257314311E+00,   -3.1465307504E+00,    7.8540028076E-01,                  NaN
    3.7767755000E+01,    3.5107944870E+00,    5.3327246732E+00,    7.8540028076E-01,                  NaN
    3.7847478000E+01,    7.4303789394E+00,    9.1411162668E+00,    7.8540028076E-01,                  NaN
    3.7927201100E+01,    8.3694693879E+00,    3.6021610312E+00,    7.8540028076E-01,                  NaN
    3.8006924100E+01,    8.4497951113E+00,   -5.1003146048E+00,    7.8540028076E-01,                  NaN
    3.8086647100E+01,    7.3184217596E+00,   -1.0744228336E+01,    7.8540028076E-01,                  NaN
    3.8166370200E+01,    2.2347674064E+00,   -5.3604379342E+00,    7.8540028076E-01,                  NaN
    3.8246093200E+01,   -1.5523971027E+00,    1.3196888732E+00,    7.8540028076E-01,                  NaN
    3.8325816200E+01,   -4.2061212570E+00,    6.2044117132E+00,    7.8540028076E-01,                  NaN
    3.8405539300E+01,   -8.2966620104E+00,    7.8747189142E+00,    7.8540028076E-01,                  NaN
    3.8485262300E+01,   -9.3840875807E+00,   -9.2311261665E-02,    7.8540028076E-01,                  NaN
    3.8564985300E+01,   -7.8001712215E+00,   -8.1007592832E+00,    7.8540028076E-01,                  NaN
    3.8644708400E+01,   -4.5705441260E+00,   -8.4357486252E+00,    7.8540028076E-01,                  NaN
    3.8724431400E+01,   -1.7844155548E+00,   -4.3252740357E+00,    7.8540028076E-01,                  NaN
    3.8804154500E+01,    3.0653484194E+00,    4.5268660604E+00,    7.8540028076E-01,                  NaN
    3.8883877500E+01,    7.1067797516E+00,    9.3151417254E+00,    7.8540028076E-01,                  NaN
    3.8963600500E+01,    8.0201086571E+00,    4.5072550996E+00,    7.8540028076E-01,                  NaN
    3.9043323600E+01,    8.7078622847E+00,   -4.0113235213E+00,    7.8540028076E-01,                  NaN
    3.9123046600E+01,    7.6229196974E+00,   -1.0404103889E+01,    7.8540028076E-01,                  NaN
    3.9202769600E+01,    2.8712182723E+00,   -6.4631342748E+00,    7.8540028076E-01,                  NaN
    3.9282492700E+01,   -1.0660304978E+00,    4.0165960302E-01,    7.8540028076E-01,                  NaN
    3.9362215700E+01,   -3.6628405014E+00,    5.4449828404E+00,    7.8540028076E-01,                  NaN
    3.9441938700E+01,   -8.0732942293E+00,    8.4823128290E+00,    7.8540028076E-01,                  NaN
    3.9521661800E+01,   -9.2723733914E+00,    1.2133244633E+00,    7.8540028076E-01,                  NaN
    3.9601384800E+01,   -8.2438580216E+00,   -7.4806117589E+00,    7.8540028076E-01,                  NaN
    3.9681107900E+01,   -4.8870890050E+00,   -8.6091273295E+00,    7.8540028076E-01,                  NaN
    3.9760830900E+01,   -2.0104937971E+00,   -4.6542388005E+00,    7.8540028076E-01,                  NaN
    3.9840553900E+01,    1.9947693040E+00,    2.6426374564E+00,    7.8540028076E-01,                  NaN
    3.9920277000E+01,    6.8561556384E+00,    9.3831185672E+00,    7.8540028076E-01,                  NaN
    4.0000000000E+01,    8.1032528543E+00,    5.5678657896E+00,    7.8540028076E-01,                  NaN
                 NaN,   -1.2956480078E+00,   -1.8091557598E+00,    7.8540028076E-01,                  NaN
