"Time, Y-Force, Work integrand, Mass, Mass error"
0 -5.50105543193025e-10 6.86535802256617e-12 0.785397673886889 NaN
0.001 -1.64364061572694e-05 -4.05434740262195e-11 0.785397673886889 NaN
0.002 -6.07000986906849e-05 -6.08903703261139e-10 0.785397673886889 NaN
0.003 -0.000131821712274818 -3.08631815944787e-09 0.785397673886888 NaN
0.004 -0.000229501513791821 -9.31392440078083e-09 0.785397673886888 NaN
0.005 -0.000353590829805419 -2.16464435535524e-08 0.785397673886888 NaN
0.006 -0.000504012204843339 -4.22172136588065e-08 0.785397673886889 NaN
0.007 -0.000680728229969493 -7.65530236730158e-08 0.785397673886889 NaN
0.008 -0.000883724997362752 -1.27482745089675e-07 0.785397673886889 NaN
0.009 -0.00111300651183011 -1.99464366672308e-07 0.78539767388689 NaN
0.01 -0.00136858770148224 -2.98976999869138e-07 0.78539767388689 NaN
0.011 -0.00165049328630485 -4.299071963667e-07 0.785397673886888 NaN
0.012 -0.00195875459813294 -6.00571616296932e-07 0.785397673886889 NaN
0.013 -0.00229340619076505 -8.1662183556977e-07 0.785397673886889 NaN
0.014 -0.00265448954123506 -1.08584501274482e-06 0.785397673886889 NaN
0.015 -0.00304204709639472 -1.41681929295006e-06 0.785397673886888 NaN
0.016 -0.00345612476262443 -1.81633452738813e-06 0.785397673886888 NaN
0.017 -0.00389677050332177 -2.29541844603971e-06 0.78539767388689 NaN
0.018 -0.00436403380214435 -2.86251062055705e-06 0.785397673886889 NaN
0.019 -0.0048579653253909 -3.52803255625231e-06 0.785397673886889 NaN
0.02 -0.00537861622604338 -4.30224567215998e-06 0.785397673886888 NaN
0.021 -0.00592603948321023 -5.19550802232639e-06 0.785397673886889 NaN
0.022 -0.00650028876185984 -6.2214168772862e-06 0.785397673886889 NaN
0.023 -0.0071014166106332 -7.39129424844192e-06 0.785397673886889 NaN
0.024 -0.0077294768172592 -8.71715670261655e-06 0.785397673886889 NaN
0.025 -0.0083845236389243 -1.02127701354856e-05 0.785397673886889 NaN
0.026 -0.00906661058201341 -1.18916571593238e-05 0.785397673886889 NaN
0.027 -0.00977579102065539 -1.37691230803514e-05 0.785397673886889 NaN
0.028 -0.0105121185031235 -1.58595710016361e-05 0.785397673886888 NaN
0.029 -0.0112756461985976 -1.81772292863012e-05 0.785397673886889 NaN
0.03 -0.0120664271111885 -2.07385523398402e-05 0.785397673886889 NaN
0.031 -0.012884512916638 -2.35601801395711e-05 0.785397673886889 NaN
0.032 -0.0137299555216778 -2.66582816643993e-05 0.78539767388689 NaN
0.033 -0.0146028063576651 -3.00517049522503e-05 0.785397673886889 NaN
0.034 -0.0155031145026059 -3.37576824390716e-05 0.785397673886888 NaN
0.035 -0.0164309308617671 -3.77938449700174e-05 0.785397673886889 NaN
0.036 -0.0173863034620847 -4.21789239643479e-05 0.785397673886889 NaN
0.037 -0.0183692806719168 -4.69333697837435e-05 0.785397673886889 NaN
0.038 -0.0193799095468143 -5.20767943436942e-05 0.785397673886889 NaN
0.039 -0.020418236192781 -5.76308154731403e-05 0.785397673886889 NaN
0.04 -0.0214843052170414 -6.36151528484167e-05 0.785397673886888 NaN
0.041 -0.0225781608436058 -7.00504402042109e-05 0.785397673886888 NaN
0.042 -0.0236998457577928 -7.69601279396361e-05 0.785397673886889 NaN
0.043 -0.0248494019013363 -8.43662896668451e-05 0.78539767388689 NaN
0.044 -0.0260268698001068 -9.22917858619836e-05 0.785397673886889 NaN
0.045 -0.0272322886538914 -0.000100759825871035 0.785397673886889 NaN
0.046 -0.0284656960933779 -0.000109793518090494 0.78539767388689 NaN
0.047 -0.0297271287237203 -0.000119419023938461 0.785397673886889 NaN
0.048 -0.0310166220473839 -0.00012966211469686 0.785397673886889 NaN
0.049 -0.0323342093550121 -0.000140544496069957 0.785397673886889 NaN
0.05 -0.0336799235178883 -0.000152096325768736 0.785397673886888 NaN
0.051 -0.0350537946598278 -0.000164340985198687 0.785397673886889 NaN
0.052 -0.0364558516515552 -0.000177306689165647 0.785397673886887 NaN
0.053 -0.0378861222073856 -0.000191019689421473 0.785397673886888 NaN
0.054 -0.0393446327935159 -0.00020551011831838 0.785397673886888 NaN
0.055 -0.0408314071508827 -0.000220802838735733 0.785397673886888 NaN
0.056 -0.0423464666850314 -0.000236929674818124 0.785397673886889 NaN
0.057 -0.0438898329902911 -0.000253917622226034 0.785397673886889 NaN
0.058 -0.0454615248324997 -0.00027179825232811 0.785397673886888 NaN
0.059 -0.0470615580733282 -0.000290600068436019 0.785397673886889 NaN
0.06 -0.0486899473305009 -0.000310352817750335 0.785397673886888 NaN
0.061 -0.0503467045827834 -0.000331091940997347 0.785397673886888 NaN
0.062 -0.0520318419153764 -0.000352843251906925 0.785397673886889 NaN
0.063 -0.0537453698757395 -0.000375643539300687 0.785397673886888 NaN
0.064 -0.0554872941564056 -0.000399521778337984 0.78539767388689 NaN
0.065 -0.0572576167849839 -0.000424512645731053 0.785397673886888 NaN
0.066 -0.0590563390915453 -0.000450648161636875 0.785397673886889 NaN
0.067 -0.0608834609977213 -0.000477962264903498 0.785397673886889 NaN
0.068 -0.0627389812962266 -0.000506488603760014 0.785397673886888 NaN
0.069 -0.0646228957861922 -0.000536261066398766 0.78539767388689 NaN
0.07 -0.0665351968750037 -0.000567317269752875 0.785397673886888 NaN
0.071 -0.0684758729345341 -0.000599689403615293 0.785397673886889 NaN
0.072 -0.0704449109583878 -0.000633414970708054 0.785397673886889 NaN
0.073 -0.072442295054481 -0.000668528194077095 0.785397673886888 NaN
0.074 -0.0744680082516794 -0.00070506760226195 0.785397673886888 NaN
0.075 -0.0765220305914493 -0.000743068574957514 0.785397673886889 NaN
0.076 -0.0786043383604036 -0.000782567720211652 0.785397673886888 NaN
0.077 -0.0807149048969926 -0.000823604064147203 0.785397673886888 NaN
0.078 -0.0828536996342102 -0.000866214156757977 0.785397673886889 NaN
0.079 -0.0850206899326782 -0.000910435640671769 0.785397673886889 NaN
0.08 -0.0872158403021761 -0.000956310836005914 0.785397673886888 NaN
0.081 -0.0894391123688742 -0.00100387287991516 0.785397673886889 NaN
0.082 -0.0916904660914402 -0.00105316404971167 0.785397673886888 NaN
0.083 -0.0939698548147446 -0.00110422438306174 0.785397673886888 NaN
0.084 -0.0962772309877964 -0.0011570922216758 0.785397673886888 NaN
0.085 -0.0986125409941601 -0.00121180843362593 0.785397673886889 NaN
0.086 -0.100975729619845 -0.00126841254011109 0.785397673886888 NaN
0.087 -0.103366738354181 -0.00132694621605266 0.785397673886888 NaN
0.088 -0.105785505009959 -0.00138744868990776 0.785397673886889 NaN
0.089 -0.108231964151596 -0.00144996265496949 0.785397673886889 NaN
0.09 -0.110706045080877 -0.00151453064015803 0.785397673886889 NaN
0.091 -0.113207674216603 -0.00158119121169884 0.785397673886889 NaN
0.092 -0.115736772656032 -0.00164998660841173 0.785397673886889 NaN
0.093 -0.118293257814326 -0.00172096140964347 0.785397673886889 NaN
0.094 -0.120877044681283 -0.00179415632893942 0.785397673886888 NaN
0.095 -0.123488043080254 -0.00186961453930773 0.785397673886888 NaN
0.096 -0.126126158769349 -0.00194737665555415 0.785397673886889 NaN
0.097 -0.128791293864976 -0.00202748750729126 0.785397673886888 NaN
0.098 -0.131483344398066 -0.00210998965673326 0.785397673886889 NaN
0.099 -0.134202201063261 -0.00219492629402008 0.785397673886889 NaN
0.1 -0.13694775208274 -0.00228233891283747 0.785397673886889 NaN
0.101 -0.139719879327441 -0.00237227370852135 0.785397673886888 NaN
0.102 -0.142518461495291 -0.00246477181695572 0.785397673886889 NaN
0.103 -0.145343371517142 -0.0025598794522637 0.785397673886888 NaN
0.104 -0.148194477821167 -0.0026576377448449 0.785397673886889 NaN
0.105 -0.151071642565302 -0.00275809093971532 0.78539767388689 NaN
0.106 -0.153974722268217 -0.00286128429550778 0.785397673886889 NaN
0.107 -0.15690356896903 -0.00296725899511855 0.78539767388689 NaN
0.108 -0.159858027169596 -0.00307606031595131 0.785397673886889 NaN
0.109 -0.162837939691195 -0.003187732846944 0.785397673886888 NaN
0.11 -0.165843140391297 -0.00330231841042349 0.785397673886889 NaN
0.111 -0.168873459132482 -0.00341986307251118 0.785397673886889 NaN
0.112 -0.171928718938103 -0.00354040743895508 0.785397673886888 NaN
0.113 -0.175008736156583 -0.00366399804124977 0.78539767388689 NaN
0.114 -0.178113321249313 -0.00379067772721883 0.785397673886887 NaN
0.115 -0.181242276791299 -0.00392048776961882 0.78539767388689 NaN
0.116 -0.184395400265445 -0.00405347438962803 0.785397673886889 NaN
0.117 -0.18757248259371 -0.00418967949574146 0.785397673886888 NaN
0.118 -0.190773307190539 -0.00432914481993809 0.785397673886889 NaN
0.119 -0.193997651484522 -0.00447191447979089 0.785397673886888 NaN
0.12 -0.19724528436623 -0.0046180313019531 0.785397673886889 NaN
0.121 -0.200515968181132 -0.0047675364022513 0.785397673886889 NaN
0.122 -0.203809455304985 -0.00492047366984473 0.785397673886888 NaN
0.123 -0.207125492199697 -0.00507688185514957 0.785397673886889 NaN
0.124 -0.210463817189389 -0.00523680623574037 0.78539767388689 NaN
0.125 -0.213824159286904 -0.00540028335840838 0.785397673886889 NaN
0.126 -0.217206241583342 -0.00556735823568192 0.785397673886889 NaN
0.127 -0.220609777709102 -0.00573806878952282 0.785397673886888 NaN
0.128 -0.224034471640471 -0.00591245578246982 0.785397673886889 NaN
0.129 -0.227480018496647 -0.00609055816559616 0.785397673886888 NaN
0.13 -0.230946103698452 -0.00627241532340438 0.785397673886888 NaN
0.131 -0.234432402373449 -0.00645806543498034 0.785397673886888 NaN
0.132 -0.237938580471477 -0.00664754796015329 0.785397673886889 NaN
0.133 -0.241464294258662 -0.00684089848298098 0.785397673886888 NaN
0.134 -0.245009190188809 -0.00703815336677419 0.785397673886889 NaN
0.135 -0.248572903679782 -0.00723935045287454 0.785397673886889 NaN
0.136 -0.252155058339903 -0.00744452497355644 0.785397673886889 NaN
0.137 -0.255755267306978 -0.00765371163931753 0.785397673886889 NaN
0.138 -0.259373131490839 -0.00786694258142115 0.785397673886889 NaN
0.139 -0.263008238714117 -0.00808425387134929 0.785397673886889 NaN
0.14 -0.266660165154129 -0.00830567696503506 0.785397673886889 NaN
0.141 -0.270328474067889 -0.00853124077539563 0.785397673886888 NaN
0.142 -0.274012715655129 -0.00876098010023891 0.785397673886891 NaN
0.143 -0.277712427014977 -0.00899492297359704 0.785397673886888 NaN
0.144 -0.281427131215086 -0.00923309603475484 0.785397673886888 NaN
0.145 -0.285156336365435 -0.0094755298799617 0.785397673886888 NaN
0.146 -0.288899535118439 -0.00972224907075433 0.785397673886888 NaN
0.147 -0.292656203913528 -0.00997327815685049 0.785397673886888 NaN
0.148 -0.296425803019395 -0.0102286449898205 0.785397673886889 NaN
0.149 -0.300207775854703 -0.010488368778605 0.785397673886889 NaN
0.15 -0.304001547228385 -0.0107524714507802 0.785397673886887 NaN
0.151 -0.307806524880708 -0.0110209722731491 0.78539767388689 NaN
0.152 -0.311622099066697 -0.0112938917919815 0.785397673886889 NaN
0.153 -0.315447637782477 -0.0115712451430137 0.785397673886888 NaN
0.154 -0.319282489210138 -0.0118530503785038 0.785397673886889 NaN
0.155 -0.323125980171442 -0.0121393182777487 0.785397673886888 NaN
0.156 -0.326977413296856 -0.0124300610927528 0.785397673886889 NaN
0.157 -0.330836067873534 -0.012725290765212 0.785397673886889 NaN
0.158 -0.334701199281852 -0.0130250121438375 0.785397673886888 NaN
0.159 -0.338572033488593 -0.0133292313451676 0.78539767388689 NaN
0.16 -0.342447770699001 -0.0136379539639125 0.785397673886888 NaN
0.161 -0.346327580908125 -0.0139511801648403 0.785397673886888 NaN
0.162 -0.35021060445697 -0.0142689071647983 0.785397673886889 NaN
0.163 -0.354095948954972 -0.0145911333512284 0.785397673886888 NaN
0.164 -0.357982688608641 -0.0149178507791061 0.785397673886889 NaN
0.165 -0.361869858015051 -0.0152490495555978 0.785397673886889 NaN
0.166 -0.365756449870954 -0.0155847191877044 0.785397673886888 NaN
0.167 -0.369641411835127 -0.015924839718183 0.785397673886889 NaN
0.168 -0.373523642090008 -0.0162693950659105 0.785397673886888 NaN
0.169 -0.377401991783222 -0.0166183587274621 0.785397673886888 NaN
0.17 -0.38127526006744 -0.0169717046503033 0.785397673886888 NaN
0.171 -0.385142192210875 -0.0173294008966646 0.785397673886889 NaN
0.172 -0.389001465206738 -0.0176914092566883 0.785397673886888 NaN
0.173 -0.392851678395469 -0.0180576893784268 0.785397673886888 NaN
0.174 -0.396691336236318 -0.0184281931781781 0.785397673886889 NaN
0.175 -0.400518834443376 -0.0188028636841894 0.785397673886889 NaN
0.176 -0.404332453791869 -0.0191816384629093 0.785397673886889 NaN
0.177 -0.408130351867211 -0.0195644468718714 0.785397673886889 NaN
0.178 -0.411910546237428 -0.0199512085280754 0.785397673886889 NaN
0.179 -0.415670883766543 -0.0203418318615759 0.785397673886889 NaN
0.18 -0.419408981464614 -0.0207362139060003 0.785397673886889 NaN
0.181 -0.42312214451816 -0.0211342300909083 0.785397673886888 NaN
0.182 -0.426807285993259 -0.0215357378438433 0.78539767388689 NaN
0.183 -0.430460875886294 -0.0219405677182327 0.785397673886888 NaN
0.184 -0.434078962563799 -0.0223485266180612 0.785397673886887 NaN
0.185 -0.437657293121932 -0.0227594014517809 0.785397673886889 NaN
0.186 -0.441191547471368 -0.0231729692917399 0.785397673886888 NaN
0.187 -0.444677646750843 -0.0235890083898152 0.785397673886888 NaN
0.188 -0.448112096270448 -0.0240073198919537 0.785397673886887 NaN
0.189 -0.451492284856245 -0.0244277352867329 0.785397673886888 NaN
0.19 -0.454816682673138 -0.024850134600776 0.785397673886888 NaN
0.191 -0.458084895821331 -0.0252744468627492 0.785397673886889 NaN
0.192 -0.461297572328954 -0.0257006466907819 0.785397673886888 NaN
0.193 -0.46445619066233 -0.0261287497998196 0.785397673886889 NaN
0.194 -0.467562780378102 -0.0265587998114966 0.785397673886889 NaN
0.195 -0.470619633121771 -0.0269908546852881 0.78539767388689 NaN
0.196 -0.473629054649381 -0.0274249776956499 0.785397673886889 NaN
0.197 -0.476593181080718 -0.027861223839912 0.785397673886889 NaN
0.198 -0.479513880335367 -0.0282996412573585 0.785397673886889 NaN
0.199 -0.482392715951083 -0.0287402632398213 0.785397673886889 NaN
0.2 -0.485230963234586 -0.0291831108541574 0.785397673886887 NaN
0.201 -0.488029652562507 -0.0296281969617295 0.785397673886889 NaN
0.202 -0.49078961996993 -0.0300755242720038 0.785397673886888 NaN
0.203 -0.493511554287345 -0.0305250872477212 0.785397673886889 NaN
0.204 -0.496196034434 -0.0309768784247159 0.785397673886889 NaN
0.205 -0.498843554815991 -0.0314308855863604 0.785397673886889 NaN
0.206 -0.501454544250431 -0.0318870912959716 0.785397673886888 NaN
0.207 -0.504029373377926 -0.0323454802159789 0.785397673886889 NaN
0.208 -0.506568364909315 -0.0328060283461761 0.785397673886889 NaN
0.209 -0.509071798610733 -0.0332687150534987 0.785397673886889 NaN
0.21 -0.511539914433384 -0.0337335145744827 0.785397673886888 NaN
0.211 -0.513972920323871 -0.0342004000930176 0.785397673886888 NaN
0.212 -0.516370994645083 -0.034669342507667 0.785397673886889 NaN
0.213 -0.518734291299335 -0.0351403117676117 0.785397673886889 NaN
0.214 -0.521062942184149 -0.0356132781642345 0.785397673886888 NaN
0.215 -0.523357061190235 -0.0360882069258205 0.785397673886888 NaN
0.216 -0.52561674525368 -0.036565066086792 0.785397673886889 NaN
0.217 -0.527842075647106 -0.0370438185499875 0.785397673886889 NaN
0.218 -0.530033122883707 -0.0375244303379932 0.785397673886888 NaN
0.219 -0.532189943709622 -0.0380068627914824 0.785397673886887 NaN
0.22 -0.534312585760352 -0.0384910801792196 0.785397673886889 NaN
0.221 -0.536401085810137 -0.0389770411399314 0.785397673886889 NaN
0.222 -0.538455474767039 -0.039464708091695 0.785397673886889 NaN
0.223 -0.540475774427077 -0.0399540385092524 0.785397673886889 NaN
0.224 -0.54246200081019 -0.0404449927328616 0.785397673886888 NaN
0.225 -0.544414164623888 -0.0409375285546036 0.785397673886889 NaN
0.226 -0.546332272114951 -0.0414316028141295 0.785397673886889 NaN
0.227 -0.548216325274714 -0.0419271717240757 0.785397673886889 NaN
0.228 -0.550066321427081 -0.0424241932145601 0.785397673886888 NaN
0.229 -0.551882256820356 -0.0429226210314053 0.785397673886888 NaN
0.23 -0.553664124147939 -0.0434224091892647 0.785397673886888 NaN
0.231 -0.555411914130179 -0.0439235131049397 0.785397673886888 NaN
0.232 -0.557125616937066 -0.0444258875067546 0.785397673886889 NaN
0.233 -0.55880522110747 -0.0449294828932784 0.78539767388689 NaN
0.234 -0.560450715156519 -0.0454342539603563 0.785397673886889 NaN
0.235 -0.562062086674532 -0.0459401517092407 0.785397673886888 NaN
0.236 -0.563639324640031 -0.0464471292685034 0.785397673886889 NaN
0.237 -0.565182417321219 -0.046955135313959 0.785397673886888 NaN
0.238 -0.566691355122378 -0.0474641253190208 0.78539767388689 NaN
0.239 -0.568166128275833 -0.0479740444121339 0.785397673886888 NaN
0.24 -0.569606729711162 -0.0484848465352103 0.785397673886889 NaN
0.241 -0.571013154182363 -0.0489964802996947 0.78539767388689 NaN
0.242 -0.572385398134556 -0.0495088951616332 0.785397673886888 NaN
0.243 -0.573723460359118 -0.0500220422538145 0.785397673886889 NaN
0.244 -0.575027342936003 -0.0505358687720803 0.785397673886889 NaN
0.245 -0.576297050553568 -0.0510503241369884 0.785397673886889 NaN
0.246 -0.577532589874615 -0.0515653563946453 0.785397673886888 NaN
0.247 -0.578733973508588 -0.0520809149339162 0.785397673886889 NaN
0.248 -0.579901215423993 -0.0525969478844528 0.78539767388689 NaN
0.249 -0.581034334702752 -0.0531134044469499 0.785397673886889 NaN
0.25 -0.582133354517968 -0.0536302315534624 0.785397673886888 NaN
0.251 -0.583198301596343 -0.0541473780294505 0.785397673886889 NaN
0.252 -0.584229207606246 -0.054664791055021 0.785397673886889 NaN
0.253 -0.585226109216539 -0.0551824196056519 0.785397673886888 NaN
0.254 -0.586189047706467 -0.055700211098339 0.785397673886888 NaN
0.255 -0.587118069989557 -0.056218113550275 0.785397673886888 NaN
0.256 -0.588013227650282 -0.0567360768968564 0.785397673886888 NaN
0.257 -0.588874578701 -0.0572540483339815 0.785397673886888 NaN
0.258 -0.589702186255776 -0.0577719755616775 0.785397673886889 NaN
0.259 -0.59049611889112 -0.0582898104793267 0.785397673886888 NaN
0.26 -0.591256452819443 -0.0588074966852414 0.785397673886888 NaN
0.261 -0.591983269409294 -0.0593249887175729 0.785397673886888 NaN
0.262 -0.592676657107481 -0.0598422330869593 0.785397673886888 NaN
0.263 -0.593336710701233 -0.0603591797459424 0.785397673886889 NaN
0.264 -0.593963532115614 -0.0608757789852303 0.785397673886889 NaN
0.265 -0.594557229802553 -0.061391983426307 0.785397673886889 NaN
0.266 -0.595117920920063 -0.0619077410450114 0.785397673886888 NaN
0.267 -0.595645728169609 -0.0624230035420007 0.785397673886889 NaN
0.268 -0.596140783159625 -0.062937723981368 0.785397673886888 NaN
0.269 -0.59660322428825 -0.0634518550287538 0.785397673886889 NaN
0.27 -0.597033199123628 -0.0639653497704257 0.785397673886888 NaN
0.271 -0.597430862270127 -0.0644781604683557 0.785397673886888 NaN
0.272 -0.597796377591658 -0.0649902412761444 0.785397673886888 NaN
0.273 -0.598129916300258 -0.065501550307538 0.785397673886891 NaN
0.274 -0.598431659462674 -0.0660120393552463 0.785397673886889 NaN
0.275 -0.598701795981253 -0.0665216680375425 0.785397673886888 NaN
0.276 -0.598940525418727 -0.0670303923030793 0.785397673886889 NaN
0.277 -0.5991480538435 -0.0675381704405777 0.785397673886889 NaN
0.278 -0.599324599252649 -0.068044961791601 0.785397673886889 NaN
0.279 -0.59947038816031 -0.0685507289438447 0.785397673886889 NaN
0.28 -0.599585656785453 -0.0690554301196323 0.785397673886889 NaN
0.281 -0.599670651439031 -0.0695590285921313 0.785397673886888 NaN
0.282 -0.599725628212789 -0.0700614873096757 0.785397673886889 NaN
0.283 -0.599750852912823 -0.0705627728749126 0.785397673886888 NaN
0.284 -0.599746603629874 -0.0710628497331135 0.785397673886889 NaN
0.285 -0.599713167010791 -0.0715616851910614 0.785397673886888 NaN
0.286 -0.599650841858388 -0.0720592496509213 0.785397673886888 NaN
0.287 -0.599559936898283 -0.0725555105895184 0.785397673886888 NaN
0.288 -0.599440772842626 -0.0730504411494046 0.785397673886888 NaN
0.289 -0.599293681065109 -0.0735440142033593 0.785397673886888 NaN
0.29 -0.599119005299955 -0.0740362044730203 0.785397673886889 NaN
0.291 -0.598917100428377 -0.0745269887958089 0.785397673886889 NaN
0.292 -0.598688332260138 -0.0750163446183054 0.785397673886889 NaN
0.293 -0.59843308047963 -0.0755042523429611 0.785397673886888 NaN
0.294 -0.59815173506655 -0.075990692887357 0.785397673886888 NaN
0.295 -0.597844699874546 -0.0764756518156166 0.78539767388689 NaN
0.296 -0.597512390207391 -0.0769591121349276 0.785397673886889 NaN
0.297 -0.597155235087107 -0.077441063335231 0.785397673886889 NaN
0.298 -0.596773675745794 -0.0779214969392242 0.78539767388689 NaN
0.299 -0.59636816611621 -0.0784004027251508 0.785397673886888 NaN
0.3 -0.595939174621283 -0.0788777754821716 0.785397673886889 NaN
0.301 -0.59548718243009 -0.0793536123069165 0.785397673886889 NaN
0.302 -0.595012684016134 -0.0798279131871902 0.785397673886889 NaN
0.303 -0.594516187994483 -0.0803006792782233 0.785397673886888 NaN
0.304 -0.59399821758147 -0.0807719157831083 0.785397673886889 NaN
0.305 -0.593459308883888 -0.0812416297023534 0.785397673886889 NaN
0.306 -0.592900014265849 -0.0817098310792968 0.785397673886889 NaN
0.307 -0.592320898166559 -0.0821765319151407 0.785397673886889 NaN
0.308 -0.591722541820378 -0.0826417499281897 0.785397673886888 NaN
0.309 -0.591105540219312 -0.0831055012840943 0.785397673886889 NaN
0.31 -0.590470504051891 -0.0835678096586408 0.785397673886889 NaN
0.311 -0.589818059187304 -0.0840287013240287 0.785397673886888 NaN
0.312 -0.5891488464993 -0.0844882033498356 0.785397673886889 NaN
0.313 -0.588463522505522 -0.0849463490134624 0.785397673886887 NaN
0.314 -0.587762760691074 -0.0854031734486985 0.785397673886889 NaN
0.315 -0.587047249306039 -0.0858587146770899 0.785397673886889 NaN
0.316 -0.586317693154546 -0.0863130184687052 0.785397673886889 NaN
0.317 -0.585574813096845 -0.0867661286444122 0.785397673886889 NaN
0.318 -0.584819348178383 -0.0872180985552543 0.785397673886889 NaN
0.319 -0.584052052272572 -0.0876689810419249 0.785397673886889 NaN
0.32 -0.583273696752642 -0.0881188376277812 0.785397673886889 NaN
0.321 -0.582485070518224 -0.0885677305314166 0.785397673886888 NaN
0.322 -0.581686980130332 -0.0890157260755801 0.785397673886889 NaN
0.323 -0.58088024845411 -0.0894628993260442 0.785397673886889 NaN
0.324 -0.580065716734623 -0.0899093252444337 0.785397673886888 NaN
0.325 -0.579244245016053 -0.0903550858595471 0.785397673886888 NaN
0.326 -0.578416709887555 -0.0908002679406391 0.785397673886889 NaN
0.327 -0.577584007296677 -0.091244964150375 0.785397673886889 NaN
0.328 -0.576747050533755 -0.0916892700634024 0.785397673886889 NaN
0.329 -0.575906772425461 -0.092133288850867 0.785397673886889 NaN
0.33 -0.575064124680273 -0.092577126729655 0.785397673886888 NaN
0.331 -0.574220077158846 -0.0930208986562256 0.785397673886889 NaN
0.332 -0.573375620246135 -0.0934647225860553 0.785397673886888 NaN
0.333 -0.572531762466175 -0.0939087223988152 0.785397673886889 NaN
0.334 -0.571689532404746 -0.0943530291511347 0.78539767388689 NaN
0.335 -0.570849979294241 -0.0947977795146971 0.785397673886888 NaN
0.336 -0.570014170970632 -0.0952431166038191 0.785397673886889 NaN
0.337 -0.569183195995142 -0.0956891911213871 0.785397673886889 NaN
0.338 -0.568358163358447 -0.0961361575437353 0.785397673886889 NaN
0.339 -0.567540202791084 -0.0965841781281542 0.785397673886889 NaN
0.34 -0.566730464169999 -0.0970334244174946 0.785397673886889 NaN
0.341 -0.565930118432183 -0.0974840709910408 0.785397673886889 NaN
0.342 -0.565140358340768 -0.0979363042088922 0.785397673886889 NaN
0.343 -0.564362397282056 -0.0983903134535992 0.785397673886888 NaN
0.344 -0.563597470328028 -0.0988462985935154 0.785397673886888 NaN
0.345 -0.562846834238542 -0.0993044661232807 0.78539767388689 NaN
0.346 -0.562111767491185 -0.0997650298012962 0.785397673886888 NaN
0.347 -0.561393570069901 -0.100228213246169 0.785397673886888 NaN
0.348 -0.560693565716251 -0.100694245425209 0.785397673886889 NaN
0.349 -0.560013098855415 -0.101163369372932 0.785397673886889 NaN
0.35 -0.559353538136586 -0.101635830315335 0.78539767388689 NaN
0.351 -0.558716274265632 -0.102111885561825 0.785397673886888 NaN
0.352 -0.55810272131775 -0.102591799449773 0.785397673886889 NaN
0.353 -0.557514315472011 -0.103075849761697 0.785397673886889 NaN
0.354 -0.556952517423606 -0.103564319849426 0.785397673886889 NaN
0.355 -0.556418810286137 -0.104057504073137 0.785397673886889 NaN
0.356 -0.555914703084048 -0.104555705653785 0.785397673886889 NaN
0.357 -0.555441727014738 -0.105059238127242 0.785397673886888 NaN
0.358 -0.555001439426534 -0.105568428073878 0.785397673886889 NaN
0.359 -0.55459541967753 -0.106083608565809 0.785397673886888 NaN
0.36 -0.554225269386956 -0.106605124169977 0.785397673886889 NaN
0.361 -0.553892610823254 -0.107133331510722 0.785397673886888 NaN
0.362 -0.553599082015281 -0.107668594981903 0.785397673886889 NaN
0.363 -0.553346330677757 -0.108211287119912 0.78539767388689 NaN
0.364 -0.553136007641935 -0.108761790131138 0.785397673886889 NaN
0.365 -0.552969748039794 -0.109320488922178 0.78539767388689 NaN
0.366 -0.552849150651537 -0.109887772527969 0.785397673886889 NaN
0.367 -0.552775737054257 -0.110464022196924 0.785397673886889 NaN
0.368 -0.552750906170512 -0.111049604461884 0.785397673886888 NaN
0.369 -0.55277586311526 -0.111644861688801 0.785397673886888 NaN
0.37 -0.552851546297049 -0.112250095630835 0.785397673886889 NaN
0.371 -0.552978541960344 -0.112865548867767 0.785397673886889 NaN
0.372 -0.55315700291423 -0.113491394445925 0.785397673886889 NaN
0.373 -0.553386584871134 -0.114127717512525 0.78539767388689 NaN
0.374 -0.553666404690717 -0.114774508709689 0.78539767388689 NaN
0.375 -0.553995036372122 -0.115431655198781 0.785397673886889 NaN
0.376 -0.554370550840079 -0.116098948657042 0.785397673886889 NaN
0.377 -0.554790591516671 -0.116776097826678 0.785397673886889 NaN
0.378 -0.555252491716871 -0.11746274120627 0.785397673886888 NaN
0.379 -0.555753410118634 -0.118158479525344 0.78539767388689 NaN
0.38 -0.556290477224891 -0.118862888658007 0.785397673886888 NaN
0.381 -0.556860936811041 -0.11957555804351 0.785397673886889 NaN
0.382 -0.557462263166592 -0.120296107418127 0.785397673886888 NaN
0.383 -0.558092247465746 -0.121024204295949 0.78539767388689 NaN
0.384 -0.558749051101785 -0.121759577937809 0.785397673886889 NaN
0.385 -0.559431218267594 -0.122502021808783 0.785397673886889 NaN
0.386 -0.560137662741059 -0.12325139525437 0.785397673886889 NaN
0.387 -0.560867627318118 -0.124007616050758 0.785397673886888 NaN
0.388 -0.561620633361759 -0.124770653242014 0.785397673886889 NaN
0.389 -0.562396422776251 -0.125540516795397 0.785397673886889 NaN
0.39 -0.563194902318593 -0.126317249960287 0.78539767388689 NaN
0.391 -0.564016095861681 -0.127100919599492 0.785397673886889 NaN
0.392 -0.564860105824413 -0.127891605581383 0.785397673886888 NaN
0.393 -0.565727081519305 -0.12868940050356 0.785397673886889 NaN
0.394 -0.566617199845394 -0.129494401679764 0.785397673886889 NaN
0.395 -0.567530652538209 -0.130306713503957 0.78539767388689 NaN
0.396 -0.568467634666079 -0.131126439248766 0.785397673886889 NaN
0.397 -0.569428342029337 -0.13195368368072 0.785397673886888 NaN
0.398 -0.570412967844821 -0.132788554139546 0.785397673886889 NaN
0.399 -0.571421699732328 -0.133631154444442 0.785397673886888 NaN
0.4 -0.572454720014583 -0.134481593366208 0.785397673886888 NaN
0.401 -0.573512203981852 -0.135339974046705 0.785397673886889 NaN
0.402 -0.574594320069155 -0.136206403864895 0.785397673886888 NaN
0.403 -0.575701228486377 -0.137080983764509 0.785397673886889 NaN
0.404 -0.57683308209269 -0.137963820922403 0.78539767388689 NaN
0.405 -0.5779900250897 -0.138855014832638 0.785397673886889 NaN
0.406 -0.579172193410251 -0.139754672096526 0.785397673886888 NaN
0.407 -0.580379714992524 -0.140662887961258 0.78539767388689 NaN
0.408 -0.581612709025123 -0.141579768356109 0.785397673886889 NaN
0.409 -0.582871285357035 -0.142505406661637 0.785397673886889 NaN
0.41 -0.584155546030919 -0.143439905210432 0.785397673886888 NaN
0.411 -0.585465584203962 -0.144383359552755 0.785397673886889 NaN
0.412 -0.586801483015102 -0.145335864777033 0.785397673886888 NaN
0.413 -0.588163317458611 -0.146297511787186 0.785397673886888 NaN
0.414 -0.589551152849099 -0.147268399840047 0.785397673886889 NaN
0.415 -0.590965045143532 -0.148248613874756 0.78539767388689 NaN
0.416 -0.592405040162423 -0.149238245612428 0.785397673886888 NaN
0.417 -0.593871175339252 -0.150237383759772 0.785397673886889 NaN
0.418 -0.595363476324019 -0.151246112018574 0.785397673886888 NaN
0.419 -0.59688196074658 -0.152264517192516 0.785397673886888 NaN
0.42 -0.598426634015648 -0.1532926801937 0.785397673886888 NaN
0.421 -0.599997492691393 -0.154330681161293 0.78539767388689 NaN
0.422 -0.601594522801391 -0.155378597669398 0.785397673886888 NaN
0.423 -0.603217699151904 -0.156436506804241 0.785397673886888 NaN
0.424 -0.604866985244439 -0.157504480852563 0.78539767388689 NaN
0.425 -0.606542335241497 -0.158582592185762 0.785397673886889 NaN
0.426 -0.608243691337118 -0.15967090894945 0.785397673886888 NaN
0.427 -0.609970984331639 -0.160769496699073 0.785397673886889 NaN
0.428 -0.611724133821575 -0.161878418971109 0.785397673886889 NaN
0.429 -0.613503048277019 -0.162997736208532 0.785397673886889 NaN
0.43 -0.615307624120753 -0.164127508977491 0.785397673886887 NaN
0.431 -0.617137746896632 -0.165267787921503 0.785397673886889 NaN
0.432 -0.61899328873993 -0.166418626557837 0.785397673886889 NaN
0.433 -0.62087411100691 -0.167580074321808 0.785397673886889 NaN
0.434 -0.622780062205941 -0.168752175413973 0.785397673886889 NaN
0.435 -0.624710978846269 -0.169934971568847 0.785397673886889 NaN
0.436 -0.626666685399426 -0.171128502424263 0.785397673886889 NaN
0.437 -0.6286469921029 -0.172332802860339 0.785397673886888 NaN
0.438 -0.630651699068115 -0.173547903534996 0.785397673886889 NaN
0.439 -0.632680591432692 -0.174773830297743 0.785397673886889 NaN
0.44 -0.63473344221065 -0.176010608797064 0.785397673886889 NaN
0.441 -0.636810011488087 -0.177258257899651 0.785397673886889 NaN
0.442 -0.638910045311917 -0.178516795622331 0.785397673886888 NaN
0.443 -0.641033277476306 -0.179786229497652 0.785397673886888 NaN
0.444 -0.643179427753087 -0.181066567220339 0.785397673886888 NaN
0.445 -0.645348202384009 -0.182357812444182 0.785397673886889 NaN
0.446 -0.64753929388033 -0.183659964470881 0.785397673886889 NaN
0.447 -0.649752381173422 -0.184973014946989 0.785397673886889 NaN
0.448 -0.651987128973693 -0.186296951987828 0.785397673886888 NaN
0.449 -0.654243188621274 -0.187631762185612 0.785397673886889 NaN
0.45 -0.656520196816089 -0.18897742188277 0.785397673886888 NaN
0.451 -0.658817776732382 -0.190333908286221 0.785397673886889 NaN
0.452 -0.661135536157062 -0.191701186505387 0.785397673886889 NaN
0.453 -0.663473069745566 -0.193079223806934 0.785397673886888 NaN
0.454 -0.665829956872014 -0.194467976198668 0.785397673886888 NaN
0.455 -0.668205762807292 -0.19586739828849 0.785397673886889 NaN
0.456 -0.670600038352457 -0.197277435131325 0.785397673886889 NaN
0.457 -0.67301231905091 -0.198698031385583 0.785397673886888 NaN
0.458 -0.675442126383412 -0.200129122410017 0.785397673886889 NaN
0.459 -0.677888966927781 -0.201570636495709 0.785397673886888 NaN
0.46 -0.680352332050406 -0.203022499973847 0.785397673886889 NaN
0.461 -0.682831698489845 -0.204484631834924 0.78539767388689 NaN
0.462 -0.685326528421224 -0.205956943307851 0.785397673886889 NaN
0.463 -0.68783626820384 -0.207439339145843 0.785397673886889 NaN
0.464 -0.690360349993095 -0.20893172279587 0.785397673886889 NaN
0.465 -0.692898190858074 -0.210433983144317 0.785397673886888 NaN
0.466 -0.695449192543501 -0.211946011687433 0.785397673886888 NaN
0.467 -0.698012742068715 -0.213467687417769 0.785397673886889 NaN
0.468 -0.700588210996276 -0.214998883611263 0.785397673886889 NaN
0.469 -0.703174956559443 -0.216539468135058 0.785397673886888 NaN
0.47 -0.70577232063216 -0.218089301595048 0.78539767388689 NaN
0.471 -0.708379629507041 -0.219648238839704 0.785397673886889 NaN
0.472 -0.710996195667789 -0.221216125947504 0.785397673886888 NaN
0.473 -0.71362131605656 -0.222792801832566 0.785397673886888 NaN
0.474 -0.71625427271476 -0.224378102156198 0.785397673886889 NaN
0.475 -0.718894332845764 -0.225971851508233 0.785397673886889 NaN
0.476 -0.721540749559756 -0.227573868737356 0.785397673886889 NaN
0.477 -0.724192760604128 -0.229183965584436 0.785397673886889 NaN
0.478 -0.726849589228628 -0.230801945564912 0.785397673886889 NaN
0.479 -0.729510444990771 -0.232427609097185 0.785397673886888 NaN
0.48 -0.732174522449249 -0.234060746354063 0.785397673886889 NaN
0.481 -0.734841001885309 -0.235701136615445 0.785397673886889 NaN
0.482 -0.737509049760187 -0.237348559169902 0.785397673886888 NaN
0.483 -0.74017781856852 -0.239002780086097 0.785397673886888 NaN
0.484 -0.742846447563288 -0.240663559933685 0.785397673886888 NaN
0.485 -0.745514061168529 -0.242330655665273 0.785397673886889 NaN
0.486 -0.748179771694711 -0.244003810663906 0.785397673886888 NaN
0.487 -0.750842677462442 -0.245682764021021 0.785397673886888 NaN
0.488 -0.753501864277293 -0.247367249115555 0.785397673886889 NaN
0.489 -0.756156404946758 -0.249056989033433 0.785397673886888 NaN
0.49 -0.758805360294311 -0.250751700943742 0.785397673886888 NaN
0.491 -0.761447778144071 -0.252451094168265 0.785397673886889 NaN
0.492 -0.764082695001288 -0.254154874001112 0.785397673886888 NaN
0.493 -0.766709135825566 -0.2558627330277 0.785397673886889 NaN
0.494 -0.769326113973007 -0.257574362451866 0.785397673886888 NaN
0.495 -0.771932632072648 -0.259289441053634 0.785397673886889 NaN
0.496 -0.774527682596745 -0.26100764490921 0.785397673886888 NaN
0.497 -0.777110246715997 -0.262728640619998 0.785397673886888 NaN
0.498 -0.779679297079282 -0.264452090743371 0.785397673886889 NaN
0.499 -0.782233796125268 -0.266177648784811 0.785397673886888 NaN
0.5 -0.784772698648552 -0.267904962568316 0.785397673886889 NaN
0.501 -0.787294948908016 -0.269633673010973 0.785397673886888 NaN
0.502 -0.789799485385389 -0.271363415357693 0.785397673886888 NaN
0.503 -0.792285238323898 -0.273093819639308 0.785397673886889 NaN
0.504 -0.794751131523148 -0.274824508564741 0.785397673886888 NaN
0.505 -0.79719608196068 -0.27655509609977 0.785397673886888 NaN
0.506 -0.799619001716245 -0.278285199215007 0.785397673886889 NaN
0.507 -0.802018797344614 -0.280014420088759 0.785397673886889 NaN
0.508 -0.804394371956762 -0.281742362936226 0.785397673886889 NaN
0.509 -0.806744625362187 -0.283468621306123 0.785397673886889 NaN
0.51 -0.809068452857615 -0.285192788124412 0.785397673886889 NaN
0.511 -0.811364750242292 -0.286914448925817 0.785397673886889 NaN
0.512 -0.813632410572638 -0.288633188876708 0.785397673886889 NaN
0.513 -0.815870327688203 -0.290348586168428 0.785397673886888 NaN
0.514 -0.818077395571116 -0.292060216808816 0.785397673886889 NaN
0.515 -0.820252510256494 -0.293767652171984 0.785397673886888 NaN
0.516 -0.822394570587246 -0.29547046138606 0.785397673886889 NaN
0.517 -0.824502479618636 -0.297168215112597 0.785397673886889 NaN
0.518 -0.826575144389138 -0.298860474200598 0.785397673886889 NaN
0.519 -0.828611479081711 -0.300546806081648 0.785397673886888 NaN
0.52 -0.830610405798654 -0.302226770659242 0.785397673886889 NaN
0.521 -0.832570854286042 -0.303899930304702 0.785397673886889 NaN
0.522 -0.834491765238764 -0.305565847787762 0.785397673886889 NaN
0.523 -0.83637209162095 -0.307224084738807 0.785397673886889 NaN
0.524 -0.838210799203595 -0.308874203746558 0.785397673886889 NaN
0.525 -0.840006869141531 -0.310515768387072 0.785397673886889 NaN
0.526 -0.841759299636704 -0.312148350092375 0.785397673886889 NaN
0.527 -0.843467107512661 -0.31377151575699 0.785397673886888 NaN
0.528 -0.845129330488498 -0.315384840817893 0.785397673886889 NaN
0.529 -0.846745029643542 -0.316987903055979 0.785397673886889 NaN
0.53 -0.848313291385241 -0.318580284883001 0.785397673886888 NaN
0.531 -0.849833230155404 -0.320161580348771 0.785397673886889 NaN
0.532 -0.851303990712514 -0.321731382777191 0.785397673886888 NaN
0.533 -0.852724751809536 -0.323289303141986 0.785397673886889 NaN
0.534 -0.854094728393311 -0.324834953298177 0.785397673886888 NaN
0.535 -0.855413176499202 -0.326367961815766 0.785397673886889 NaN
0.536 -0.856679394817071 -0.327887966029715 0.785397673886888 NaN
0.537 -0.857892731286688 -0.329394619312348 0.785397673886889 NaN
0.538 -0.85905258638149 -0.33088759070665 0.785397673886888 NaN
0.539 -0.860158418151264 -0.332366564193789 0.78539767388689 NaN
0.54 -0.861209748903893 -0.333831245202139 0.785397673886889 NaN
0.541 -0.862206171441827 -0.335281360689155 0.785397673886889 NaN
0.542 -0.863147357423189 -0.336716660199456 0.785397673886889 NaN
0.543 -0.864033065112927 -0.338136925739206 0.785397673886889 NaN
0.544 -0.864863150009926 -0.339541965290371 0.785397673886889 NaN
0.545 -0.865637577142774 -0.340931625503824 0.785397673886888 NaN
0.546 -0.866356433444781 -0.342305794325154 0.785397673886888 NaN
0.547 -0.86701994267766 -0.343664400164639 0.785397673886889 NaN
0.548 -0.867628482455015 -0.345007425772857 0.785397673886889 NaN
0.549 -0.868182603017543 -0.346334913216388 0.785397673886888 NaN
0.55 -0.868683042423947 -0.347646964831486 0.785397673886888 NaN
0.551 -0.86913074558836 -0.348943752636857 0.785397673886889 NaN
0.552 -0.869526877134995 -0.350225528009181 0.78539767388689 NaN
0.553 -0.869872829582864 -0.351492614323941 0.785397673886888 NaN
0.554 -0.870170225901514 -0.352745420148543 0.785397673886888 NaN
0.555 -0.870420908615846 -0.353984425048028 0.78539767388689 NaN
0.556 -0.870626921278417 -0.355210180781119 0.785397673886889 NaN
0.557 -0.870790473265432 -0.356423301332968 0.785397673886889 NaN
0.558 -0.870913894147074 -0.357624441647334 0.785397673886888 NaN
0.559 -0.870999577758583 -0.358814282783421 0.785397673886888 NaN
0.56 -0.871049915085519 -0.359993512791413 0.785397673886889 NaN
0.561 -0.871067225419074 -0.361162799572587 0.785397673886889 NaN
0.562 -0.87105368541631 -0.362322767118212 0.785397673886888 NaN
0.563 -0.871011265199039 -0.36347397574661 0.785397673886888 NaN
0.564 -0.870941674430807 -0.364616903936561 0.785397673886889 NaN
0.565 -0.870846320161578 -0.365751930547503 0.785397673886888 NaN
0.566 -0.870726283273241 -0.366879328762623 0.785397673886888 NaN
0.567 -0.870582310744396 -0.367999264891225 0.785397673886888 NaN
0.568 -0.870414825114157 -0.369111794005944 0.785397673886889 NaN
0.569 -0.870223949606266 -0.370216872666781 0.78539767388689 NaN
0.57 -0.870009543474215 -0.371314371196298 0.785397673886889 NaN
0.571 -0.86977124585885 -0.372404080617426 0.785397673886889 NaN
0.572 -0.869508524622449 -0.37348574153957 0.785397673886889 NaN
0.573 -0.869220723896033 -0.374559043073487 0.785397673886889 NaN
0.574 -0.868907110900973 -0.375623655401729 0.785397673886889 NaN
0.575 -0.868566914079902 -0.376679228156455 0.785397673886889 NaN
0.576 -0.868199360189184 -0.377725414094358 0.785397673886888 NaN
0.577 -0.867803697611241 -0.378761869871836 0.785397673886889 NaN
0.578 -0.86737921833757 -0.379788268605344 0.785397673886889 NaN
0.579 -0.866925270459239 -0.380804296806961 0.785397673886888 NaN
0.58 -0.866441265683394 -0.381809667295532 0.785397673886888 NaN
0.581 -0.8659266827092 -0.382804112933863 0.785397673886888 NaN
0.582 -0.865381068095362 -0.383787389232086 0.785397673886889 NaN
0.583 -0.864804033105808 -0.384759273716819 0.785397673886888 NaN
0.584 -0.864195251162817 -0.385719563392396 0.785397673886889 NaN
0.585 -0.863554452980267 -0.386668078382076 0.785397673886888 NaN
0.586 -0.862881422574862 -0.387604651972282 0.785397673886887 NaN
0.587 -0.86217599150064 -0.388529138296526 0.785397673886889 NaN
0.588 -0.861438037323305 -0.389441404138454 0.78539767388689 NaN
0.589 -0.860667476702684 -0.390341331288755 0.78539767388689 NaN
0.59 -0.859864264034734 -0.391228815111152 0.785397673886889 NaN
0.591 -0.859028387830555 -0.392103761305294 0.785397673886888 NaN
0.592 -0.858159869018227 -0.3929660903855 0.785397673886888 NaN
0.593 -0.857258756596938 -0.393815730788713 0.785397673886889 NaN
0.594 -0.85632512837739 -0.394652619015998 0.785397673886887 NaN
0.595 -0.85535908841237 -0.395476709897606 0.785397673886889 NaN
0.596 -0.854360765407261 -0.396287957183014 0.785397673886888 NaN
0.597 -0.853330311583257 -0.397086330458292 0.785397673886888 NaN
0.598 -0.852267902755894 -0.39787180660512 0.785397673886888 NaN
0.599 -0.851173737497978 -0.398644373296878 0.785397673886889 NaN
0.6 -0.850048035018002 -0.399404021334084 0.785397673886888 NaN
0.601 -0.848891036483025 -0.400150756408478 0.785397673886889 NaN
0.602 -0.847703003542815 -0.400884588965146 0.785397673886889 NaN
0.603 -0.846484217496503 -0.401605538933218 0.785397673886888 NaN
0.604 -0.845234980458452 -0.40231363459452 0.785397673886888 NaN
0.605 -0.84395561418461 -0.403008912572391 0.785397673886887 NaN
0.606 -0.842646458789549 -0.403691417632327 0.785397673886888 NaN
0.607 -0.841307873969194 -0.404361202919971 0.785397673886888 NaN
0.608 -0.839940238918013 -0.405018330731432 0.785397673886889 NaN
0.609 -0.838543950168011 -0.405662869183108 0.785397673886888 NaN
0.61 -0.837119423488648 -0.406294894558403 0.785397673886888 NaN
0.611 -0.835667092926382 -0.406914497816676 0.785397673886889 NaN
0.612 -0.834187410030802 -0.407521770705806 0.785397673886888 NaN
0.613 -0.832680845211944 -0.408116814160892 0.78539767388689 NaN
0.614 -0.831147885206379 -0.408699741686845 0.785397673886889 NaN
0.615 -0.829589036140186 -0.409270670929007 0.78539767388689 NaN
0.616 -0.828004820058612 -0.409829728958888 0.785397673886889 NaN
0.617 -0.826395777220514 -0.410377053168025 0.785397673886889 NaN
0.618 -0.824762464093629 -0.410912787152186 0.78539767388689 NaN
0.619 -0.823105455710257 -0.411437082449544 0.785397673886888 NaN
0.62 -0.821425342497164 -0.411950101334126 0.785397673886889 NaN
0.621 -0.819722732116511 -0.412452011304737 0.78539767388689 NaN
0.622 -0.817998249302739 -0.412942990978704 0.785397673886889 NaN
0.623 -0.81625253448607 -0.41342322724449 0.785397673886889 NaN
0.624 -0.81448624426866 -0.413892911385149 0.785397673886888 NaN
0.625 -0.812700052470358 -0.414352248792653 0.785397673886888 NaN
0.626 -0.810894647514467 -0.41480145159029 0.785397673886888 NaN
0.627 -0.809070734048981 -0.415240735625293 0.785397673886889 NaN
0.628 -0.807229032545068 -0.415670331694321 0.78539767388689 NaN
0.629 -0.805370278189969 -0.416090475289585 0.785397673886889 NaN
0.63 -0.803495221957053 -0.416501411807839 0.785397673886888 NaN
0.631 -0.801604629412917 -0.416903392788901 0.785397673886889 NaN
0.632 -0.799699280739803 -0.417296681110204 0.785397673886889 NaN
0.633 -0.797779970688089 -0.417681547161801 0.785397673886889 NaN
0.634 -0.795847508509198 -0.418058266887127 0.785397673886889 NaN
0.635 -0.793902716216983 -0.41842712796173 0.785397673886889 NaN
0.636 -0.791946431554394 -0.418788425041152 0.785397673886889 NaN
0.637 -0.789979503817034 -0.419142460542133 0.785397673886889 NaN
0.638 -0.788002796815628 -0.419489546442621 0.785397673886889 NaN
0.639 -0.786017185968176 -0.419830000879909 0.785397673886889 NaN
0.64 -0.78402356021135 -0.420164151596978 0.785397673886889 NaN
0.641 -0.782022819831313 -0.420492333319297 0.785397673886888 NaN
0.642 -0.78001587781534 -0.420814889555881 0.785397673886888 NaN
0.643 -0.778003658019194 -0.421132171681795 0.785397673886889 NaN
0.644 -0.77598709582271 -0.421444537458378 0.785397673886889 NaN
0.645 -0.773967136916607 -0.421752354414556 0.785397673886888 NaN
0.646 -0.771944737507958 -0.422055994900088 0.785397673886889 NaN
0.647 -0.769920863517879 -0.422355842304546 0.785397673886889 NaN
0.648 -0.767896491029173 -0.422652285481119 0.785397673886888 NaN
0.649 -0.765872604683374 -0.422945720272793 0.785397673886888 NaN
0.65 -0.763850197320172 -0.423236549329095 0.785397673886889 NaN
0.651 -0.76183027088854 -0.42352518331789 0.785397673886888 NaN
0.652 -0.759813832897391 -0.42381203969398 0.785397673886889 NaN
0.653 -0.75780190133854 -0.424097542886858 0.785397673886888 NaN
0.654 -0.755795496862704 -0.42438212414561 0.785397673886888 NaN
0.655 -0.753795649172458 -0.424666217952061 0.785397673886888 NaN
0.656 -0.751803391738627 -0.424950268606443 0.785397673886889 NaN
0.657 -0.749819763521991 -0.425234726528782 0.785397673886889 NaN
0.658 -0.747845807224945 -0.425520045573722 0.785397673886889 NaN
0.659 -0.745882569638924 -0.42580668631631 0.785397673886888 NaN
0.66 -0.743931100030844 -0.426095114743916 0.785397673886889 NaN
0.661 -0.741992450408743 -0.426385802231361 0.785397673886889 NaN
0.662 -0.740067673754611 -0.426679224689693 0.785397673886889 NaN
0.663 -0.738157824238333 -0.426975863555654 0.785397673886889 NaN
0.664 -0.736263957024473 -0.427276201397583 0.785397673886889 NaN
0.665 -0.734387124851541 -0.427580729267836 0.785397673886888 NaN
0.666 -0.732528380103794 -0.427889940394818 0.785397673886889 NaN
0.667 -0.730688773520039 -0.428204329509286 0.785397673886889 NaN
0.668 -0.728869351878745 -0.428524396865967 0.785397673886888 NaN
0.669 -0.727071158509196 -0.428850645052388 0.785397673886889 NaN
0.67 -0.725295232105733 -0.429183576630776 0.785397673886889 NaN
0.671 -0.723542605117889 -0.429523700296949 0.785397673886889 NaN
0.672 -0.72181430437586 -0.429871523344936 0.785397673886888 NaN
0.673 -0.72011134884462 -0.430227556745518 0.785397673886889 NaN
0.674 -0.718434748867235 -0.430592308078153 0.785397673886888 NaN
0.675 -0.71678550520289 -0.430966288725801 0.785397673886889 NaN
0.676 -0.715164609303188 -0.431350010911562 0.785397673886889 NaN
0.677 -0.713573039702396 -0.431743982626009 0.785397673886888 NaN
0.678 -0.712011763739233 -0.432148712916217 0.785397673886888 NaN
0.679 -0.71048173365516 -0.432564710279775 0.785397673886889 NaN
0.68 -0.708983888782681 -0.432992478485103 0.785397673886889 NaN
0.681 -0.707519150827597 -0.433432518219432 0.785397673886889 NaN
0.682 -0.706088425500167 -0.433885331780073 0.785397673886889 NaN
0.683 -0.704692600462924 -0.434351410410375 0.785397673886889 NaN
0.684 -0.70333254295236 -0.434831246956985 0.785397673886889 NaN
0.685 -0.702009100154345 -0.435325324886045 0.785397673886889 NaN
0.686 -0.700723097061733 -0.43583412363546 0.785397673886889 NaN
0.687 -0.699475335139064 -0.436358116339511 0.785397673886889 NaN
0.688 -0.698266591856362 -0.436897766322194 0.78539767388689 NaN
0.689 -0.697097617930922 -0.437453532247055 0.78539767388689 NaN
0.69 -0.69596913709097 -0.438025861186976 0.785397673886889 NaN
0.691 -0.694881844141777 -0.438615192178223 0.785397673886889 NaN
0.692 -0.693836403256293 -0.439221950230605 0.785397673886889 NaN
0.693 -0.69283344754918 -0.4398465542953 0.785397673886889 NaN
0.694 -0.691873575506097 -0.440489406847061 0.785397673886888 NaN
0.695 -0.690957352090585 -0.441150898087266 0.785397673886888 NaN
0.696 -0.690085304855863 -0.441831405440307 0.785397673886889 NaN
0.697 -0.689257923335949 -0.442531288255238 0.785397673886888 NaN
0.698 -0.688475657538823 -0.443250891871708 0.785397673886889 NaN
0.699 -0.687738916070269 -0.443990542315213 0.785397673886888 NaN
0.7 -0.687048064051443 -0.444750550543109 0.785397673886889 NaN
0.701 -0.686403421097995 -0.445531204885316 0.785397673886889 NaN
0.702 -0.685805261239626 -0.446332773809602 0.785397673886889 NaN
0.703 -0.685253808209801 -0.447155504140557 0.785397673886889 NaN
0.704 -0.68474923618024 -0.447999617042728 0.785397673886889 NaN
0.705 -0.684291667123336 -0.448865315128535 0.785397673886887 NaN
0.706 -0.683881167263033 -0.449752769506608 0.785397673886889 NaN
0.707 -0.683517748174417 -0.450662125955375 0.785397673886888 NaN
0.708 -0.683201360509157 -0.451593502042928 0.785397673886887 NaN
0.709 -0.682931896023185 -0.452546987280724 0.785397673886888 NaN
0.71 -0.682709183184655 -0.453522636637919 0.785397673886889 NaN
0.711 -0.682532984469821 -0.454520474159648 0.785397673886889 NaN
0.712 -0.682402996816922 -0.45554048954413 0.785397673886889 NaN
0.713 -0.682318845765847 -0.456582635250453 0.785397673886888 NaN
0.714 -0.682280086165669 -0.45764682809783 0.785397673886889 NaN
0.715 -0.682286196832546 -0.458732941296193 0.785397673886888 NaN
0.716 -0.682336582045638 -0.459840814072711 0.785397673886889 NaN
0.717 -0.682430565442337 -0.46097023660337 0.785397673886888 NaN
0.718 -0.68256738923753 -0.462120961180998 0.785397673886888 NaN
0.719 -0.682746212284636 -0.463292689262467 0.785397673886889 NaN
0.72 -0.682966106632749 -0.464485075067137 0.785397673886889 NaN
0.721 -0.683226056867361 -0.465697727330922 0.785397673886888 NaN
0.722 -0.683524957527588 -0.466930201610562 0.785397673886889 NaN
0.723 -0.683861614589081 -0.468182003923001 0.785397673886889 NaN
0.724 -0.684234743049148 -0.469452589643371 0.785397673886889 NaN
0.725 -0.684642970016053 -0.470741364903707 0.785397673886888 NaN
0.726 -0.685084836773526 -0.472047679833217 0.785397673886887 NaN
0.727 -0.685558806776869 -0.473370847174995 0.785397673886889 NaN
0.728 -0.686063269926028 -0.474710126930209 0.785397673886889 NaN
0.729 -0.686596558391989 -0.476064747759239 0.785397673886888 NaN
0.73 -0.687156960469864 -0.477433909398064 0.785397673886888 NaN
0.731 -0.687742736078655 -0.478816784529367 0.785397673886889 NaN
0.732 -0.688352147616752 -0.480212549969024 0.785397673886888 NaN
0.733 -0.688983477826719 -0.481620377461191 0.785397673886888 NaN
0.734 -0.689635067414804 -0.483039467256145 0.785397673886889 NaN
0.735 -0.690305340600216 -0.484469056854945 0.78539767388689 NaN
0.736 -0.69099284224021 -0.485908443235887 0.785397673886889 NaN
0.737 -0.691696265555084 -0.487356995793666 0.785397673886889 NaN
0.738 -0.692414480081623 -0.488814174874184 0.78539767388689 NaN
0.739 -0.693146554573194 -0.490279540137635 0.785397673886889 NaN
0.74 -0.693891774894745 -0.491752766633211 0.785397673886888 NaN
0.741 -0.694649650957339 -0.493233648055195 0.785397673886888 NaN
0.742 -0.695419916307735 -0.494722095784141 0.785397673886889 NaN
0.743 -0.696202520617508 -0.496218137023405 0.785397673886889 NaN
0.744 -0.696997610756684 -0.49772190596213 0.785397673886889 NaN
0.745 -0.697805509944097 -0.499233631953873 0.785397673886887 NaN
0.746 -0.698626686538511 -0.500753626152114 0.785397673886888 NaN
0.747 -0.699461721622775 -0.502282258763708 0.785397673886889 NaN
0.748 -0.700311275023045 -0.503819946005405 0.785397673886889 NaN
0.749 -0.701176053847723 -0.505367132833557 0.785397673886889 NaN
0.75 -0.702056777407402 -0.506924269659201 0.785397673886888 NaN
0.751 -0.702954153985664 -0.508491803713041 0.785397673886888 NaN
0.752 -0.703868853679959 -0.510070159234764 0.785397673886889 NaN
0.753 -0.704801494579604 -0.511659735569551 0.785397673886889 NaN
0.754 -0.705752624947995 -0.513260890640544 0.785397673886887 NaN
0.755 -0.706722719627758 -0.514873944838315 0.785397673886888 NaN
0.756 -0.7077121713684 -0.516499170118986 0.785397673886889 NaN
0.757 -0.708721292489108 -0.518136794392861 0.785397673886888 NaN
0.758 -0.709750315088057 -0.519786998173045 0.785397673886889 NaN
0.759 -0.710799396054346 -0.521449926124935 0.785397673886888 NaN
0.76 -0.711868618270417 -0.523125672823321 0.785397673886888 NaN
0.761 -0.712957998564705 -0.524814298704074 0.785397673886889 NaN
0.762 -0.71406749157346 -0.526515830970888 0.785397673886889 NaN
0.763 -0.71519699462807 -0.528230260631829 0.785397673886888 NaN
0.764 -0.716346350516703 -0.529957547028471 0.785397673886889 NaN
0.765 -0.717515354089761 -0.531697624546768 0.785397673886888 NaN
0.766 -0.718703754773104 -0.533450402979272 0.785397673886889 NaN
0.767 -0.719911257282339 -0.535215759647553 0.785397673886889 NaN
0.768 -0.721137526727117 -0.536993556053894 0.78539767388689 NaN
0.769 -0.722382188885448 -0.538783626625113 0.785397673886888 NaN
0.77 -0.723644831821515 -0.540585781992389 0.785397673886889 NaN
0.771 -0.724925010205542 -0.542399819225812 0.785397673886889 NaN
0.772 -0.726222240302126 -0.544225503591939 0.785397673886889 NaN
0.773 -0.727536010174577 -0.546062590973337 0.785397673886889 NaN
0.774 -0.7288657714851 -0.547910809065994 0.785397673886889 NaN
0.775 -0.730210947629584 -0.549769867454364 0.785397673886889 NaN
0.776 -0.731570931634703 -0.551639460322905 0.785397673886888 NaN
0.777 -0.732945088426022 -0.553519258394053 0.785397673886889 NaN
0.778 -0.734332756072556 -0.555408917447403 0.785397673886888 NaN
0.779 -0.735733247216184 -0.557308071611503 0.785397673886889 NaN
0.78 -0.737145850740603 -0.559216343102122 0.785397673886888 NaN
0.781 -0.738569832234508 -0.561133331078532 0.785397673886889 NaN
0.782 -0.740004437090025 -0.563058625731184 0.785397673886889 NaN
0.783 -0.741448889698347 -0.56499179557684 0.785397673886888 NaN
0.784 -0.742902398593011 -0.566932400385616 0.785397673886889 NaN
0.785 -0.744364151736839 -0.56887998098449 0.785397673886888 NaN
0.786 -0.745833324541867 -0.570834066687731 0.78539767388689 NaN
0.787 -0.747309075404275 -0.572794175971398 0.785397673886889 NaN
0.788 -0.748790549808988 -0.574759809379369 0.785397673886889 NaN
0.789 -0.750276880300347 -0.576730464003457 0.785397673886889 NaN
0.79 -0.751767187798793 -0.578705616926258 0.785397673886888 NaN
0.791 -0.753260580612845 -0.580684738386376 0.785397673886889 NaN
0.792 -0.754756158225048 -0.582667289414462 0.785397673886888 NaN
0.793 -0.75625300926573 -0.584652718607446 0.785397673886889 NaN
0.794 -0.757750213631043 -0.586640465259905 0.785397673886889 NaN
0.795 -0.759246840547631 -0.588629958172479 0.785397673886889 NaN
0.796 -0.760741952427911 -0.590620614713209 0.785397673886887 NaN
0.797 -0.762234604234203 -0.592611850051367 0.785397673886888 NaN
0.798 -0.763723842882063 -0.59460306424177 0.785397673886889 NaN
0.799 -0.765208709284684 -0.596593651713854 0.785397673886888 NaN
0.8 -0.766688236245316 -0.598582995759969 0.785397673886889 NaN
0.801 -0.768161452999947 -0.600570477102698 0.785397673886888 NaN
0.802 -0.769627382181839 -0.602555464523389 0.785397673886888 NaN
0.803 -0.771085042793717 -0.604537322001186 0.785397673886888 NaN
0.804 -0.772533447415196 -0.60651540334087 0.785397673886888 NaN
0.805 -0.773971607824978 -0.608489062857244 0.785397673886889 NaN
0.806 -0.775398530394255 -0.610457639716706 0.785397673886888 NaN
0.807 -0.7768132211728 -0.61242047719581 0.785397673886888 NaN
0.808 -0.778214681536876 -0.614376902175306 0.785397673886889 NaN
0.809 -0.779601913852714 -0.616326247891669 0.785397673886889 NaN
0.81 -0.780973918643158 -0.618267836383062 0.785397673886888 NaN
0.811 -0.782329696029183 -0.620200987334591 0.785397673886889 NaN
0.812 -0.783668248609135 -0.622125019625255 0.785397673886889 NaN
0.813 -0.784988576415246 -0.62403924190826 0.785397673886889 NaN
0.814 -0.786289685298319 -0.625942967379572 0.785397673886888 NaN
0.815 -0.787570581039429 -0.62783550780427 0.785397673886888 NaN
0.816 -0.788830274289191 -0.629716166619835 0.785397673886889 NaN
0.817 -0.790067777950584 -0.631584252732086 0.78539767388689 NaN
0.818 -0.791282111362235 -0.633439072919243 0.785397673886888 NaN
0.819 -0.792472296642711 -0.635279931828987 0.78539767388689 NaN
0.82 -0.793637365025279 -0.637106137045905 0.785397673886888 NaN
0.821 -0.794776351837031 -0.638916997615605 0.785397673886888 NaN
0.822 -0.795888301916196 -0.640711823731082 0.785397673886889 NaN
0.823 -0.79697226725404 -0.642489926816527 0.785397673886888 NaN
0.824 -0.798027310620697 -0.644250627590764 0.785397673886889 NaN
0.825 -0.799052500933173 -0.645993237400085 0.785397673886887 NaN
0.826 -0.800046923711773 -0.647717089572194 0.785397673886888 NaN
0.827 -0.801009669716212 -0.649421504575992 0.785397673886888 NaN
0.828 -0.80193984801272 -0.651105826184285 0.785397673886889 NaN
0.829 -0.802836575202121 -0.652769387695308 0.785397673886889 NaN
0.83 -0.803698985918545 -0.654411541812489 0.785397673886889 NaN
0.831 -0.804526228201382 -0.656031641985362 0.785397673886889 NaN
0.832 -0.805317466727872 -0.657629053731804 0.785397673886889 NaN
0.833 -0.806071880454395 -0.659203150409735 0.785397673886888 NaN
0.834 -0.806788669089491 -0.660753312458615 0.785397673886888 NaN
0.835 -0.807467048697184 -0.662278936014872 0.785397673886888 NaN
0.836 -0.808106254810595 -0.663779425211434 0.785397673886889 NaN
0.837 -0.80870554354739 -0.665254198136835 0.785397673886888 NaN
0.838 -0.809264192361418 -0.666702680542642 0.785397673886889 NaN
0.839 -0.809781499046146 -0.668124316716619 0.785397673886889 NaN
0.84 -0.810256785748031 -0.669518561097689 0.785397673886889 NaN
0.841 -0.810689398695014 -0.670884886152706 0.785397673886887 NaN
0.842 -0.811078707214909 -0.672222778028891 0.785397673886888 NaN
0.843 -0.81142410787437 -0.673531738355871 0.785397673886888 NaN
0.844 -0.811725023233248 -0.67481128939269 0.785397673886889 NaN
0.845 -0.811980902709501 -0.676060964299047 0.785397673886888 NaN
0.846 -0.812191224361144 -0.677280321493399 0.785397673886889 NaN
0.847 -0.812355496185743 -0.678468932677768 0.785397673886889 NaN
0.848 -0.812473255618542 -0.679626394737593 0.785397673886888 NaN
0.849 -0.812544071121497 -0.680752317286291 0.785397673886888 NaN
0.85 -0.812567544153554 -0.681846339965156 0.785397673886889 NaN
0.851 -0.81254330711969 -0.682908116080377 0.785397673886888 NaN
0.852 -0.812471028658458 -0.683937326344823 0.785397673886888 NaN
0.853 -0.812350410357793 -0.684933673464947 0.785397673886889 NaN
0.854 -0.812181189338759 -0.685896880573458 0.785397673886889 NaN
0.855 -0.811963140812158 -0.686826700335892 0.785397673886888 NaN
0.856 -0.81169607468959 -0.687722906020798 0.785397673886889 NaN
0.857 -0.81137984130365 -0.688585298066528 0.785397673886888 NaN
0.858 -0.811014327495058 -0.689413698237025 0.785397673886889 NaN
0.859 -0.810599462300392 -0.690207964784259 0.785397673886889 NaN
0.86 -0.810135213364372 -0.690967972913071 0.785397673886887 NaN
0.861 -0.809621589634908 -0.691693631565857 0.785397673886888 NaN
0.862 -0.809058643284768 -0.692384872370952 0.785397673886889 NaN
0.863 -0.808446467596755 -0.693041661279401 0.785397673886888 NaN
0.864 -0.807785198970014 -0.693663987209997 0.785397673886888 NaN
0.865 -0.807075019402617 -0.694251872956874 0.785397673886889 NaN
0.866 -0.806316153109728 -0.694805366391828 0.785397673886888 NaN
0.867 -0.805508870139422 -0.695324547434006 0.785397673886889 NaN
0.868 -0.804653487088754 -0.695809527694994 0.785397673886889 NaN
0.869 -0.803750363894407 -0.696260445744944 0.785397673886888 NaN
0.87 -0.802799908337125 -0.69667747049511 0.785397673886889 NaN
0.871 -0.801802574981168 -0.697060805984078 0.785397673886889 NaN
0.872 -0.800758861929343 -0.697410677702075 0.785397673886889 NaN
0.873 -0.799669318277566 -0.697727351844466 0.785397673886889 NaN
0.874 -0.798534538154193 -0.698011122410486 0.785397673886889 NaN
0.875 -0.79735516002836 -0.698262307184508 0.785397673886888 NaN
0.876 -0.796131871668705 -0.698481259715646 0.785397673886888 NaN
0.877 -0.794865406612522 -0.698668365655992 0.785397673886889 NaN
0.878 -0.793556543000013 -0.698824035886482 0.785397673886888 NaN
0.879 -0.792206103813024 -0.69894870882719 0.785397673886889 NaN
0.88 -0.790814957534525 -0.699042857948427 0.785397673886888 NaN
0.881 -0.789384014325433 -0.699106981742625 0.785397673886888 NaN
0.882 -0.787914228765662 -0.699141605708982 0.785397673886888 NaN
0.883 -0.786406592467363 -0.699147279868224 0.785397673886889 NaN
0.884 -0.784862139124736 -0.699124584365666 0.785397673886888 NaN
0.885 -0.783281937584069 -0.699074122004259 0.785397673886889 NaN
0.886 -0.781667090507346 -0.698996514856171 0.785397673886889 NaN
0.887 -0.78001873524334 -0.698892414531657 0.785397673886888 NaN
0.888 -0.778338035484373 -0.698762486092657 0.785397673886888 NaN
0.889 -0.776626182212082 -0.698607419104007 0.785397673886887 NaN
0.89 -0.774884385638447 -0.698427910058491 0.785397673886888 NaN
0.891 -0.7731138766209 -0.698224682781446 0.785397673886888 NaN
0.892 -0.771315895680011 -0.697998459540714 0.785397673886888 NaN
0.893 -0.769491691624426 -0.697749978841664 0.785397673886888 NaN
0.894 -0.767642515549984 -0.697479987180129 0.785397673886889 NaN
0.895 -0.765769609634868 -0.697189225722126 0.785397673886888 NaN
0.896 -0.763874206534268 -0.696878437853467 0.785397673886888 NaN
0.897 -0.761957516539109 -0.6965483598888 0.785397673886889 NaN
0.898 -0.760020720222354 -0.696199715289134 0.785397673886887 NaN
0.899 -0.758064962022439 -0.695833216581907 0.785397673886888 NaN
0.9 -0.75609133660563 -0.695449550264686 0.785397673886889 NaN
0.901 -0.75410088125359 -0.69504937443207 0.785397673886888 NaN
0.902 -0.752094565571765 -0.694633316095222 0.785397673886889 NaN
0.903 -0.750073280301894 -0.694201959905148 0.785397673886889 NaN
0.904 -0.748037830701355 -0.693755847042326 0.78539767388689 NaN
0.905 -0.745988923033863 -0.693295462218715 0.785397673886888 NaN
0.906 -0.74392716199421 -0.692821242209177 0.785397673886889 NaN
0.907 -0.741853038715977 -0.692333546779871 0.785397673886889 NaN
0.908 -0.739766933421964 -0.691832683512436 0.785397673886888 NaN
0.909 -0.737669108288816 -0.691318887827171 0.785397673886888 NaN
0.91 -0.735559711060489 -0.69079232548798 0.785397673886888 NaN
0.911 -0.733438779859328 -0.690253097818441 0.785397673886889 NaN
0.912 -0.731306250781807 -0.689701246240307 0.785397673886888 NaN
0.913 -0.729161965339852 -0.689136746994743 0.785397673886888 NaN
0.914 -0.7270056917231 -0.68855953867356 0.785397673886889 NaN
0.915 -0.724837130502114 -0.687969507238845 0.785397673886889 NaN
0.916 -0.722655942481079 -0.687366515197701 0.785397673886888 NaN
0.917 -0.720461762736075 -0.686750408370334 0.785397673886888 NaN
0.918 -0.718254220730145 -0.686121021240121 0.785397673886889 NaN
0.919 -0.716032962586219 -0.685478199132337 0.785397673886888 NaN
0.92 -0.71379766442881 -0.684821797922397 0.785397673886888 NaN
0.921 -0.711548053465344 -0.684151708561346 0.785397673886888 NaN
0.922 -0.709283919137101 -0.683467855899874 0.785397673886889 NaN
0.923 -0.70700512382371 -0.682770207686479 0.785397673886888 NaN
0.924 -0.704711611199543 -0.682058783000101 0.785397673886888 NaN
0.925 -0.702403408532908 -0.681333648673344 0.785397673886888 NaN
0.926 -0.700080631910144 -0.68059493222684 0.785397673886888 NaN
0.927 -0.697743483928295 -0.679842816214747 0.785397673886888 NaN
0.928 -0.695392243256809 -0.679077522632562 0.785397673886888 NaN
0.929 -0.693027270703763 -0.678299334064265 0.785397673886889 NaN
0.93 -0.690648995125435 -0.677508575753457 0.785397673886889 NaN
0.931 -0.688257905505872 -0.676705607742437 0.785397673886889 NaN
0.932 -0.685854550172952 -0.675890833830254 0.785397673886888 NaN
0.933 -0.683439521954818 -0.675064687179925 0.785397673886888 NaN
0.934 -0.681013453205043 -0.674227620153656 0.785397673886889 NaN
0.935 -0.678577011967131 -0.673380114411915 0.785397673886889 NaN
0.936 -0.676130894224841 -0.672522672985464 0.785397673886889 NaN
0.937 -0.673675815085418 -0.671655801824986 0.785397673886888 NaN
0.938 -0.671212511496481 -0.670780030570885 0.785397673886888 NaN
0.939 -0.668741734029493 -0.669895893646672 0.785397673886889 NaN
0.94 -0.666264241634065 -0.669003931108249 0.785397673886888 NaN
0.941 -0.663780808215058 -0.668104696054327 0.785397673886887 NaN
0.942 -0.661292209181781 -0.667198741200134 0.785397673886887 NaN
0.943 -0.658799227810593 -0.666286621412676 0.785397673886888 NaN
0.944 -0.656302652117151 -0.665368902000527 0.785397673886889 NaN
0.945 -0.653803269943967 -0.664446139225823 0.785397673886888 NaN
0.946 -0.651301873457956 -0.663518899188114 0.785397673886888 NaN
0.947 -0.648799255297208 -0.662587746234995 0.785397673886889 NaN
0.948 -0.64629620775695 -0.661653243190507 0.785397673886889 NaN
0.949 -0.643793522921715 -0.66071595343576 0.785397673886889 NaN
0.95 -0.64129199120161 -0.659776440289384 0.785397673886889 NaN
0.951 -0.638792404201439 -0.658835268401721 0.785397673886889 NaN
0.952 -0.636295546976189 -0.657892996507715 0.785397673886889 NaN
0.953 -0.633802203550094 -0.656950181465635 0.785397673886889 NaN
0.954 -0.631313155311117 -0.656007381655493 0.785397673886889 NaN
0.955 -0.628829179607744 -0.655065150441435 0.785397673886888 NaN
0.956 -0.626351046544912 -0.654124038332826 0.785397673886889 NaN
0.957 -0.623879524322385 -0.653184592255384 0.785397673886889 NaN
0.958 -0.621415374267641 -0.652247355006789 0.785397673886889 NaN
0.959 -0.618959351187351 -0.651312867208765 0.785397673886889 NaN
0.96 -0.616512204682276 -0.650381665991294 0.785397673886888 NaN
0.961 -0.614074675539753 -0.649454278674264 0.785397673886889 NaN
0.962 -0.611647499709677 -0.64853123415702 0.785397673886888 NaN
0.963 -0.609231403818728 -0.647613052603486 0.785397673886889 NaN
0.964 -0.606827107194596 -0.646700251475021 0.785397673886888 NaN
0.965 -0.604435319157704 -0.645793337038494 0.785397673886889 NaN
0.966 -0.602056744853914 -0.644892820627958 0.785397673886888 NaN
0.967 -0.599692076935175 -0.643999197542392 0.785397673886887 NaN
0.968 -0.597342003650645 -0.643112968883753 0.785397673886889 NaN
0.969 -0.595007201309333 -0.642234622874902 0.785397673886888 NaN
0.97 -0.592688337191175 -0.641364639682931 0.785397673886888 NaN
0.971 -0.590386073350155 -0.640503503189565 0.785397673886888 NaN
0.972 -0.588101060255762 -0.639651687016292 0.785397673886888 NaN
0.973 -0.585833940416844 -0.638809657822668 0.785397673886888 NaN
0.974 -0.583585347685914 -0.637977883154949 0.785397673886889 NaN
0.975 -0.581355906141181 -0.637156819725327 0.785397673886889 NaN
0.976 -0.57914623154016 -0.63634692257061 0.785397673886888 NaN
0.977 -0.576956928376607 -0.635548638784634 0.785397673886888 NaN
0.978 -0.574788591161387 -0.634762409683364 0.785397673886889 NaN
0.979 -0.572641802758637 -0.633988670378026 0.785397673886888 NaN
0.98 -0.570517138818558 -0.633227854977853 0.785397673886889 NaN
0.981 -0.568415157033823 -0.632480383814469 0.785397673886889 NaN
0.982 -0.566336405694185 -0.631746674020439 0.785397673886889 NaN
0.983 -0.56428141641533 -0.631027130141278 0.785397673886889 NaN
0.984 -0.562250707492992 -0.630322151563514 0.785397673886888 NaN
0.985 -0.560244781809486 -0.629632128551241 0.785397673886887 NaN
0.986 -0.558264121957623 -0.628957435564231 0.78539767388689 NaN
0.987 -0.55630919776098 -0.628298450260813 0.785397673886889 NaN
0.988 -0.55438045545947 -0.627655522326714 0.785397673886888 NaN
0.989 -0.552478321954925 -0.627028997496488 0.785397673886889 NaN
0.99 -0.550603205918398 -0.626419208213374 0.785397673886888 NaN
0.991 -0.548755490244519 -0.625826470854364 0.785397673886888 NaN
0.992 -0.546935540435062 -0.625251094662717 0.785397673886888 NaN
0.993 -0.545143693393226 -0.624693364198167 0.785397673886888 NaN
0.994 -0.54338026819749 -0.624153562415126 0.78539767388689 NaN
0.995 -0.541645554399792 -0.623631943364083 0.785397673886888 NaN
0.996 -0.539939820018836 -0.623128755965155 0.785397673886888 NaN
0.997 -0.538263305588676 -0.622644223684359 0.785397673886887 NaN
0.998 -0.536616228941858 -0.622178565617075 0.785397673886886 NaN
0.999 -0.53499878032852 -0.621731974513266 0.785397673886888 NaN
1 -0.533411124371491 -0.621304633564954 0.785397673886889 NaN
