"Time, Y-Force, Work integrand, Mass, Mass error"
0 -1.02891060241111e-10 1.55210811142268e-11 0.78526803695784 NaN
0.001 -1.54771389353164e-05 -7.92989091015607e-11 0.78526803695784 NaN
0.002 -6.26673708956578e-05 -7.31838958983375e-10 0.785268036957841 NaN
0.003 -0.000135108534061805 -3.16237053115876e-09 0.78526803695784 NaN
0.004 -0.000231461642121903 -9.47959977633889e-09 0.78526803695784 NaN
0.005 -0.000354201421820549 -2.18333190795974e-08 0.78526803695784 NaN
0.006 -0.000504128210797009 -4.26319828491721e-08 0.78526803695784 NaN
0.007 -0.000680594842824254 -7.6677856584789e-08 0.78526803695784 NaN
0.008 -0.000883215880176315 -1.2744444428333e-07 0.78526803695784 NaN
0.009 -0.00111212957418658 -1.9916621083427e-07 0.785268036957839 NaN
0.01 -0.00136748479986154 -2.98177008353172e-07 0.78526803695784 NaN
0.011 -0.00164923573759606 -4.28507879352966e-07 0.78526803695784 NaN
0.012 -0.00195729527270161 -5.98571711844861e-07 0.78526803695784 NaN
0.013 -0.00229167652167078 -8.13425651151623e-07 0.78526803695784 NaN
0.014 -0.00265247920659879 -1.08156693900027e-06 0.785268036957839 NaN
0.015 -0.00303980833127251 -1.4110471169564e-06 0.78526803695784 NaN
0.016 -0.00345372641210192 -1.8088024025172e-06 0.785268036957839 NaN
0.017 -0.00389425657793861 -2.28622044487048e-06 0.78526803695784 NaN
0.018 -0.00436141246648505 -2.851141783385e-06 0.78526803695784 NaN
0.019 -0.00485522578416657 -3.51446115794183e-06 0.785268036957839 NaN
0.02 -0.00537575557434793 -4.28597768755463e-06 0.785268036957839 NaN
0.021 -0.00592307844525516 -5.17650359603298e-06 0.785268036957839 NaN
0.022 -0.00649726907080878 -6.19953600405365e-06 0.785268036957839 NaN
0.023 -0.00709838471953399 -7.36634908414671e-06 0.78526803695784 NaN
0.024 -0.00772646317471146 -8.68862299631095e-06 0.785268036957839 NaN
0.025 -0.00838153342556409 -1.01807796548902e-05 0.785268036957839 NaN
0.026 -0.00906363102488089 -1.1855960873429e-05 0.785268036957839 NaN
0.027 -0.00977280886683363 -1.37294333383712e-05 0.785268036957839 NaN
0.028 -0.0105091360120891 -1.58156690828181e-05 0.785268036957839 NaN
0.029 -0.0112726867902815 -1.81287681262136e-05 0.785268036957839 NaN
0.03 -0.0120635273169211 -2.06856738081464e-05 0.785268036957839 NaN
0.031 -0.0128817077597118 -2.35027548329208e-05 0.78526803695784 NaN
0.032 -0.0137272644071804 -2.6596100836348e-05 0.785268036957839 NaN
0.033 -0.0146002285989732 -2.9984569074368e-05 0.785268036957839 NaN
0.034 -0.0155006367179773 -3.36854255089819e-05 0.785268036957839 NaN
0.035 -0.0164285362251334 -3.77163308599407e-05 0.785268036957839 NaN
0.036 -0.0173839839671295 -4.20960866997371e-05 0.78526803695784 NaN
0.037 -0.0183670406665965 -4.68449485163449e-05 0.785268036957839 NaN
0.038 -0.0193777634874151 -5.198264565548e-05 0.785268036957839 NaN
0.039 -0.0204162018443544 -5.7531022116044e-05 0.785268036957839 NaN
0.04 -0.021482396731737 -6.35094443577938e-05 0.785268036957839 NaN
0.041 -0.0225763835604121 -6.99386621040517e-05 0.785268036957839 NaN
0.042 -0.023698195799244 -7.68425349299201e-05 0.785268036957839 NaN
0.043 -0.0248478682414189 -8.42425224429113e-05 0.785268036957839 NaN
0.044 -0.0260254381889116 -9.2161644623032e-05 0.785268036957839 NaN
0.045 -0.0272309453678196 -0.000100623470170323 0.785268036957839 NaN
0.046 -0.0284644309805217 -0.000109650322120122 0.785268036957839 NaN
0.047 -0.0297259366578052 -0.000119269290999975 0.785268036957839 NaN
0.048 -0.0310155034198494 -0.000129505602985693 0.785268036957839 NaN
0.049 -0.0323331705296943 -0.000140381273590307 0.785268036957839 NaN
0.05 -0.0336789745352539 -0.000151926319022769 0.785268036957839 NaN
0.051 -0.0350529476294743 -0.000164163923750336 0.78526803695784 NaN
0.052 -0.0364551167317534 -0.000177122720760151 0.785268036957839 NaN
0.053 -0.0378855033085361 -0.000190829042311495 0.785268036957839 NaN
0.054 -0.0393441239065545 -0.000205312550620258 0.785268036957839 NaN
0.055 -0.0408309919120641 -0.000220597986371395 0.785268036957839 NaN
0.056 -0.0423461198325631 -0.000236717523948709 0.78526803695784 NaN
0.057 -0.0438895221027363 -0.000253698138602631 0.785268036957839 NaN
0.058 -0.0454612162256081 -0.000271571019908393 0.785268036957839 NaN
0.059 -0.0470612234886542 -0.000290364976041036 0.785268036957839 NaN
0.06 -0.0486895684535743 -0.000310109700229904 0.785268036957839 NaN
0.061 -0.0503462767381641 -0.000330840359174363 0.785268036957839 NaN
0.062 -0.0520313727913941 -0.000352583407568924 0.785268036957839 NaN
0.063 -0.0537448774411631 -0.000375375565663467 0.785268036957839 NaN
0.064 -0.0554868052421221 -0.00039924572845663 0.785268036957839 NaN
0.065 -0.0572571635527538 -0.000424228863332413 0.785268036957839 NaN
0.066 -0.059055951805391 -0.000450356535724341 0.785268036957839 NaN
0.067 -0.0608831621156657 -0.000477663217872007 0.785268036957839 NaN
0.068 -0.0627387803317271 -0.000506182012607533 0.785268036957839 NaN
0.069 -0.0646227878575584 -0.000535947035375457 0.785268036957839 NaN
0.07 -0.0665351633002918 -0.000566995593810391 0.785268036957839 NaN
0.071 -0.0684758837836554 -0.00059935991021886 0.785268036957839 NaN
0.072 -0.0704449263335261 -0.000633077230046958 0.785268036957839 NaN
0.073 -0.0724422680992325 -0.000668181977321449 0.785268036957839 NaN
0.074 -0.0744678870609248 -0.000704712180817242 0.785268036957839 NaN
0.075 -0.0765217616037495 -0.000742703669682206 0.785268036957839 NaN
0.076 -0.0786038704887158 -0.000782192412055582 0.785268036957839 NaN
0.077 -0.0807141928195279 -0.000823218126660793 0.785268036957839 NaN
0.078 -0.0828527073378657 -0.000865817009579333 0.78526803695784 NaN
0.079 -0.0850193922511447 -0.000910027052743191 0.78526803695784 NaN
0.08 -0.0872142245412766 -0.000955890453118686 0.78526803695784 NaN
0.081 -0.0894371792109488 -0.00100344078674525 0.785268036957839 NaN
0.082 -0.0916882287501191 -0.00105271988259678 0.785268036957839 NaN
0.083 -0.0939673410341978 -0.00110376860954343 0.785268036957839 NaN
0.084 -0.0962744793057356 -0.00115662500293555 0.785268036957839 NaN
0.085 -0.0986095998598747 -0.00121133016226642 0.785268036957839 NaN
0.086 -0.100972651616429 -0.00126792367666086 0.785268036957839 NaN
0.087 -0.103363575028758 -0.00132644715654655 0.785268036957839 NaN
0.088 -0.105782301444132 -0.00138693999070754 0.785268036957839 NaN
0.089 -0.108228753368999 -0.00144944454998909 0.785268036957839 NaN
0.09 -0.110702844694735 -0.00151400341307192 0.785268036957839 NaN
0.091 -0.113204482150926 -0.00158065474629476 0.78526803695784 NaN
0.092 -0.11573356618401 -0.00164944078839666 0.78526803695784 NaN
0.093 -0.118289993006752 -0.00172040555949526 0.78526803695784 NaN
0.094 -0.120873656752368 -0.00179358980038034 0.78526803695784 NaN
0.095 -0.123484450875577 -0.00186903625302295 0.78526803695784 NaN
0.096 -0.126122270107236 -0.00194678525668147 0.785268036957839 NaN
0.097 -0.12878701195768 -0.00202688161542423 0.78526803695784 NaN
0.098 -0.131478576942765 -0.00210936790677339 0.78526803695784 NaN
0.099 -0.134196868897269 -0.00219428736070997 0.78526803695784 NaN
0.1 -0.136941794675311 -0.00228168162581147 0.785268036957839 NaN
0.101 -0.139713262263159 -0.00237159712289674 0.78526803695784 NaN
0.102 -0.142511179261906 -0.00246407533420213 0.785268036957839 NaN
0.103 -0.145335450044508 -0.00255916313359568 0.785268036957839 NaN
0.104 -0.148185973301522 -0.00265690174684005 0.785268036957839 NaN
0.105 -0.151062638664997 -0.00275733590583535 0.785268036957839 NaN
0.106 -0.153965324056275 -0.00286051150552471 0.785268036957839 NaN
0.107 -0.156893893322245 -0.00296646963178433 0.78526803695784 NaN
0.108 -0.159848193679276 -0.00307525598396664 0.785268036957839 NaN
0.109 -0.162828055793387 -0.00318691470048657 0.785268036957839 NaN
0.11 -0.165833292326441 -0.00330148781189044 0.78526803695784 NaN
0.111 -0.16886369957491 -0.00341902106454516 0.785268036957839 NaN
0.112 -0.171919058874428 -0.00353955392000489 0.785268036957839 NaN
0.113 -0.174999139343414 -0.00366313242987784 0.785268036957839 NaN
0.114 -0.178103701073547 -0.00378979882751663 0.785268036957839 NaN
0.115 -0.181232498479402 -0.00391959329408772 0.78526803695784 NaN
0.116 -0.184385284485477 -0.00405256123949007 0.785268036957839 NaN
0.117 -0.187561813854764 -0.00418874355289053 0.785268036957839 NaN
0.118 -0.190761846183768 -0.00432818179894344 0.785268036957839 NaN
0.119 -0.193985148664886 -0.00447091935875472 0.78526803695784 NaN
0.12 -0.197231497092561 -0.0046169990995034 0.785268036957839 NaN
0.121 -0.200500677017226 -0.00476646214914943 0.785268036957839 NaN
0.122 -0.203792482336861 -0.00491935284228336 0.785268036957839 NaN
0.123 -0.207106714485974 -0.00507571106455676 0.785268036957839 NaN
0.124 -0.210443179460475 -0.0052355830790347 0.785268036957839 NaN
0.125 -0.213801684335883 -0.0053990065704428 0.785268036957839 NaN
0.126 -0.217182033763866 -0.00556602857068603 0.785268036957839 NaN
0.127 -0.220584025031774 -0.00573668834378404 0.785268036957839 NaN
0.128 -0.22400744338258 -0.00591102853155375 0.785268036957839 NaN
0.129 -0.22745205740796 -0.00608908977937009 0.785268036957839 NaN
0.13 -0.230917614177469 -0.00627091335732931 0.785268036957839 NaN
0.131 -0.23440383476601 -0.00645653830316028 0.78526803695784 NaN
0.132 -0.237910410420721 -0.00664600552474533 0.785268036957839 NaN
0.133 -0.241436999184382 -0.00683935105016415 0.785268036957839 NaN
0.134 -0.244983223148107 -0.00703661111742346 0.785268036957839 NaN
0.135 -0.248548666651419 -0.00723782309514742 0.785268036957839 NaN
0.136 -0.25213287541705 -0.00744302076153561 0.785268036957839 NaN
0.137 -0.255735357204586 -0.00765223709174714 0.785268036957839 NaN
0.138 -0.259355583053047 -0.00786550124107784 0.785268036957839 NaN
0.139 -0.262992990187798 -0.00808284612695612 0.785268036957839 NaN
0.14 -0.266646986296023 -0.00830429848806209 0.785268036957839 NaN
0.141 -0.270316954829409 -0.00852988339697421 0.785268036957839 NaN
0.142 -0.27400226181016 -0.00875963030576166 0.785268036957839 NaN
0.143 -0.277702263520693 -0.00899356162090031 0.785268036957839 NaN
0.144 -0.281416314958537 -0.00923169924176368 0.785268036957839 NaN
0.145 -0.285143778993369 -0.00947406871741064 0.785268036957839 NaN
0.146 -0.288884035317147 -0.00972069003072999 0.785268036957839 NaN
0.147 -0.29263648924046 -0.00997158480441134 0.785268036957839 NaN
0.148 -0.296400579641236 -0.0102267784632914 0.785268036957839 NaN
0.149 -0.300175785190379 -0.010486289411482 0.785268036957839 NaN
0.15 -0.303961628847793 -0.0107501411226086 0.785268036957839 NaN
0.151 -0.307757680158301 -0.0110183558317193 0.785268036957839 NaN
0.152 -0.311563554728233 -0.0112909593811745 0.785268036957839 NaN
0.153 -0.315378909882407 -0.0115679741487881 0.785268036957839 NaN
0.154 -0.319203438240421 -0.0118494280702716 0.785268036957839 NaN
0.155 -0.323036857162996 -0.0121353436333229 0.785268036957839 NaN
0.156 -0.326878895183116 -0.0124257463472535 0.785268036957839 NaN
0.157 -0.330729275690187 -0.0127206626150054 0.785268036957839 NaN
0.158 -0.334587698417426 -0.0130201128278636 0.785268036957839 NaN
0.159 -0.338453817954777 -0.013324118722161 0.785268036957839 NaN
0.16 -0.34232722270531 -0.0136327008979151 0.785268036957839 NaN
0.161 -0.34620741198885 -0.0139458733401025 0.785268036957839 NaN
0.162 -0.350093774497867 -0.0142636449111376 0.785268036957839 NaN
0.163 -0.353985567493495 -0.0145860225741743 0.785268036957839 NaN
0.164 -0.357881898558916 -0.0149130033096164 0.785268036957839 NaN
0.165 -0.361781709904852 -0.015244578127114 0.785268036957839 NaN
0.166 -0.365683766579529 -0.0155807325001782 0.785268036957839 NaN
0.167 -0.369586648955198 -0.0159214364341308 0.785268036957839 NaN
0.168 -0.373488749257966 -0.0162666588312979 0.78526803695784 NaN
0.169 -0.377388273973561 -0.0166163524871936 0.785268036957839 NaN
0.17 -0.381283250284545 -0.0169704640085448 0.785268036957839 NaN
0.171 -0.385171538562697 -0.0173289295022109 0.785268036957839 NaN
0.172 -0.389050847977859 -0.0176916736816627 0.785268036957839 NaN
0.173 -0.392918758201182 -0.0180586153266579 0.78526803695784 NaN
0.174 -0.396772743698063 -0.0184296637717599 0.78526803695784 NaN
0.175 -0.400610200995454 -0.0188047190327246 0.78526803695784 NaN
0.176 -0.404428479082841 -0.0191836763525426 0.78526803695784 NaN
0.177 -0.408224910799927 -0.01956642505023 0.785268036957839 NaN
0.178 -0.411996844425763 -0.0199528505244476 0.785268036957839 NaN
0.179 -0.415741676009127 -0.0203428345425141 0.785268036957839 NaN
0.18 -0.419456880082962 -0.0207362593684945 0.785268036957839 NaN
0.181 -0.423140038468542 -0.0211330034970181 0.785268036957839 NaN
0.182 -0.426788866974428 -0.0215329501163803 0.785268036957839 NaN
0.183 -0.430401238866751 -0.0219359828790249 0.785268036957839 NaN
0.184 -0.433975205073408 -0.0223419896991713 0.785268036957839 NaN
0.185 -0.437509009720375 -0.0227508634477329 0.785268036957839 NaN
0.186 -0.441001103168358 -0.0231625033289621 0.78526803695784 NaN
0.187 -0.444450149052727 -0.0235768123067357 0.78526803695784 NaN
0.188 -0.447855028714421 -0.0239937040273603 0.785268036957839 NaN
0.189 -0.451214840832897 -0.0244130958192053 0.785268036957839 NaN
0.19 -0.454528897461453 -0.0248349163318844 0.785268036957839 NaN
0.191 -0.457796717142197 -0.0252591010038355 0.785268036957839 NaN
0.192 -0.461018014249922 -0.0256855918115322 0.785268036957839 NaN
0.193 -0.464192686249321 -0.0261143396776229 0.785268036957839 NaN
0.194 -0.467320798730601 -0.0265453029222209 0.785268036957839 NaN
0.195 -0.470402568695977 -0.0269784464047331 0.785268036957839 NaN
0.196 -0.473438347160774 -0.0274137426580656 0.785268036957839 NaN
0.197 -0.476428599891277 -0.0278511673625794 0.785268036957839 NaN
0.198 -0.479373889479833 -0.0282907043980928 0.785268036957839 NaN
0.199 -0.482274856195177 -0.0287323393909056 0.785268036957839 NaN
0.2 -0.485132200009957 -0.0291760626951692 0.785268036957839 NaN
0.201 -0.487946663265062 -0.0296218690229553 0.785268036957839 NaN
0.202 -0.490719014453777 -0.0300697539033199 0.785268036957839 NaN
0.203 -0.493450033029277 -0.0305197130450508 0.785268036957839 NaN
0.204 -0.496140495987733 -0.0309717452504565 0.785268036957839 NaN
0.205 -0.498791165515388 -0.0314258488448699 0.785268036957839 NaN
0.206 -0.50140277909469 -0.031882019422593 0.785268036957839 NaN
0.207 -0.503976039993054 -0.0323402567254777 0.785268036957839 NaN
0.208 -0.506511610675169 -0.0328005521709955 0.785268036957839 NaN
0.209 -0.509010107097254 -0.0332629013093834 0.785268036957839 NaN
0.21 -0.511472094314473 -0.0337272951113331 0.785268036957839 NaN
0.211 -0.513898084536571 -0.0341937214351593 0.785268036957839 NaN
0.212 -0.516288535472615 -0.034662166058761 0.785268036957839 NaN
0.213 -0.518643850419174 -0.035132612408249 0.785268036957839 NaN
0.214 -0.520964379311658 -0.0356050424053312 0.785268036957839 NaN
0.215 -0.52325042088444 -0.0360794318754942 0.785268036957839 NaN
0.216 -0.525502225068333 -0.0365557572506313 0.785268036957839 NaN
0.217 -0.527719996449173 -0.037033989142358 0.785268036957839 NaN
0.218 -0.529903898377815 -0.0375140992821456 0.785268036957839 NaN
0.219 -0.532054056533907 -0.0379960535745943 0.785268036957839 NaN
0.22 -0.534170563372835 -0.0384798189129059 0.785268036957839 NaN
0.221 -0.53625348219058 -0.038965356618145 0.785268036957839 NaN
0.222 -0.53830285157176 -0.0394526300111893 0.785268036957839 NaN
0.223 -0.540318688774279 -0.0399415971147363 0.785268036957839 NaN
0.224 -0.542300993704158 -0.0404322174682735 0.785268036957839 NaN
0.225 -0.544249752083015 -0.0409244484144932 0.785268036957839 NaN
0.226 -0.546164938418045 -0.0414182447251323 0.785268036957839 NaN
0.227 -0.548046518552574 -0.0419135615841266 0.785268036957839 NaN
0.228 -0.549894451483325 -0.0424103549647265 0.785268036957839 NaN
0.229 -0.551708691859568 -0.0429085763226161 0.785268036957839 NaN
0.23 -0.553489190803146 -0.0434081774976077 0.785268036957839 NaN
0.231 -0.555235897516704 -0.0439091113697225 0.785268036957839 NaN
0.232 -0.556948760231444 -0.0444113309193029 0.785268036957839 NaN
0.233 -0.558627727121276 -0.0449147837560686 0.785268036957839 NaN
0.234 -0.560272746968738 -0.0454194224292749 0.785268036957839 NaN
0.235 -0.561883769882339 -0.0459251957402766 0.785268036957839 NaN
0.236 -0.563460748035556 -0.0464320540492778 0.785268036957839 NaN
0.237 -0.56500363628899 -0.0469399440069445 0.785268036957839 NaN
0.238 -0.566512392831997 -0.0474488188081006 0.785268036957839 NaN
0.239 -0.567986979876163 -0.0479586218593782 0.785268036957839 NaN
0.24 -0.569427364435339 -0.048469304965541 0.785268036957839 NaN
0.241 -0.570833519058238 -0.0489808150944978 0.785268036957839 NaN
0.242 -0.572205422299367 -0.0494931001569411 0.785268036957839 NaN
0.243 -0.573543059435971 -0.0500061104271847 0.785268036957839 NaN
0.244 -0.574846423078524 -0.0505197919914584 0.785268036957839 NaN
0.245 -0.576115513452244 -0.0510340942163249 0.785268036957839 NaN
0.246 -0.577350338306126 -0.0515489646563703 0.785268036957839 NaN
0.247 -0.578550913822547 -0.0520643531069821 0.785268036957839 NaN
0.248 -0.579717263600864 -0.0525802084026889 0.785268036957839 NaN
0.249 -0.580849419025391 -0.0530964805404064 0.785268036957839 NaN
0.25 -0.581947418405911 -0.0536131179221849 0.785268036957839 NaN
0.251 -0.583011306494022 -0.0541300705761407 0.785268036957839 NaN
0.252 -0.584041133956206 -0.0546472876752384 0.785268036957839 NaN
0.253 -0.5850369564236 -0.0551647195255203 0.785268036957839 NaN
0.254 -0.585998833676794 -0.0556823152911642 0.785268036957839 NaN
0.255 -0.586926829083176 -0.0562000244325203 0.785268036957839 NaN
0.256 -0.58782100857395 -0.0567177984875561 0.785268036957839 NaN
0.257 -0.588681440396082 -0.0572355852436194 0.785268036957839 NaN
0.258 -0.589508194466962 -0.0577533335299249 0.78526803695784 NaN
0.259 -0.590301342183631 -0.0582709956346511 0.785268036957839 NaN
0.26 -0.591060956784957 -0.0587885143262925 0.785268036957839 NaN
0.261 -0.591787113232918 -0.0593058443021951 0.785268036957839 NaN
0.262 -0.59247988905433 -0.059822930595959 0.785268036957839 NaN
0.263 -0.593139364780919 -0.0603397220726097 0.785268036957839 NaN
0.264 -0.593765625351417 -0.0608561672265512 0.785268036957839 NaN
0.265 -0.594358760831393 -0.0613722167676255 0.785268036957839 NaN
0.266 -0.594918868326443 -0.0618878169538767 0.785268036957839 NaN
0.267 -0.595446052502215 -0.0624029170847383 0.78526803695784 NaN
0.268 -0.595940427835866 -0.0629174685360462 0.785268036957839 NaN
0.269 -0.596402119248462 -0.0634314222864966 0.785268036957839 NaN
0.27 -0.596831263920801 -0.0639447305223139 0.78526803695784 NaN
0.271 -0.597228011831487 -0.0644573443060646 0.785268036957839 NaN
0.272 -0.597592527037752 -0.0649692179457789 0.78526803695784 NaN
0.273 -0.59792498782434 -0.0654803099313239 0.78526803695784 NaN
0.274 -0.598225587366822 -0.0659905730032649 0.78526803695784 NaN
0.275 -0.598494533341582 -0.0664999685496673 0.785268036957839 NaN
0.276 -0.598732048037253 -0.0670084553118892 0.785268036957839 NaN
0.277 -0.598938367038374 -0.0675159939389577 0.78526803695784 NaN
0.278 -0.599113738913156 -0.0680225478127635 0.785268036957839 NaN
0.279 -0.599258423860528 -0.0685280827322547 0.785268036957839 NaN
0.28 -0.599372692292622 -0.0690325611468578 0.785268036957839 NaN
0.281 -0.59945682347657 -0.0695359502758426 0.785268036957839 NaN
0.282 -0.599511104116801 -0.0700382166890191 0.78526803695784 NaN
0.283 -0.599535826759433 -0.0705393302043762 0.78526803695784 NaN
0.284 -0.599531288919443 -0.0710392582930361 0.78526803695784 NaN
0.285 -0.599497791384437 -0.0715379702393041 0.785268036957839 NaN
0.286 -0.599435637785336 -0.0720354376755267 0.785268036957839 NaN
0.287 -0.59934513369288 -0.0725316283335988 0.78526803695784 NaN
0.288 -0.599226586741237 -0.0730265142666116 0.785268036957839 NaN
0.289 -0.599080306443568 -0.0735200663149379 0.785268036957839 NaN
0.29 -0.59890660514244 -0.0740122560208486 0.785268036957839 NaN
0.291 -0.598705798547519 -0.0745030563308696 0.785268036957839 NaN
0.292 -0.598478207140286 -0.0749924391200967 0.78526803695784 NaN
0.293 -0.598224158238925 -0.0754803790898703 0.785268036957839 NaN
0.294 -0.597943987270051 -0.0759668501079198 0.785268036957839 NaN
0.295 -0.597638040585355 -0.0764518311882118 0.785268036957839 NaN
0.296 -0.597306677436384 -0.0769352979145194 0.785268036957839 NaN
0.297 -0.596950272551073 -0.0774172327571866 0.785268036957839 NaN
0.298 -0.596569218484849 -0.0778976207783586 0.785268036957839 NaN
0.299 -0.596163927989207 -0.078376445726169 0.78526803695784 NaN
0.3 -0.59573483647704 -0.0788536975180807 0.785268036957839 NaN
0.301 -0.595282403714214 -0.0793293698725225 0.78526803695784 NaN
0.302 -0.594807115489314 -0.0798034602149119 0.78526803695784 NaN
0.303 -0.59430948514315 -0.0802759700866493 0.78526803695784 NaN
0.304 -0.593790054351379 -0.0807469050421095 0.78526803695784 NaN
0.305 -0.59324939347193 -0.0812162763470535 0.78526803695784 NaN
0.306 -0.59268810180678 -0.081684099107759 0.78526803695784 NaN
0.307 -0.592106806525432 -0.0821503927344147 0.78526803695784 NaN
0.308 -0.591506162321241 -0.0826151843516135 0.785268036957839 NaN
0.309 -0.590886849367303 -0.0830785003543734 0.785268036957839 NaN
0.31 -0.590249571693117 -0.0835403776518221 0.78526803695784 NaN
0.311 -0.589595054665726 -0.084000855406834 0.785268036957839 NaN
0.312 -0.588924042228314 -0.0844599750163997 0.785268036957839 NaN
0.313 -0.588237294020547 -0.0849177844733888 0.78526803695784 NaN
0.314 -0.587535582396795 -0.085374333270032 0.785268036957839 NaN
0.315 -0.586819688666896 -0.0858296738974216 0.785268036957839 NaN
0.316 -0.586090400044941 -0.0862838644560774 0.785268036957839 NaN
0.317 -0.58534850622558 -0.0867369602471282 0.785268036957839 NaN
0.318 -0.584594796749128 -0.0871890237337475 0.785268036957839 NaN
0.319 -0.583830057626283 -0.0876401139779922 0.785268036957839 NaN
0.32 -0.583055069060003 -0.0880902964018486 0.785268036957839 NaN
0.321 -0.582270603864248 -0.0885396329417303 0.785268036957839 NaN
0.322 -0.581477425891224 -0.0889881860550508 0.785268036957839 NaN
0.323 -0.58067628933044 -0.0894360234749904 0.785268036957839 NaN
0.324 -0.579867938975622 -0.0898832079214305 0.785268036957839 NaN
0.325 -0.579053111248068 -0.0903298055752596 0.785268036957839 NaN
0.326 -0.578232535546794 -0.0907758828059966 0.785268036957839 NaN
0.327 -0.577406937301378 -0.0912215090816113 0.785268036957839 NaN
0.328 -0.576577041165494 -0.0916667520905079 0.785268036957839 NaN
0.329 -0.57574357573469 -0.0921116859193482 0.785268036957839 NaN
0.33 -0.574907278461102 -0.0925563836265059 0.785268036957839 NaN
0.331 -0.574068901357504 -0.0930009272586183 0.785268036957839 NaN
0.332 -0.573229217984643 -0.0934454003397873 0.785268036957839 NaN
0.333 -0.572389029678807 -0.0938898935443444 0.785268036957839 NaN
0.334 -0.571549173168595 -0.0943345058284933 0.785268036957839 NaN
0.335 -0.570710528132143 -0.0947793445564109 0.785268036957839 NaN
0.336 -0.569874023858351 -0.0952245275135295 0.785268036957839 NaN
0.337 -0.569040646642544 -0.0956701855289611 0.785268036957839 NaN
0.338 -0.568211446064153 -0.0961164589960153 0.785268036957839 NaN
0.339 -0.567387540882367 -0.0965635029396976 0.785268036957839 NaN
0.34 -0.56657012335173 -0.0970114903120483 0.785268036957839 NaN
0.341 -0.565760463194108 -0.0974606060028732 0.785268036957839 NaN
0.342 -0.564959909809278 -0.0979110555214924 0.785268036957839 NaN
0.343 -0.564169892639774 -0.0983630578432418 0.785268036957839 NaN
0.344 -0.563391920461306 -0.0988168513428746 0.785268036957839 NaN
0.345 -0.562627578517021 -0.0992726914709426 0.785268036957839 NaN
0.346 -0.561878524029338 -0.0997308499268346 0.785268036957839 NaN
0.347 -0.561146479400768 -0.100191616265949 0.785268036957839 NaN
0.348 -0.5604332245726 -0.10065529226278 0.785268036957839 NaN
0.349 -0.559740586172605 -0.101122200189367 0.785268036957839 NaN
0.35 -0.559070426614726 -0.101592667932566 0.785268036957839 NaN
0.351 -0.558424630309316 -0.102067037319516 0.785268036957839 NaN
0.352 -0.557805089594523 -0.102545656576365 0.785268036957839 NaN
0.353 -0.557213688814644 -0.10302888451744 0.785268036957839 NaN
0.354 -0.556652288580399 -0.103517079376454 0.785268036957839 NaN
0.355 -0.556122708400912 -0.104010600979116 0.785268036957839 NaN
0.356 -0.555626710371901 -0.104509807278632 0.785268036957839 NaN
0.357 -0.555165981652707 -0.105015049744366 0.785268036957839 NaN
0.358 -0.554742118901479 -0.105526675206142 0.785268036957839 NaN
0.359 -0.554356612163605 -0.106045015386538 0.785268036957839 NaN
0.36 -0.554010830751849 -0.106570389957293 0.785268036957839 NaN
0.361 -0.553706010280626 -0.107103102252416 0.785268036957839 NaN
0.362 -0.553443241153931 -0.107643436416255 0.785268036957839 NaN
0.363 -0.553223458908758 -0.108191653888572 0.785268036957839 NaN
0.364 -0.5530474372403 -0.108747994534087 0.785268036957839 NaN
0.365 -0.552915782131194 -0.109312671781727 0.785268036957839 NaN
0.366 -0.552828929546806 -0.109885875684637 0.785268036957838 NaN
0.367 -0.552787143812066 -0.110467766988829 0.785268036957839 NaN
0.368 -0.552790520556719 -0.11105847807457 0.785268036957839 NaN
0.369 -0.552838989248194 -0.111658116682241 0.785268036957839 NaN
0.37 -0.552932320329665 -0.11226676211751 0.785268036957839 NaN
0.371 -0.553070132981152 -0.112884464438928 0.785268036957839 NaN
0.372 -0.553251904854577 -0.113511251759723 0.785268036957839 NaN
0.373 -0.553476984172107 -0.114147125824159 0.785268036957839 NaN
0.374 -0.553744602298063 -0.11479206845938 0.785268036957839 NaN
0.375 -0.554053887928924 -0.115446037076077 0.785268036957839 NaN
0.376 -0.554403882476289 -0.116108972083268 0.785268036957839 NaN
0.377 -0.554793555071725 -0.116780799804489 0.785268036957839 NaN
0.378 -0.555221818997187 -0.117461429685197 0.785268036957839 NaN
0.379 -0.555687547310666 -0.118150765736119 0.785268036957839 NaN
0.38 -0.556189588290279 -0.118848696562719 0.785268036957839 NaN
0.381 -0.556726781029068 -0.11955510936368 0.785268036957839 NaN
0.382 -0.557297969721374 -0.12026988763858 0.785268036957839 NaN
0.383 -0.55790201691886 -0.120992913974153 0.785268036957839 NaN
0.384 -0.558537816485736 -0.12172407272128 0.785268036957839 NaN
0.385 -0.559204304345184 -0.122463251739025 0.785268036957839 NaN
0.386 -0.559900468580404 -0.123210346223909 0.785268036957839 NaN
0.387 -0.560625357626478 -0.12396525756051 0.785268036957839 NaN
0.388 -0.561378087635146 -0.124727897380353 0.785268036957839 NaN
0.389 -0.5621578477373 -0.125498187033388 0.785268036957839 NaN
0.39 -0.562963904098642 -0.126276061229951 0.785268036957838 NaN
0.391 -0.563795602622902 -0.127061468218826 0.785268036957839 NaN
0.392 -0.564652370367968 -0.127854366025484 0.785268036957839 NaN
0.393 -0.565533715237851 -0.128654728981929 0.785268036957838 NaN
0.394 -0.566439224972075 -0.129462544562141 0.785268036957839 NaN
0.395 -0.567368565070144 -0.130277814894372 0.785268036957838 NaN
0.396 -0.568321475344654 -0.131100554802682 0.785268036957839 NaN
0.397 -0.569297766187361 -0.131930791557194 0.785268036957839 NaN
0.398 -0.570297313966159 -0.132768567594019 0.785268036957839 NaN
0.399 -0.571320055487478 -0.133613932859354 0.785268036957839 NaN
0.4 -0.5723659827427 -0.134466954468877 0.785268036957839 NaN
0.401 -0.573435136832541 -0.135327703397887 0.785268036957839 NaN
0.402 -0.574527601766717 -0.136196265294103 0.785268036957839 NaN
0.403 -0.575643498391105 -0.137072727503702 0.785268036957839 NaN
0.404 -0.576782978177613 -0.137957191665058 0.785268036957839 NaN
0.405 -0.577946217282822 -0.138849758354083 0.785268036957839 NaN
0.406 -0.579133410479914 -0.139750541259831 0.785268036957839 NaN
0.407 -0.580344765912895 -0.140659647399633 0.785268036957839 NaN
0.408 -0.581580499497209 -0.141577197934523 0.785268036957839 NaN
0.409 -0.582840830141574 -0.1425033052223 0.785268036957839 NaN
0.41 -0.584125975416613 -0.143438091044264 0.785268036957839 NaN
0.411 -0.585436147414816 -0.144381674328326 0.785268036957839 NaN
0.412 -0.58677154898808 -0.145334171105516 0.785268036957839 NaN
0.413 -0.588132371067125 -0.146295695405776 0.785268036957839 NaN
0.414 -0.589518789832649 -0.147266368225692 0.785268036957839 NaN
0.415 -0.590930964591427 -0.148246294993976 0.785268036957838 NaN
0.416 -0.592369036083554 -0.149235587334931 0.785268036957839 NaN
0.417 -0.593833125639281 -0.150234351318273 0.785268036957838 NaN
0.418 -0.595323333720982 -0.151242686771486 0.785268036957839 NaN
0.419 -0.596839740189956 -0.152260694289039 0.785268036957838 NaN
0.42 -0.598382403600343 -0.153288466814754 0.785268036957839 NaN
0.421 -0.599951362002921 -0.154326094425812 0.785268036957838 NaN
0.422 -0.601546633199065 -0.155373662181676 0.785268036957839 NaN
0.423 -0.603168215339254 -0.156431253854454 0.785268036957838 NaN
0.424 -0.604816087750279 -0.157498945871902 0.785268036957839 NaN
0.425 -0.606490212268654 -0.158576813781086 0.785268036957838 NaN
0.426 -0.608190533943597 -0.159664926980006 0.785268036957839 NaN
0.427 -0.609916981904683 -0.16076335261342 0.785268036957839 NaN
0.428 -0.611669470578899 -0.161872153186614 0.785268036957839 NaN
0.429 -0.613447900586179 -0.16299138868331 0.785268036957839 NaN
0.43 -0.615252159295218 -0.164121118356433 0.785268036957839 NaN
0.431 -0.617082121883448 -0.165261391284106 0.785268036957838 NaN
0.432 -0.618937651265905 -0.166412259415668 0.785268036957839 NaN
0.433 -0.62081859878098 -0.167573769910996 0.785268036957839 NaN
0.434 -0.622724804329346 -0.168745966092721 0.785268036957839 NaN
0.435 -0.624656096202217 -0.169928887381949 0.785268036957838 NaN
0.436 -0.626612290985968 -0.171122571973824 0.785268036957839 NaN
0.437 -0.628593193070404 -0.172327053299221 0.785268036957839 NaN
0.438 -0.630598594693012 -0.17354236030338 0.785268036957838 NaN
0.439 -0.632628274868958 -0.174768517301535 0.785268036957839 NaN
0.44 -0.634681999130855 -0.17600554829151 0.785268036957839 NaN
0.441 -0.636759519005003 -0.177253469364826 0.785268036957839 NaN
0.442 -0.638860571223187 -0.178512297017566 0.785268036957839 NaN
0.443 -0.640984877649643 -0.17978203503513 0.785268036957839 NaN
0.444 -0.643132144533495 -0.181062688733262 0.785268036957839 NaN
0.445 -0.645302062331678 -0.182354257351704 0.785268036957839 NaN
0.446 -0.64749430560276 -0.183656735810042 0.785268036957839 NaN
0.447 -0.649708533026374 -0.184970111184748 0.785268036957838 NaN
0.448 -0.651944387529923 -0.186294366716298 0.785268036957838 NaN
0.449 -0.654201496823911 -0.187629483043756 0.785268036957838 NaN
0.45 -0.656479473466382 -0.188975430243648 0.785268036957838 NaN
0.451 -0.658777915877382 -0.190332180120593 0.785268036957839 NaN
0.452 -0.661096408616854 -0.19169969247388 0.785268036957838 NaN
0.453 -0.663434523686095 -0.193077928122519 0.785268036957838 NaN
0.454 -0.665791820801198 -0.194466839174726 0.785268036957839 NaN
0.455 -0.668167848604075 -0.195866375417598 0.785268036957839 NaN
0.456 -0.670562145221836 -0.19727647870807 0.785268036957839 NaN
0.457 -0.672974238915756 -0.198697091523953 0.785268036957839 NaN
0.458 -0.675403648921776 -0.200128148871774 0.785268036957839 NaN
0.459 -0.677849885560958 -0.201569579010785 0.785268036957839 NaN
0.46 -0.680312450548681 -0.203021310473101 0.785268036957838 NaN
0.461 -0.682790837040145 -0.204483265838385 0.785268036957839 NaN
0.462 -0.68528452939923 -0.205955361126834 0.785268036957839 NaN
0.463 -0.68779300271746 -0.207437507543576 0.785268036957839 NaN
0.464 -0.690315722018804 -0.208929616195576 0.785268036957839 NaN
0.465 -0.69285214167001 -0.210431584158388 0.785268036957839 NaN
0.466 -0.695401703783238 -0.211943312701188 0.785268036957839 NaN
0.467 -0.697963837431154 -0.213464691009193 0.785268036957839 NaN
0.468 -0.700537956856607 -0.214995601851866 0.785268036957838 NaN
0.469 -0.703123460167154 -0.216535923215857 0.785268036957839 NaN
0.47 -0.70571972779542 -0.218085524474803 0.785268036957839 NaN
0.471 -0.708326120717877 -0.219644269478966 0.785268036957839 NaN
0.472 -0.710941979476641 -0.221212010583575 0.785268036957839 NaN
0.473 -0.713566622384962 -0.222788592207457 0.785268036957839 NaN
0.474 -0.716199344695712 -0.224373852610686 0.785268036957839 NaN
0.475 -0.718839417537556 -0.225967618201722 0.785268036957839 NaN
0.476 -0.721486087403502 -0.227569705390761 0.785268036957839 NaN
0.477 -0.724138575716675 -0.229179922137663 0.785268036957839 NaN
0.478 -0.726796078880098 -0.230798065281368 0.785268036957839 NaN
0.479 -0.729457768820372 -0.232423925086505 0.785268036957839 NaN
0.48 -0.732122793439788 -0.234057280504071 0.785268036957839 NaN
0.481 -0.734790277932817 -0.235697896508223 0.785268036957839 NaN
0.482 -0.737459326178144 -0.237345536288443 0.785268036957839 NaN
0.483 -0.740129022541918 -0.238999948509296 0.785268036957839 NaN
0.484 -0.742798433946652 -0.240660874969186 0.785268036957839 NaN
0.485 -0.745466611906379 -0.24232805359195 0.785268036957839 NaN
0.486 -0.748132595436154 -0.244001208835698 0.785268036957839 NaN
0.487 -0.750795413242232 -0.245680061264499 0.785268036957839 NaN
0.488 -0.753454086579948 -0.247364327324866 0.785268036957839 NaN
0.489 -0.756107631673231 -0.2490537147991 0.785268036957839 NaN
0.49 -0.758755062452137 -0.250747928417687 0.785268036957839 NaN
0.491 -0.761395392772903 -0.252446668097423 0.785268036957839 NaN
0.492 -0.764027638482401 -0.254149633664268 0.785268036957839 NaN
0.493 -0.76665081944153 -0.25585651554708 0.785268036957839 NaN
0.494 -0.769263960860635 -0.257567008018204 0.785268036957839 NaN
0.495 -0.771866094413532 -0.259280796934463 0.785268036957839 NaN
0.496 -0.774456258881855 -0.260997570830114 0.785268036957839 NaN
0.497 -0.777033500251092 -0.262717013041573 0.785268036957839 NaN
0.498 -0.779596871543549 -0.264438807479818 0.785268036957839 NaN
0.499 -0.782145431821075 -0.266162633727775 0.785268036957839 NaN
0.5 -0.784678245315502 -0.267888168195481 0.785268036957839 NaN
0.501 -0.787194378900945 -0.269615086265966 0.785268036957839 NaN
0.502 -0.789692900963536 -0.271343057667223 0.785268036957839 NaN
0.503 -0.792172877999355 -0.27307174929793 0.785268036957839 NaN
0.504 -0.794633372398963 -0.274800823213722 0.785268036957839 NaN
0.505 -0.797073438986891 -0.276529930361114 0.785268036957839 NaN
0.506 -0.799492121963063 -0.278258724204308 0.785268036957839 NaN
0.507 -0.80188845171125 -0.279986842084576 0.785268036957839 NaN
0.508 -0.804261441458482 -0.281713918369342 0.785268036957839 NaN
0.509 -0.806610084243606 -0.28343957321307 0.785268036957839 NaN
0.51 -0.808933349635789 -0.285163420482893 0.785268036957839 NaN
0.511 -0.811230181978066 -0.28688505940907 0.785268036957839 NaN
0.512 -0.813499497573801 -0.288604081996531 0.785268036957838 NaN
0.513 -0.815740183533437 -0.290320064183987 0.785268036957839 NaN
0.514 -0.817951096522754 -0.292032572212842 0.785268036957839 NaN
0.515 -0.82013106289439 -0.293741156934995 0.785268036957839 NaN
0.516 -0.822278878982214 -0.295445358557111 0.785268036957839 NaN
0.517 -0.82439331263958 -0.297144708554416 0.785268036957839 NaN
0.518 -0.826473105244851 -0.298838720028552 0.785268036957839 NaN
0.519 -0.828516975284354 -0.300526903337366 0.785268036957839 NaN
0.52 -0.830523622237655 -0.302208753360509 0.785268036957839 NaN
0.521 -0.832491731418314 -0.303883761040411 0.785268036957839 NaN
0.522 -0.834419980119917 -0.305551411462804 0.785268036957839 NaN
0.523 -0.836307044392566 -0.307211183623801 0.785268036957839 NaN
0.524 -0.838151606380788 -0.308862557129833 0.785268036957839 NaN
0.525 -0.839952362671492 -0.310505009592277 0.785268036957839 NaN
0.526 -0.841708033093013 -0.312138028959727 0.785268036957839 NaN
0.527 -0.843417369962778 -0.313761102413682 0.785268036957839 NaN
0.528 -0.845079168027259 -0.315373731699372 0.785268036957839 NaN
0.529 -0.8466922739933 -0.316975429350356 0.785268036957839 NaN
0.53 -0.848255596905023 -0.318565722971938 0.785268036957839 NaN
0.531 -0.849768117754656 -0.320144164995784 0.785268036957839 NaN
0.532 -0.851228899305446 -0.321710322719696 0.785268036957839 NaN
0.533 -0.852637095190736 -0.323263798303503 0.78526803695784 NaN
0.534 -0.853991958783637 -0.324804214371821 0.785268036957839 NaN
0.535 -0.855292851147726 -0.326331230453144 0.785268036957839 NaN
0.536 -0.856539247733444 -0.327844537614924 0.785268036957839 NaN
0.537 -0.857730745082795 -0.329343864478492 0.785268036957839 NaN
0.538 -0.858867065270741 -0.330828980032668 0.785268036957839 NaN
0.539 -0.859948059764532 -0.332299689651101 0.785268036957839 NaN
0.54 -0.860973711814916 -0.333755842580461 0.785268036957839 NaN
0.541 -0.861944137402132 -0.335197329571628 0.785268036957839 NaN
0.542 -0.86285958473136 -0.336624081787517 0.785268036957839 NaN
0.543 -0.863720432299601 -0.338036076975264 0.785268036957839 NaN
0.544 -0.864527185361226 -0.339433330045474 0.78526803695784 NaN
0.545 -0.86528047120965 -0.340815898989397 0.78526803695784 NaN
0.546 -0.865981032843467 -0.342183881491199 0.785268036957839 NaN
0.547 -0.866629721446505 -0.343537409009957 0.785268036957839 NaN
0.548 -0.867227487491316 -0.34487664891867 0.78526803695784 NaN
0.549 -0.867775371104435 -0.346201802593287 0.785268036957839 NaN
0.55 -0.868274490848867 -0.347513097660664 0.78526803695784 NaN
0.551 -0.868726032406692 -0.348810785247749 0.78526803695784 NaN
0.552 -0.869131236045674 -0.350095143052528 0.785268036957839 NaN
0.553 -0.869491383925943 -0.351366460879199 0.78526803695784 NaN
0.554 -0.869807787078549 -0.352625046639945 0.785268036957839 NaN
0.555 -0.870081772131803 -0.3538712127066 0.78526803695784 NaN
0.556 -0.870314668455478 -0.355105278185323 0.785268036957839 NaN
0.557 -0.870507794947794 -0.356327564998985 0.785268036957839 NaN
0.558 -0.870662447951746 -0.357538388969574 0.785268036957839 NaN
0.559 -0.870779889535278 -0.35873805801905 0.78526803695784 NaN
0.56 -0.870861336218009 -0.359926871494108 0.785268036957839 NaN
0.561 -0.870907949184493 -0.361105112857111 0.785268036957839 NaN
0.562 -0.870920824871691 -0.36227304669561 0.785268036957839 NaN
0.563 -0.870900987133555 -0.363430917766673 0.785268036957839 NaN
0.564 -0.870849380587652 -0.364578947629478 0.785268036957839 NaN
0.565 -0.870766864960351 -0.365717330740322 0.785268036957839 NaN
0.566 -0.870654210836072 -0.366846234597388 0.785268036957839 NaN
0.567 -0.870512096961697 -0.367965801648546 0.785268036957839 NaN
0.568 -0.870341108329801 -0.369076139788352 0.785268036957839 NaN
0.569 -0.870141736253594 -0.370177328409564 0.785268036957839 NaN
0.57 -0.869914378914634 -0.371269419684458 0.785268036957839 NaN
0.571 -0.869659343707716 -0.372352430102801 0.78526803695784 NaN
0.572 -0.869376850257045 -0.373426355543991 0.785268036957839 NaN
0.573 -0.869067034624805 -0.374491155573296 0.785268036957839 NaN
0.574 -0.86872995451143 -0.37554676970941 0.785268036957839 NaN
0.575 -0.868365594718804 -0.376593108829342 0.785268036957839 NaN
0.576 -0.867973874057505 -0.377630062476252 0.785268036957839 NaN
0.577 -0.867554651921809 -0.378657500185736 0.785268036957839 NaN
0.578 -0.867107735911533 -0.379675273633424 0.785268036957839 NaN
0.579 -0.866632889420625 -0.380683214963406 0.785268036957839 NaN
0.58 -0.866129839416505 -0.381681147967576 0.785268036957839 NaN
0.581 -0.865598284128141 -0.382668883432506 0.785268036957839 NaN
0.582 -0.865037901013429 -0.383646224464908 0.785268036957839 NaN
0.583 -0.86444835365555 -0.384612968996474 0.785268036957839 NaN
0.584 -0.863829299573451 -0.385568910436771 0.78526803695784 NaN
0.585 -0.863180397089611 -0.386513845037096 0.785268036957839 NaN
0.586 -0.862501311686165 -0.387447566571922 0.785268036957839 NaN
0.587 -0.861791721505255 -0.388369876918245 0.78526803695784 NaN
0.588 -0.861051322526907 -0.389280581240121 0.78526803695784 NaN
0.589 -0.860279833173276 -0.390179491689623 0.785268036957839 NaN
0.59 -0.859476999420725 -0.391066432307176 0.785268036957839 NaN
0.591 -0.858642598228882 -0.391941233854736 0.785268036957839 NaN
0.592 -0.857776439626102 -0.392803743433246 0.785268036957839 NaN
0.593 -0.856878370107971 -0.393653817793718 0.785268036957839 NaN
0.594 -0.855948274831842 -0.394491326186677 0.785268036957839 NaN
0.595 -0.854986076573439 -0.395316157683017 0.785268036957839 NaN
0.596 -0.85399173710959 -0.39612820691658 0.785268036957839 NaN
0.597 -0.85296525957204 -0.396927390372997 0.785268036957839 NaN
0.598 -0.851906687784925 -0.39771363813435 0.785268036957839 NaN
0.599 -0.850816105024124 -0.398486895208831 0.785268036957839 NaN
0.6 -0.849693634403422 -0.399247118508656 0.785268036957839 NaN
0.601 -0.848539438962001 -0.399994285341182 0.785268036957839 NaN
0.602 -0.847353719107804 -0.400728384080294 0.785268036957839 NaN
0.603 -0.846136709908358 -0.401449418312644 0.785268036957839 NaN
0.604 -0.844888680289288 -0.402157403282571 0.785268036957839 NaN
0.605 -0.843609930993793 -0.402852368644296 0.785268036957839 NaN
0.606 -0.842300795750849 -0.403534356956831 0.785268036957839 NaN
0.607 -0.840961638198261 -0.404203422874878 0.785268036957839 NaN
0.608 -0.83959285044231 -0.404859633413463 0.785268036957839 NaN
0.609 -0.83819485488667 -0.405503068164731 0.785268036957839 NaN
0.61 -0.836768101277659 -0.406133816506636 0.785268036957839 NaN
0.611 -0.835313061852427 -0.406751983923151 0.78526803695784 NaN
0.612 -0.833830230276126 -0.407357678853863 0.78526803695784 NaN
0.613 -0.832320122155375 -0.407951020967374 0.785268036957839 NaN
0.614 -0.830783274129419 -0.408532142241099 0.785268036957839 NaN
0.615 -0.829220243171801 -0.40910118135473 0.785268036957839 NaN
0.616 -0.827631604874942 -0.409658287850892 0.78526803695784 NaN
0.617 -0.82601795235966 -0.410203619495495 0.78526803695784 NaN
0.618 -0.824379895395252 -0.410737342685303 0.78526803695784 NaN
0.619 -0.822718059382784 -0.411259629793348 0.78526803695784 NaN
0.62 -0.821033083092556 -0.411770663013367 0.78526803695784 NaN
0.621 -0.819325619381347 -0.412270629340518 0.785268036957839 NaN
0.622 -0.817596334720259 -0.412759725999082 0.78526803695784 NaN
0.623 -0.815845907623156 -0.413238155858409 0.785268036957839 NaN
0.624 -0.81407502764897 -0.413706126333253 0.78526803695784 NaN
0.625 -0.812284394963616 -0.414163854133753 0.78526803695784 NaN
0.626 -0.810474719542798 -0.414611562467203 0.78526803695784 NaN
0.627 -0.808646720684588 -0.415049474559579 0.78526803695784 NaN
0.628 -0.806801127391537 -0.415477827023522 0.78526803695784 NaN
0.629 -0.804938678641396 -0.415896858295736 0.78526803695784 NaN
0.63 -0.803060121371973 -0.416306814713995 0.78526803695784 NaN
0.631 -0.801166211520958 -0.416707945307232 0.78526803695784 NaN
0.632 -0.799257714968311 -0.417100509309759 0.78526803695784 NaN
0.633 -0.797335407285394 -0.417484770233646 0.78526803695784 NaN
0.634 -0.795400074147577 -0.41786099689906 0.78526803695784 NaN
0.635 -0.793452508808582 -0.418229466222071 0.78526803695784 NaN
0.636 -0.791493517004415 -0.418590460599918 0.785268036957841 NaN
0.637 -0.789523919107766 -0.418944272799312 0.78526803695784 NaN
0.638 -0.787544546549197 -0.419291200613646 0.78526803695784 NaN
0.639 -0.78555624188467 -0.419631551210839 0.78526803695784 NaN
0.64 -0.783559862246424 -0.419965638152781 0.78526803695784 NaN
0.641 -0.781556280518577 -0.420293786017707 0.785268036957841 NaN
0.642 -0.779546385773988 -0.42061632930269 0.78526803695784 NaN
0.643 -0.7775310835038 -0.420933610515609 0.78526803695784 NaN
0.644 -0.775511296018634 -0.421245982473607 0.78526803695784 NaN
0.645 -0.773487963070385 -0.421553811230402 0.78526803695784 NaN
0.646 -0.771462042119098 -0.421857469062159 0.78526803695784 NaN
0.647 -0.769434508016755 -0.422157343868001 0.78526803695784 NaN
0.648 -0.767406352856049 -0.422453830293755 0.78526803695784 NaN
0.649 -0.765378585341493 -0.422747335781466 0.78526803695784 NaN
0.65 -0.763352230219023 -0.423038276691947 0.78526803695784 NaN
0.651 -0.761328327469122 -0.423327080800378 0.78526803695784 NaN
0.652 -0.759307930796202 -0.423614185675259 0.78526803695784 NaN
0.653 -0.757292106611204 -0.423900036889071 0.78526803695784 NaN
0.654 -0.755281931212835 -0.424185092040445 0.78526803695784 NaN
0.655 -0.75327849007845 -0.424469809760471 0.78526803695784 NaN
0.656 -0.751282874481256 -0.424754661635134 0.78526803695784 NaN
0.657 -0.749296180011584 -0.425040123790674 0.78526803695784 NaN
0.658 -0.747319503979306 -0.425326675214119 0.78526803695784 NaN
0.659 -0.745353943340222 -0.425614800276048 0.78526803695784 NaN
0.66 -0.743400592094486 -0.425904987433711 0.78526803695784 NaN
0.661 -0.741460539082689 -0.426197724851457 0.78526803695784 NaN
0.662 -0.739534865917399 -0.426493502995082 0.78526803695784 NaN
0.663 -0.73762464496859 -0.42679281379824 0.785268036957841 NaN
0.664 -0.735730937745802 -0.427096143968595 0.78526803695784 NaN
0.665 -0.733854792795988 -0.427403984020017 0.785268036957841 NaN
0.666 -0.731997245134774 -0.427716820326155 0.78526803695784 NaN
0.667 -0.730159315433776 -0.428035135166917 0.785268036957841 NaN
0.668 -0.728342008985067 -0.428359411003762 0.78526803695784 NaN
0.669 -0.726546316038953 -0.428690125823912 0.78526803695784 NaN
0.67 -0.724773211483681 -0.429027753655802 0.785268036957841 NaN
0.671 -0.723023655452721 -0.429372769021978 0.78526803695784 NaN
0.672 -0.721298594324408 -0.429725642031175 0.78526803695784 NaN
0.673 -0.719598961529752 -0.430086841589794 0.78526803695784 NaN
0.674 -0.717925679103478 -0.430456833070968 0.78526803695784 NaN
0.675 -0.716279659036266 -0.430836084214887 0.78526803695784 NaN
0.676 -0.714661805176275 -0.431225062467736 0.78526803695784 NaN
0.677 -0.713073014288733 -0.43162423543649 0.78526803695784 NaN
0.678 -0.711514178491861 -0.432034070957749 0.78526803695784 NaN
0.679 -0.709986186116693 -0.432455043785656 0.78526803695784 NaN
0.68 -0.708489924136211 -0.432887627430373 0.78526803695784 NaN
0.681 -0.707026278494864 -0.433332300460284 0.78526803695784 NaN
0.682 -0.7055961354035 -0.433789549070651 0.78526803695784 NaN
0.683 -0.704200381817367 -0.434259858504625 0.78526803695784 NaN
0.684 -0.702839905668094 -0.434743724459218 0.78526803695784 NaN
0.685 -0.701515595367456 -0.435241643341122 0.78526803695784 NaN
0.686 -0.700228338963246 -0.435754117876754 0.78526803695784 NaN
0.687 -0.698979022642996 -0.436281654842999 0.78526803695784 NaN
0.688 -0.697768528978435 -0.43682476102269 0.78526803695784 NaN
0.689 -0.696597733872211 -0.437383949153572 0.78526803695784 NaN
0.69 -0.695467503590814 -0.437959728372357 0.78526803695784 NaN
0.691 -0.694378690978393 -0.438552607664141 0.78526803695784 NaN
0.692 -0.693332130920474 -0.439163090565119 0.78526803695784 NaN
0.693 -0.69232863588336 -0.439791676502556 0.785268036957839 NaN
0.694 -0.691368989871454 -0.440438854063517 0.785268036957839 NaN
0.695 -0.690453943629679 -0.441105100092112 0.78526803695784 NaN
0.696 -0.68958420796988 -0.441790877236497 0.78526803695784 NaN
0.697 -0.688760447854555 -0.442496628155604 0.78526803695784 NaN
0.698 -0.687983276098134 -0.443222775666341 0.78526803695784 NaN
0.699 -0.68725324704521 -0.443969714532836 0.78526803695784 NaN
0.7 -0.686570849869855 -0.444737815501395 0.78526803695784 NaN
0.701 -0.68593650261816 -0.445527413931898 0.78526803695784 NaN
0.702 -0.685350546634085 -0.446338809744847 0.785268036957839 NaN
0.703 -0.684813240587399 -0.447172265943116 0.78526803695784 NaN
0.704 -0.684324755709134 -0.448028001873415 0.78526803695784 NaN
0.705 -0.683885171956652 -0.448906196798542 0.78526803695784 NaN
0.706 -0.683494473687677 -0.449806979647182 0.78526803695784 NaN
0.707 -0.683152547018968 -0.450730431904967 0.78526803695784 NaN
0.708 -0.68285917707811 -0.451676585468024 0.78526803695784 NaN
0.709 -0.682614047540798 -0.452645422177615 0.78526803695784 NaN
0.71 -0.682416740436721 -0.453636869148851 0.78526803695784 NaN
0.711 -0.682266736384498 -0.454650804458042 0.785268036957839 NaN
0.712 -0.682163416975674 -0.455687052117238 0.78526803695784 NaN
0.713 -0.682106065410815 -0.456745386208957 0.785268036957839 NaN
0.714 -0.682093871912229 -0.457825529683894 0.785268036957839 NaN
0.715 -0.682125938493176 -0.458927158434258 0.78526803695784 NaN
0.716 -0.68220128536113 -0.460049904500095 0.78526803695784 NaN
0.717 -0.68231885535702 -0.461193355368437 0.78526803695784 NaN
0.718 -0.682477520943457 -0.462357061777227 0.78526803695784 NaN
0.719 -0.682676093279224 -0.463540535724448 0.78526803695784 NaN
0.72 -0.682913332289586 -0.464743258549703 0.78526803695784 NaN
0.721 -0.683187953500066 -0.465964687475452 0.78526803695784 NaN
0.722 -0.683498636346503 -0.467204253834568 0.78526803695784 NaN
0.723 -0.68384403823829 -0.468461372184444 0.78526803695784 NaN
0.724 -0.684222804542632 -0.469735448450262 0.785268036957839 NaN
0.725 -0.684633575210528 -0.471025881444767 0.78526803695784 NaN
0.726 -0.685074992202054 -0.4723320613511 0.785268036957839 NaN
0.727 -0.685545713740498 -0.473653388444429 0.78526803695784 NaN
0.728 -0.686044424952552 -0.474989266467177 0.785268036957839 NaN
0.729 -0.686569846473712 -0.476339116344756 0.785268036957839 NaN
0.73 -0.687120742885603 -0.477702378064811 0.78526803695784 NaN
0.731 -0.687695929031308 -0.479078510195129 0.78526803695784 NaN
0.732 -0.68829427812325 -0.480467003598087 0.785268036957839 NaN
0.733 -0.6889147263857 -0.481867372994304 0.785268036957839 NaN
0.734 -0.689556280595927 -0.483279169071656 0.785268036957839 NaN
0.735 -0.690218022408513 -0.484701978474523 0.785268036957839 NaN
0.736 -0.690899113123455 -0.486135427441573 0.785268036957839 NaN
0.737 -0.691598795968264 -0.48757918301986 0.785268036957839 NaN
0.738 -0.692316397596318 -0.489032954452144 0.785268036957839 NaN
0.739 -0.693051328547332 -0.490496491357329 0.78526803695784 NaN
0.74 -0.693803083301064 -0.49196958807042 0.78526803695784 NaN
0.741 -0.694571239283211 -0.493452081250435 0.785268036957839 NaN
0.742 -0.69535545466708 -0.494943850278573 0.785268036957839 NaN
0.743 -0.696155465894126 -0.496444814102797 0.785268036957839 NaN
0.744 -0.696971083484043 -0.497954932541874 0.785268036957839 NaN
0.745 -0.69780218803897 -0.499474201011837 0.785268036957839 NaN
0.746 -0.698648724855722 -0.501002651153993 0.785268036957839 NaN
0.747 -0.69951069833762 -0.502540345029171 0.785268036957839 NaN
0.748 -0.700388165761556 -0.504087373047856 0.785268036957839 NaN
0.749 -0.70128123130885 -0.505643853776765 0.785268036957839 NaN
0.75 -0.702190038594641 -0.507209925166199 0.785268036957839 NaN
0.751 -0.703114764440591 -0.508785745660506 0.785268036957839 NaN
0.752 -0.70405561103586 -0.510371485416662 0.78526803695784 NaN
0.753 -0.705012799492861 -0.511967327990372 0.785268036957839 NaN
0.754 -0.705986562108209 -0.513573462532659 0.785268036957839 NaN
0.755 -0.706977136189233 -0.515190082431269 0.78526803695784 NaN
0.756 -0.707984756731911 -0.516817378873903 0.785268036957839 NaN
0.757 -0.709009650601091 -0.518455540738887 0.785268036957839 NaN
0.758 -0.710052030342064 -0.52010474618656 0.785268036957839 NaN
0.759 -0.711112088867983 -0.521765170030155 0.785268036957839 NaN
0.76 -0.712189993712059 -0.523436965351806 0.785268036957839 NaN
0.761 -0.713285882621906 -0.525120272812136 0.785268036957839 NaN
0.762 -0.714399859455384 -0.526815214741196 0.785268036957839 NaN
0.763 -0.715531990057678 -0.528521890074631 0.78526803695784 NaN
0.764 -0.71668229937142 -0.530240374546894 0.78526803695784 NaN
0.765 -0.717850768458097 -0.531970721542603 0.785268036957839 NaN
0.766 -0.719037332816592 -0.533712956894236 0.785268036957839 NaN
0.767 -0.720241880177458 -0.535467077729659 0.78526803695784 NaN
0.768 -0.721464249901824 -0.537233053791137 0.785268036957839 NaN
0.769 -0.722704232033642 -0.539010826856458 0.785268036957839 NaN
0.77 -0.723961566895545 -0.540800306173569 0.78526803695784 NaN
0.771 -0.725235945872833 -0.542601376321865 0.78526803695784 NaN
0.772 -0.726527010876935 -0.544413886496239 0.78526803695784 NaN
0.773 -0.727834356413349 -0.546237662900244 0.78526803695784 NaN
0.774 -0.729157529812639 -0.548072498055111 0.785268036957839 NaN
0.775 -0.730496033954127 -0.54991815750392 0.785268036957839 NaN
0.776 -0.731849326337538 -0.551774381150031 0.78526803695784 NaN
0.777 -0.733216825861531 -0.553640881189372 0.78526803695784 NaN
0.778 -0.73459791572318 -0.555517346341327 0.785268036957839 NaN
0.779 -0.735991931312686 -0.557403436070325 0.785268036957839 NaN
0.78 -0.737398172037483 -0.559298787904463 0.78526803695784 NaN
0.781 -0.738815912557608 -0.561203016317741 0.78526803695784 NaN
0.782 -0.740244404601141 -0.563115725034581 0.78526803695784 NaN
0.783 -0.74168287335236 -0.565036491586653 0.78526803695784 NaN
0.784 -0.743130511819805 -0.566964875121543 0.78526803695784 NaN
0.785 -0.744586483165509 -0.568900414511013 0.78526803695784 NaN
0.786 -0.746049933940509 -0.570842631000279 0.78526803695784 NaN
0.787 -0.747519996922286 -0.572791038168304 0.78526803695784 NaN
0.788 -0.748995787797257 -0.574745130312355 0.78526803695784 NaN
0.789 -0.750476409908045 -0.576704395283233 0.78526803695784 NaN
0.79 -0.751960956672433 -0.578668304731193 0.78526803695784 NaN
0.791 -0.75344850906355 -0.580636321576122 0.78526803695784 NaN
0.792 -0.754938141410678 -0.582607900170144 0.78526803695784 NaN
0.793 -0.756428921079777 -0.584582485109701 0.78526803695784 NaN
0.794 -0.757919907568567 -0.586559511505514 0.78526803695784 NaN
0.795 -0.759410154922313 -0.588538406312321 0.78526803695784 NaN
0.796 -0.760898714301095 -0.59051858961346 0.78526803695784 NaN
0.797 -0.762384635426099 -0.592499477523323 0.78526803695784 NaN
0.798 -0.763866966147452 -0.594480477556077 0.78526803695784 NaN
0.799 -0.765344753600305 -0.596460993523009 0.78526803695784 NaN
0.8 -0.766817040578351 -0.598440422165573 0.78526803695784 NaN
0.801 -0.768282866299499 -0.600418153939951 0.78526803695784 NaN
0.802 -0.769741268458293 -0.602393571210322 0.78526803695784 NaN
0.803 -0.771191283808796 -0.604366051921269 0.78526803695784 NaN
0.804 -0.772631946987444 -0.60633496806564 0.78526803695784 NaN
0.805 -0.774062291410617 -0.608299687336571 0.78526803695784 NaN
0.806 -0.775481348077916 -0.61025957053804 0.78526803695784 NaN
0.807 -0.776888145223281 -0.612213974209532 0.78526803695784 NaN
0.808 -0.778281707924106 -0.614162246331338 0.78526803695784 NaN
0.809 -0.779661060316582 -0.616103733480152 0.78526803695784 NaN
0.81 -0.781025219918176 -0.61803777144996 0.78526803695784 NaN
0.811 -0.782373200362851 -0.619963689502956 0.78526803695784 NaN
0.812 -0.783704014565912 -0.621880812435792 0.78526803695784 NaN
0.813 -0.785016671559421 -0.62378845726643 0.78526803695784 NaN
0.814 -0.786310178060888 -0.625685938271606 0.78526803695784 NaN
0.815 -0.787583538837077 -0.62757256740072 0.78526803695784 NaN
0.816 -0.78883575846593 -0.629447646230695 0.78526803695784 NaN
0.817 -0.790065840148897 -0.631310477473139 0.78526803695784 NaN
0.818 -0.791272788040654 -0.633160359625247 0.78526803695784 NaN
0.819 -0.792455608730476 -0.634996587493431 0.78526803695784 NaN
0.82 -0.793613312734985 -0.636818454342633 0.78526803695784 NaN
0.821 -0.7947449143774 -0.638625255722253 0.78526803695784 NaN
0.822 -0.795849434093737 -0.640416284165637 0.78526803695784 NaN
0.823 -0.796925899785467 -0.642190834582818 0.78526803695784 NaN
0.824 -0.797973348676517 -0.643948207838825 0.78526803695784 NaN
0.825 -0.798990828346229 -0.645687702954919 0.78526803695784 NaN
0.826 -0.799977399436285 -0.647408629180868 0.78526803695784 NaN
0.827 -0.800932135378917 -0.649110297479941 0.78526803695784 NaN
0.828 -0.801854126506571 -0.650792030314502 0.78526803695784 NaN
0.829 -0.802742479682059 -0.652453153961616 0.78526803695784 NaN
0.83 -0.803596320934986 -0.654093008288631 0.78526803695784 NaN
0.831 -0.804414795863853 -0.655710940046445 0.78526803695784 NaN
0.832 -0.805197071060475 -0.657306307916219 0.78526803695784 NaN
0.833 -0.805942334751046 -0.658878484877386 0.78526803695784 NaN
0.834 -0.806649798723563 -0.660426852048253 0.78526803695784 NaN
0.835 -0.807318698346387 -0.661950808907527 0.78526803695784 NaN
0.836 -0.807948292972827 -0.663449766525384 0.78526803695784 NaN
0.837 -0.808537866190131 -0.664923151421586 0.78526803695784 NaN
0.838 -0.809086725780556 -0.666370401377148 0.78526803695784 NaN
0.839 -0.80959420371277 -0.667790973494577 0.78526803695784 NaN
0.84 -0.810059656454108 -0.669184335502051 0.78526803695784 NaN
0.841 -0.810482464588905 -0.670549973795165 0.78526803695784 NaN
0.842 -0.810862031717684 -0.67188738934533 0.78526803695784 NaN
0.843 -0.811197785255721 -0.673196096203415 0.78526803695784 NaN
0.844 -0.811489175133742 -0.674475626007607 0.78526803695784 NaN
0.845 -0.811735673648796 -0.675725521570578 0.78526803695784 NaN
0.846 -0.811936775113604 -0.676945345761612 0.78526803695784 NaN
0.847 -0.812091995755085 -0.678134670541889 0.78526803695784 NaN
0.848 -0.812200873853461 -0.679293087912859 0.78526803695784 NaN
0.849 -0.812262968853007 -0.68042020055946 0.78526803695784 NaN
0.85 -0.812277862626364 -0.681515631272 0.78526803695784 NaN
0.851 -0.812245160486111 -0.6825790153583 0.78526803695784 NaN
0.852 -0.812164491993522 -0.683610005329416 0.785268036957841 NaN
0.853 -0.81203551062761 -0.684608271473239 0.78526803695784 NaN
0.854 -0.811857896103474 -0.685573500718243 0.785268036957841 NaN
0.855 -0.811631356577319 -0.686505400833172 0.78526803695784 NaN
0.856 -0.811355629283388 -0.687403700262377 0.78526803695784 NaN
0.857 -0.811030483898221 -0.688268144884805 0.785268036957841 NaN
0.858 -0.810655724423414 -0.689098506851718 0.78526803695784 NaN
0.859 -0.810231191909141 -0.689894583815761 0.78526803695784 NaN
0.86 -0.809756767015329 -0.690656196112194 0.78526803695784 NaN
0.861 -0.809232372140037 -0.6913831961385 0.78526803695784 NaN
0.862 -0.808657973120517 -0.692075456448613 0.78526803695784 NaN
0.863 -0.808033585922566 -0.692732889102979 0.78526803695784 NaN
0.864 -0.807359279717209 -0.693355435983772 0.78526803695784 NaN
0.865 -0.806635174558693 -0.693943071708465 0.78526803695784 NaN
0.866 -0.805861445089882 -0.694495804314686 0.78526803695784 NaN
0.867 -0.805038326872021 -0.695013681242096 0.78526803695784 NaN
0.868 -0.804166117922571 -0.695496791065991 0.78526803695784 NaN
0.869 -0.803245178662642 -0.695945257894034 0.785268036957841 NaN
0.87 -0.802275933990769 -0.696359247320963 0.78526803695784 NaN
0.871 -0.801258873988141 -0.696738967546971 0.78526803695784 NaN
0.872 -0.80019455459907 -0.697084664859202 0.78526803695784 NaN
0.873 -0.799083600326411 -0.697396631290922 0.78526803695784 NaN
0.874 -0.797926703877326 -0.697675201714105 0.78526803695784 NaN
0.875 -0.796724620846225 -0.697920749780212 0.78526803695784 NaN
0.876 -0.795478169461203 -0.698133692194498 0.78526803695784 NaN
0.877 -0.794188230307795 -0.69831448487863 0.78526803695784 NaN
0.878 -0.792855739748555 -0.698463617134783 0.78526803695784 NaN
0.879 -0.791481691512024 -0.698581613564326 0.78526803695784 NaN
0.88 -0.790067134859184 -0.698669041951415 0.78526803695784 NaN
0.881 -0.788613163003789 -0.698726500017592 0.78526803695784 NaN
0.882 -0.787120905283148 -0.69875460657176 0.78526803695784 NaN
0.883 -0.78559153099328 -0.698754010228879 0.78526803695784 NaN
0.884 -0.784026238751378 -0.698725381092634 0.78526803695784 NaN
0.885 -0.782426246028295 -0.698669404081975 0.78526803695784 NaN
0.886 -0.780792788007272 -0.698586782329601 0.78526803695784 NaN
0.887 -0.779127112392964 -0.69847823144553 0.78526803695784 NaN
0.888 -0.777430470604803 -0.69834447190324 0.78526803695784 NaN
0.889 -0.775704107068107 -0.698186224174092 0.78526803695784 NaN
0.89 -0.773949252882744 -0.69800420806411 0.78526803695784 NaN
0.891 -0.772167118539662 -0.697799139230451 0.785268036957839 NaN
0.892 -0.770358891480709 -0.697571718301914 0.78526803695784 NaN
0.893 -0.76852573302345 -0.69732264015817 0.78526803695784 NaN
0.894 -0.766668770317347 -0.697052589040654 0.78526803695784 NaN
0.895 -0.764789079613213 -0.696762218136187 0.78526803695784 NaN
0.896 -0.762887682206142 -0.696452154149528 0.78526803695784 NaN
0.897 -0.760965550391692 -0.696122997101157 0.78526803695784 NaN
0.898 -0.759023609364832 -0.695775325749715 0.78526803695784 NaN
0.899 -0.757062724681208 -0.695409690558818 0.78526803695784 NaN
0.9 -0.755083693485007 -0.695026602570686 0.78526803695784 NaN
0.901 -0.753087246860605 -0.694626538297808 0.78526803695784 NaN
0.902 -0.751074059476835 -0.69420994350088 0.785268036957839 NaN
0.903 -0.749044748931605 -0.693777233519035 0.78526803695784 NaN
0.904 -0.746999859652945 -0.693328782221156 0.78526803695784 NaN
0.905 -0.744939862596932 -0.692864925883043 0.78526803695784 NaN
0.906 -0.742865172218809 -0.692385970772332 0.78526803695784 NaN
0.907 -0.740776148048016 -0.69189218729527 0.78526803695784 NaN
0.908 -0.738673095253689 -0.691383818167209 0.78526803695784 NaN
0.909 -0.736556272799494 -0.690861080146652 0.78526803695784 NaN
0.91 -0.734425889201503 -0.690324159632102 0.78526803695784 NaN
0.911 -0.732282100410353 -0.689773216610764 0.78526803695784 NaN
0.912 -0.730125025050752 -0.689208386638078 0.78526803695784 NaN
0.913 -0.727954755821705 -0.688629789200449 0.78526803695784 NaN
0.914 -0.725771357909423 -0.688037529612058 0.78526803695784 NaN
0.915 -0.723574867969689 -0.687431696287641 0.78526803695784 NaN
0.916 -0.721365304588026 -0.686812367596059 0.78526803695784 NaN
0.917 -0.719142676670969 -0.686179616170214 0.78526803695784 NaN
0.918 -0.716906988270654 -0.685533511516978 0.78526803695784 NaN
0.919 -0.714658243102855 -0.684874122737357 0.78526803695784 NaN
0.92 -0.712396449869089 -0.684201519380017 0.78526803695784 NaN
0.921 -0.710121627907153 -0.683515782600882 0.78526803695784 NaN
0.922 -0.707833811727899 -0.682816999576886 0.78526803695784 NaN
0.923 -0.705533054854103 -0.682105269610966 0.78526803695784 NaN
0.924 -0.703219435667825 -0.681380706246256 0.78526803695784 NaN
0.925 -0.700893061007016 -0.680643440325 0.78526803695784 NaN
0.926 -0.698554069222855 -0.679893622413239 0.78526803695784 NaN
0.927 -0.696202631435321 -0.679131426476079 0.78526803695784 NaN
0.928 -0.693838952332724 -0.678357041750124 0.78526803695784 NaN
0.929 -0.69146327502529 -0.677570684788616 0.78526803695784 NaN
0.93 -0.689075882129669 -0.676772598128195 0.785268036957839 NaN
0.931 -0.686677097407538 -0.675963047483729 0.78526803695784 NaN
0.932 -0.684267287123991 -0.675142325669878 0.78526803695784 NaN
0.933 -0.681846858318766 -0.674310752889223 0.78526803695784 NaN
0.934 -0.679416258508624 -0.673468672164769 0.78526803695784 NaN
0.935 -0.676975975154435 -0.672616453782495 0.78526803695784 NaN
0.936 -0.674526534727287 -0.67175449318086 0.78526803695784 NaN
0.937 -0.672068500342535 -0.670883207056361 0.78526803695784 NaN
0.938 -0.669602471687879 -0.670003038007998 0.78526803695784 NaN
0.939 -0.667129082067052 -0.669114446708684 0.78526803695784 NaN
0.94 -0.664648995382617 -0.66821791763104 0.78526803695784 NaN
0.941 -0.662162904993534 -0.667313952283443 0.78526803695784 NaN
0.942 -0.659671529422141 -0.666403068555149 0.785268036957841 NaN
0.943 -0.657175610106268 -0.665485797800233 0.78526803695784 NaN
0.944 -0.654675908900251 -0.664562688840648 0.78526803695784 NaN
0.945 -0.652173204375351 -0.663634298074187 0.78526803695784 NaN
0.946 -0.649668289690512 -0.66270119229588 0.78526803695784 NaN
0.947 -0.647161969799923 -0.6617639462789 0.78526803695784 NaN
0.948 -0.644655058075997 -0.66082314070075 0.78526803695784 NaN
0.949 -0.642148374573453 -0.659879358742504 0.78526803695784 NaN
0.95 -0.63964274275496 -0.658933191138963 0.78526803695784 NaN
0.951 -0.637138988138318 -0.657985222817087 0.78526803695784 NaN
0.952 -0.634637935242286 -0.657036043114783 0.78526803695784 NaN
0.953 -0.632140406318759 -0.656086237950988 0.78526803695784 NaN
0.954 -0.629647219922458 -0.655136391371611 0.78526803695784 NaN
0.955 -0.627159189256245 -0.65418708343786 0.78526803695784 NaN
0.956 -0.624677120230655 -0.653238890463259 0.78526803695784 NaN
0.957 -0.622201812014901 -0.652292382440239 0.78526803695784 NaN
0.958 -0.619734054710659 -0.651348123497704 0.78526803695784 NaN
0.959 -0.6172746296815 -0.650406675724733 0.78526803695784 NaN
0.96 -0.614824309086667 -0.64946859051623 0.78526803695784 NaN
0.961 -0.612383855577218 -0.64853441486446 0.78526803695784 NaN
0.962 -0.609954022427041 -0.647604691720463 0.78526803695784 NaN
0.963 -0.607535553226762 -0.646679954835209 0.78526803695784 NaN
0.964 -0.605129182370435 -0.645760734911992 0.78526803695784 NaN
0.965 -0.602735634396663 -0.64484755328534 0.78526803695784 NaN
0.966 -0.60035562538461 -0.643940928926827 0.78526803695784 NaN
0.967 -0.597989861528526 -0.643041373025694 0.78526803695784 NaN
0.968 -0.595639040619763 -0.642149392910816 0.78526803695784 NaN
0.969 -0.593303850818171 -0.641265491004199 0.78526803695784 NaN
0.97 -0.590984971059666 -0.640390160944766 0.78526803695784 NaN
0.971 -0.588683071663614 -0.639523894850215 0.78526803695784 NaN
0.972 -0.586398813158591 -0.638667179180959 0.78526803695784 NaN
0.973 -0.584132846533151 -0.637820492663261 0.78526803695784 NaN
0.974 -0.581885812868659 -0.636984311772309 0.78526803695784 NaN
0.975 -0.579658342712993 -0.63615910398976 0.78526803695784 NaN
0.976 -0.577451055762064 -0.63534533171635 0.78526803695784 NaN
0.977 -0.575264559766674 -0.634543450625377 0.78526803695784 NaN
0.978 -0.573099449985511 -0.633753908490454 0.78526803695784 NaN
0.979 -0.570956308319088 -0.632977146016952 0.78526803695784 NaN
0.98 -0.568835702895518 -0.632213592780046 0.78526803695784 NaN
0.981 -0.566738185793859 -0.631463673465833 0.78526803695784 NaN
0.982 -0.564664293441297 -0.630727797147065 0.78526803695784 NaN
0.983 -0.562614544168802 -0.630006366179672 0.78526803695784 NaN
0.984 -0.560589438690494 -0.629299769514931 0.78526803695784 NaN
0.985 -0.558589458263193 -0.628608383979593 0.78526803695784 NaN
0.986 -0.556615063380325 -0.627932572930494 0.78526803695784 NaN
0.987 -0.554666694254083 -0.627272688753766 0.78526803695784 NaN
0.988 -0.552744768569552 -0.62662906497921 0.78526803695784 NaN
0.989 -0.550849681677594 -0.626002024237063 0.78526803695784 NaN
0.99 -0.548981806055973 -0.625391871452701 0.78526803695784 NaN
0.991 -0.547141490446915 -0.624798897780732 0.78526803695784 NaN
0.992 -0.545329060372265 -0.624223380487051 0.78526803695784 NaN
0.993 -0.543544816925856 -0.623665577572866 0.78526803695784 NaN
0.994 -0.541789038521052 -0.623125736878106 0.78526803695784 NaN
0.995 -0.540061978793245 -0.622604084794905 0.78526803695784 NaN
0.996 -0.538363868718675 -0.622100839352624 0.78526803695784 NaN
0.997 -0.536694915670284 -0.62161620045037 0.78526803695784 NaN
0.998 -0.535055305316743 -0.621150355316207 0.78526803695784 NaN
0.999 -0.533445200288017 -0.620703477439671 0.78526803695784 NaN
1 -0.531864741924495 -0.620275729272499 0.78526803695784 NaN
