"Time, Y-Force, Work integrand, Mass, Mass error"
1e-05 -9.44433051844944e-10 -5.78052516438875e-11 0.784549965727208 NaN
0.001 -1.18475977221396e-05 -6.29494861284386e-11 0.784549965727208 NaN
0.002 -5.6812501120643e-05 -5.74933733426434e-10 0.784549965727208 NaN
0.003 -0.000136162684613668 -3.13393907958573e-09 0.784549965727208 NaN
0.004 -0.000244070047984823 -9.47727954013159e-09 0.784549965727208 NaN
0.005 -0.000374943832535308 -2.25166405424345e-08 0.784549965727208 NaN
0.006 -0.000526352535756911 -4.46292784049516e-08 0.784549965727208 NaN
0.007 -0.000698886179817057 -7.93794890405124e-08 0.784549965727208 NaN
0.008 -0.000894694012423942 -1.30526289921816e-07 0.784549965727208 NaN
0.009 -0.00111605351732722 -2.02860145647528e-07 0.784549965727208 NaN
0.01 -0.001364564596752 -3.01636250002159e-07 0.784549965727208 NaN
0.011 -0.00164096805531911 -4.32828070404509e-07 0.784549965727208 NaN
0.012 -0.00194533342371425 -6.02727527601882e-07 0.784549965727208 NaN
0.013 -0.00227735983644642 -8.18219601901685e-07 0.784549965727208 NaN
0.014 -0.00263663536899256 -1.08638620324676e-06 0.784549965727208 NaN
0.015 -0.00302279955647027 -1.41527214383713e-06 0.784549965727207 NaN
0.016 -0.0034356144206962 -1.81304139913531e-06 0.784549965727208 NaN
0.017 -0.0038749720883996 -2.28865749936842e-06 0.784549965727207 NaN
0.018 -0.00434086865626038 -2.85149714182341e-06 0.784549965727207 NaN
0.019 -0.00483336686130415 -3.51162074800956e-06 0.784549965727207 NaN
0.02 -0.00535256091432597 -4.27926142952356e-06 0.784549965727207 NaN
0.021 -0.00589854984570216 -5.16549217955046e-06 0.784549965727207 NaN
0.022 -0.00647142105122273 -6.18216094954767e-06 0.784549965727207 NaN
0.023 -0.00707124270072699 -7.34104574587688e-06 0.784549965727207 NaN
0.024 -0.00769806334483455 -8.65517736111592e-06 0.784549965727207 NaN
0.025 -0.00835191599706233 -1.01373788616268e-05 0.784549965727208 NaN
0.026 -0.00903282522971869 -1.18011764326248e-05 0.784549965727208 NaN
0.027 -0.00974081471993197 -1.36609151243587e-05 0.784549965727207 NaN
0.028 -0.0104759140127999 -1.57314420839824e-05 0.784549965727208 NaN
0.029 -0.0112381628113139 -1.80275610141156e-05 0.784549965727208 NaN
0.03 -0.0120276122799304 -2.05651665202526e-05 0.784549965727208 NaN
0.031 -0.0128443234256356 -2.33603452872246e-05 0.784549965727208 NaN
0.032 -0.0136883632792273 -2.6430328878929e-05 0.784549965727208 NaN
0.033 -0.0145598001102778 -2.97923016048943e-05 0.784549965727207 NaN
0.034 -0.0154586990037772 -3.34634208190279e-05 0.784549965727208 NaN
0.035 -0.0163851188789036 -3.74631865275411e-05 0.784549965727208 NaN
0.036 -0.0173391114695026 -4.18094543513094e-05 0.784549965727207 NaN
0.037 -0.0183207221277942 -4.65222957298422e-05 0.784549965727207 NaN
0.038 -0.0193299922573192 -5.16209094338297e-05 0.784549965727208 NaN
0.039 -0.0203669621892017 -5.71263126456695e-05 0.784549965727208 NaN
0.04 -0.021431673987452 -6.30588929305961e-05 0.784549965727207 NaN
0.041 -0.0225241732654141 -6.94407975930984e-05 0.784549965727207 NaN
0.042 -0.0236445098031911 -7.62928412871013e-05 0.784549965727208 NaN
0.043 -0.0247927365940862 -8.36379975932443e-05 0.784549965727208 NaN
0.044 -0.0259689079369461 -9.14995781637342e-05 0.784549965727208 NaN
0.045 -0.0271730765656982 -9.99006964175269e-05 0.784549965727208 NaN
0.046 -0.0284052907548773 -0.000108865214120476 0.784549965727208 NaN
0.047 -0.0296655916784185 -0.000118417582253031 0.784549965727208 NaN
0.048 -0.0309540116700864 -0.000128582768791161 0.784549965727208 NaN
0.049 -0.0322705734848463 -0.000139385929074336 0.784549965727207 NaN
0.05 -0.0336152909229256 -0.000150853070234933 0.784549965727208 NaN
0.051 -0.0349881706117399 -0.000163010973036309 0.784549965727207 NaN
0.052 -0.0363892147176295 -0.000175885299826513 0.784549965727207 NaN
0.053 -0.0378184242678034 -0.000189503808570654 0.784549965727207 NaN
0.054 -0.0392758027149351 -0.000203894203601337 0.784549965727207 NaN
0.055 -0.0407613592898531 -0.000219084574758771 0.784549965727207 NaN
0.056 -0.0422751116391628 -0.000235103243729307 0.784549965727207 NaN
0.057 -0.0438170875890198 -0.000251979969427626 0.784549965727207 NaN
0.058 -0.0453873256327045 -0.000269743806634392 0.784549965727208 NaN
0.059 -0.0469858742940021 -0.000288425436689797 0.784549965727208 NaN
0.06 -0.0486127901197688 -0.000308055199399994 0.784549965727208 NaN
0.061 -0.0502681346318831 -0.000328664323899666 0.784549965727208 NaN
0.062 -0.0519519705622445 -0.000350285222663389 0.784549965727208 NaN
0.063 -0.0536643574151921 -0.000372949008223034 0.784549965727208 NaN
0.064 -0.0554053470287549 -0.000396689285968328 0.784549965727207 NaN
0.065 -0.0571749792724972 -0.0004215385072193 0.784549965727208 NaN
0.066 -0.0589732783850137 -0.000447529919421964 0.784549965727208 NaN
0.067 -0.0608002500989886 -0.000474698352489952 0.784549965727207 NaN
0.068 -0.062655879804152 -0.000503076381323863 0.784549965727208 NaN
0.069 -0.0645401319761257 -0.000532699710561381 0.784549965727208 NaN
0.07 -0.0664529507665227 -0.000563602133787878 0.784549965727208 NaN
0.071 -0.0683942617306994 -0.00059581902637463 0.784549965727207 NaN
0.072 -0.0703639746733649 -0.000629385051348837 0.784549965727207 NaN
0.073 -0.072361987281138 -0.000664335932208129 0.784549965727208 NaN
0.074 -0.0743881894469798 -0.000700707381975735 0.784549965727207 NaN
0.075 -0.0764424678330546 -0.000738535475337507 0.784549965727207 NaN
0.076 -0.0785247106367755 -0.000777855556443507 0.784549965727208 NaN
0.077 -0.0806348121006866 -0.000818705204195074 0.784549965727208 NaN
0.078 -0.0827726767032207 -0.000861121157344044 0.784549965727207 NaN
0.079 -0.0849382226381244 -0.000905140958484187 0.784549965727208 NaN
0.08 -0.0871313845787299 -0.000950802373706024 0.784549965727208 NaN
0.081 -0.0893521156396331 -0.00099814326311983 0.784549965727208 NaN
0.082 -0.0916003882484166 -0.00104720337698169 0.784549965727208 NaN
0.083 -0.0938761942923317 -0.00109802152119412 0.784549965727207 NaN
0.084 -0.0961795441131912 -0.00115063787277787 0.784549965727207 NaN
0.085 -0.098510464868518 -0.00120509284643164 0.784549965727207 NaN
0.086 -0.100868997983774 -0.00126142704486289 0.784549965727207 NaN
0.087 -0.103255196152498 -0.00131968241112998 0.784549965727208 NaN
0.088 -0.105669119631634 -0.0013799008624337 0.784549965727207 NaN
0.089 -0.108110832361963 -0.00144212419182812 0.784549965727207 NaN
0.09 -0.110580397717437 -0.00150639578818847 0.784549965727207 NaN
0.091 -0.113077874263442 -0.00157275871722442 0.784549965727207 NaN
0.092 -0.115603311525236 -0.0016412563482876 0.784549965727207 NaN
0.093 -0.118156745966742 -0.00171193224365291 0.784549965727207 NaN
0.094 -0.120738197095452 -0.00178483041822807 0.784549965727207 NaN
0.095 -0.123347664133895 -0.00185999526311037 0.784549965727207 NaN
0.096 -0.125985122963596 -0.00193746991118176 0.784549965727207 NaN
0.097 -0.128650523598163 -0.00201729925210764 0.784549965727207 NaN
0.098 -0.131343788161662 -0.00209952690990923 0.784549965727207 NaN
0.099 -0.13406480953774 -0.00218419660826652 0.784549965727207 NaN
0.1 -0.136813450386535 -0.00227135199192082 0.784549965727207 NaN
0.101 -0.139589542912071 -0.00236103691289566 0.784549965727207 NaN
0.102 -0.14239288910872 -0.00245329435205935 0.784549965727207 NaN
0.103 -0.145223261560289 -0.00254816689483761 0.784549965727207 NaN
0.104 -0.148080404651988 -0.00264569766230836 0.784549965727207 NaN
0.105 -0.150964036452359 -0.00274592810683804 0.784549965727207 NaN
0.106 -0.153873850849859 -0.00284890057208551 0.784549965727207 NaN
0.107 -0.156809520205022 -0.0029546559350707 0.784549965727207 NaN
0.108 -0.159770698262556 -0.00306323558966549 0.784549965727207 NaN
0.109 -0.16275702343546 -0.00317468050897322 0.784549965727207 NaN
0.11 -0.165768122285407 -0.00328903042787624 0.784549965727207 NaN
0.111 -0.168803613265504 -0.00340632592584043 0.784549965727207 NaN
0.112 -0.171863110590211 -0.00352660606471312 0.784549965727207 NaN
0.113 -0.174946228131431 -0.00364991100790749 0.784549965727207 NaN
0.114 -0.178052583512771 -0.00377627970965912 0.784549965727207 NaN
0.115 -0.181181801999905 -0.00390575133448522 0.784549965727207 NaN
0.116 -0.18433352048489 -0.00403836542497355 0.784549965727207 NaN
0.117 -0.187507391087644 -0.00417416041480863 0.784549965727207 NaN
0.118 -0.190703084788729 -0.00431317649676003 0.784549965727207 NaN
0.119 -0.193920294490401 -0.00445545266958724 0.784549965727207 NaN
0.12 -0.197158737894095 -0.00460102856460506 0.784549965727207 NaN
0.121 -0.200418159845876 -0.00474994405018469 0.784549965727207 NaN
0.122 -0.203698334120536 -0.00490223962066473 0.784549965727207 NaN
0.123 -0.206999064715724 -0.00505795633128699 0.784549965727207 NaN
0.124 -0.210320186425557 -0.00521713518704401 0.784549965727207 NaN
0.125 -0.213661564798523 -0.00537981825794194 0.784549965727207 NaN
0.126 -0.217023095335802 -0.005546047989685 0.784549965727207 NaN
0.127 -0.220404702083162 -0.00571586697946029 0.784549965727207 NaN
0.128 -0.223806335357459 -0.00588931940178947 0.784549965727207 NaN
0.129 -0.227227968894055 -0.00606644909869636 0.784549965727207 NaN
0.13 -0.230669596337173 -0.00624730037784975 0.784549965727207 NaN
0.131 -0.234131227064126 -0.00643191879844726 0.784549965727207 NaN
0.132 -0.237612881521958 -0.00662035012972467 0.784549965727207 NaN
0.133 -0.241114585951748 -0.00681263911348982 0.784549965727207 NaN
0.134 -0.244636366868981 -0.00700883214112942 0.784549965727207 NaN
0.135 -0.248178245119183 -0.00720897519392948 0.784549965727207 NaN
0.136 -0.251740229728449 -0.00741311399411025 0.784549965727207 NaN
0.137 -0.255322311534219 -0.00762129361795815 0.784549965727207 NaN
0.138 -0.258924456854276 -0.00783355928494324 0.784549965727207 NaN
0.139 -0.262546601089333 -0.00804995477480017 0.784549965727207 NaN
0.14 -0.266188642370583 -0.00827052383853288 0.784549965727207 NaN
0.141 -0.26985043552841 -0.00849530783050688 0.784549965727207 NaN
0.142 -0.273531786072845 -0.00872434793083376 0.784549965727207 NaN
0.143 -0.277232444706376 -0.00895768272867907 0.784549965727207 NaN
0.144 -0.280952101996562 -0.00919534974660951 0.784549965727207 NaN
0.145 -0.284690383557272 -0.00943738346441509 0.784549965727207 NaN
0.146 -0.288446845659104 -0.00968381712620278 0.784549965727207 NaN
0.147 -0.292220971355615 -0.00993467997577681 0.784549965727207 NaN
0.148 -0.296012167155791 -0.010189999630745 0.784549965727207 NaN
0.149 -0.299819760307343 -0.0104497998270382 0.784549965727207 NaN
0.15 -0.303642996689909 -0.0107141013494868 0.784549965727207 NaN
0.151 -0.307481039397083 -0.0109829216870175 0.784549965727207 NaN
0.152 -0.311332967984437 -0.0112562733809563 0.784549965727207 NaN
0.153 -0.315197778446513 -0.0115341669103803 0.784549965727207 NaN
0.154 -0.319074383911647 -0.011816607166299 0.784549965727207 NaN
0.155 -0.32296161622454 -0.0121035957924775 0.784549965727207 NaN
0.156 -0.326858228107013 -0.0123951295743249 0.784549965727207 NaN
0.157 -0.330762896122688 -0.0126912008482237 0.784549965727207 NaN
0.158 -0.334674224383268 -0.0129917979324785 0.784549965727207 NaN
0.159 -0.338590748923844 -0.0132969048954319 0.784549965727207 NaN
0.16 -0.342510942946026 -0.0136065004945872 0.784549965727207 NaN
0.161 -0.346433222429373 -0.0139205592496549 0.784549965727207 NaN
0.162 -0.350355952541269 -0.0142390525748742 0.784549965727207 NaN
0.163 -0.354277454370914 -0.0145619460028725 0.784549965727207 NaN
0.164 -0.358196012245094 -0.0148892017353253 0.784549965727207 NaN
0.165 -0.36210988137617 -0.0152207781774783 0.784549965727207 NaN
0.166 -0.366017295674482 -0.0155566300176166 0.784549965727207 NaN
0.167 -0.36991647586593 -0.0158967075233573 0.784549965727207 NaN
0.168 -0.373805637629973 -0.0162409589701895 0.784549965727207 NaN
0.169 -0.377682999694607 -0.0165893289139687 0.784549965727207 NaN
0.17 -0.381546791870966 -0.0169417594293799 0.784549965727207 NaN
0.171 -0.385395262898762 -0.0172981898027706 0.784549965727207 NaN
0.172 -0.389226687870124 -0.0176585576501577 0.784549965727207 NaN
0.173 -0.393039375466285 -0.0180227982471793 0.784549965727207 NaN
0.174 -0.396831674553191 -0.0183908461479002 0.784549965727207 NaN
0.175 -0.40060198042392 -0.018762633982632 0.784549965727208 NaN
0.176 -0.4043487404191 -0.0191380933479483 0.784549965727207 NaN
0.177 -0.408070458895809 -0.0195171556879101 0.784549965727208 NaN
0.178 -0.411765701684179 -0.0198997521344516 0.784549965727208 NaN
0.179 -0.415433099816768 -0.0202858133615872 0.784549965727207 NaN
0.18 -0.419071352610414 -0.0206752702145317 0.784549965727207 NaN
0.181 -0.422679230085708 -0.0210680541346204 0.784549965727207 NaN
0.182 -0.426255574758488 -0.0214640975465437 0.784549965727207 NaN
0.183 -0.429799302815264 -0.0218633326042371 0.784549965727207 NaN
0.184 -0.433309404729607 -0.0222656932355321 0.784549965727208 NaN
0.185 -0.436784945272468 -0.0226711146000493 0.784549965727207 NaN
0.186 -0.440225063121145 -0.0230795319710252 0.784549965727207 NaN
0.187 -0.443628969965688 -0.0234908831059881 0.784549965727207 NaN
0.188 -0.446995949294307 -0.0239051065692858 0.784549965727207 NaN
0.189 -0.450325354756634 -0.0243221430570443 0.784549965727207 NaN
0.19 -0.453616608180763 -0.0247419335146425 0.784549965727207 NaN
0.191 -0.45686919743065 -0.0251644220677414 0.784549965727207 NaN
0.192 -0.460082674023902 -0.0255895529269652 0.784549965727207 NaN
0.193 -0.463256650688904 -0.0260172731232677 0.784549965727207 NaN
0.194 -0.466390798715598 -0.0264475307762868 0.784549965727207 NaN
0.195 -0.469484845317735 -0.0268802756359949 0.784549965727207 NaN
0.196 -0.472538570905883 -0.0273154590514486 0.784549965727207 NaN
0.197 -0.475551806380425 -0.0277530340062434 0.784549965727207 NaN
0.198 -0.478524430430413 -0.0281929548960264 0.784549965727207 NaN
0.199 -0.481456366790451 -0.0286351780086525 0.784549965727207 NaN
0.2 -0.484347581708195 -0.0290796612913463 0.784549965727207 NaN
0.201 -0.48719808131094 -0.0295263637896575 0.784549965727207 NaN
0.202 -0.490007909110134 -0.0299752458112717 0.784549965727207 NaN
0.203 -0.492777143373184 -0.0304262694270699 0.784549965727207 NaN
0.204 -0.495505894684662 -0.030879398534937 0.784549965727207 NaN
0.205 -0.498194303484189 -0.0313345970533616 0.784549965727207 NaN
0.206 -0.500842537681257 -0.0317918318637827 0.784549965727207 NaN
0.207 -0.503450790274124 -0.0322510697884325 0.784549965727207 NaN
0.208 -0.506019276924369 -0.0327122792102418 0.784549965727207 NaN
0.209 -0.50854823353557 -0.0331754301790237 0.784549965727207 NaN
0.21 -0.511037913881415 -0.033640492449815 0.784549965727207 NaN
0.211 -0.51348858719941 -0.0341074382610999 0.784549965727207 NaN
0.212 -0.515900535780762 -0.0345762394177698 0.784549965727207 NaN
0.213 -0.518274052571399 -0.0350468694561819 0.784549965727207 NaN
0.214 -0.520609438757041 -0.0355193016058641 0.784549965727207 NaN
0.215 -0.522907001339582 -0.0359935104592802 0.784549965727207 NaN
0.216 -0.525167050765914 -0.0364694702575909 0.784549965727207 NaN
0.217 -0.527389898490664 -0.0369471565856222 0.784549965727207 NaN
0.218 -0.529575854713691 -0.0374265435114461 0.784549965727207 NaN
0.219 -0.531725226055715 -0.0379076069032131 0.784549965727207 NaN
0.22 -0.53383831336768 -0.038390321160877 0.784549965727207 NaN
0.221 -0.535915409591408 -0.0388746608663614 0.784549965727207 NaN
0.222 -0.537956797817153 -0.0393606001243303 0.784549965727207 NaN
0.223 -0.539962749296107 -0.0398481125002875 0.784549965727207 NaN
0.224 -0.541933521826837 -0.0403371705048785 0.784549965727207 NaN
0.225 -0.543869358075204 -0.0408277456286622 0.784549965727207 NaN
0.226 -0.545770484249151 -0.0413198093321329 0.784549965727207 NaN
0.227 -0.547637108877876 -0.0418133310350122 0.784549965727207 NaN
0.228 -0.549469421818693 -0.0423082789903086 0.784549965727207 NaN
0.229 -0.551267593490614 -0.0428046199780014 0.784549965727207 NaN
0.23 -0.553031774353478 -0.0433023200249617 0.784549965727207 NaN
0.231 -0.554762094545122 -0.0438013425874809 0.784549965727207 NaN
0.232 -0.556458663858506 -0.0443016500392823 0.784549965727207 NaN
0.233 -0.558121571872774 -0.0448032028731154 0.784549965727207 NaN
0.234 -0.559750888321165 -0.0453059605866475 0.784549965727207 NaN
0.235 -0.561346663792598 -0.0458098797695203 0.784549965727207 NaN
0.236 -0.562908930454811 -0.0463149164153315 0.784549965727207 NaN
0.237 -0.564437703190748 -0.0468210242328901 0.784549965727207 NaN
0.238 -0.56593298080592 -0.0473281549821921 0.784549965727207 NaN
0.239 -0.567394747421234 -0.0478362596446288 0.784549965727207 NaN
0.24 -0.568822974114292 -0.0483452871606001 0.784549965727207 NaN
0.241 -0.570217620605321 -0.0488551853531187 0.784549965727207 NaN
0.242 -0.571578637098723 -0.0493659002846792 0.784549965727207 NaN
0.243 -0.572905966270305 -0.0498773772648186 0.784549965727207 NaN
0.244 -0.574199545263284 -0.0503895610271801 0.784549965727207 NaN
0.245 -0.575459307789743 -0.0509023938747565 0.784549965727207 NaN
0.246 -0.576685186207569 -0.0514158191934607 0.784549965727207 NaN
0.247 -0.577877113680541 -0.0519297786352202 0.784549965727207 NaN
0.248 -0.579035026233872 -0.0524442135400717 0.784549965727207 NaN
0.249 -0.5801588648411 -0.0529590658409578 0.784549965727207 NaN
0.25 -0.581248577363982 -0.0534742768299138 0.784549965727207 NaN
0.251 -0.582304120481598 -0.053989787551646 0.784549965727207 NaN
0.252 -0.583325461442802 -0.0545055408649137 0.784549965727207 NaN
0.253 -0.584312579734946 -0.0550214784380659 0.784549965727207 NaN
0.254 -0.585265468592186 -0.055537543988031 0.784549965727207 NaN
0.255 -0.58618413629082 -0.0560536811969285 0.784549965727207 NaN
0.256 -0.587068607373681 -0.0565698352558691 0.784549965727207 NaN
0.257 -0.587918923530434 -0.0570859519955719 0.784549965727207 NaN
0.258 -0.5887351444243 -0.0576019793991771 0.784549965727207 NaN
0.259 -0.589517348232084 -0.0581178658293059 0.784549965727207 NaN
0.26 -0.590265631998001 -0.0586335615937185 0.784549965727207 NaN
0.261 -0.59098011170224 -0.0591490185451593 0.784549965727207 NaN
0.262 -0.59166092224699 -0.0596641901443133 0.784549965727207 NaN
0.263 -0.59230821710129 -0.0601790309821657 0.784549965727207 NaN
0.264 -0.59292216786707 -0.0606934979429427 0.784549965727207 NaN
0.265 -0.593502963442857 -0.0612075487358901 0.784549965727207 NaN
0.266 -0.594050809267286 -0.0617211440618126 0.784549965727207 NaN
0.267 -0.594565926526521 -0.0622342443329667 0.784549965727207 NaN
0.268 -0.595048550713514 -0.0627468123743088 0.784549965727207 NaN
0.269 -0.595498930375825 -0.0632588128213448 0.784549965727207 NaN
0.27 -0.595917325640629 -0.0637702109095116 0.784549965727207 NaN
0.271 -0.596304006741948 -0.0642809727693969 0.784549965727207 NaN
0.272 -0.596659252403919 -0.0647910663986704 0.784549965727207 NaN
0.273 -0.596983348279736 -0.0653004602473686 0.784549965727207 NaN
0.274 -0.597276585242042 -0.0658091231804629 0.784549965727207 NaN
0.275 -0.597539257785718 -0.0663170252373426 0.784549965727207 NaN
0.276 -0.597771662444096 -0.0668241368003658 0.784549965727207 NaN
0.277 -0.597974096176604 -0.0673304279942978 0.784549965727207 NaN
0.278 -0.5981468549342 -0.0678358694663908 0.784549965727207 NaN
0.279 -0.598290232231657 -0.0683404318672282 0.784549965727207 NaN
0.28 -0.59840451791274 -0.0688440852101768 0.784549965727207 NaN
0.281 -0.598489996920589 -0.0693467997869286 0.784549965727207 NaN
0.282 -0.598546948601264 -0.0698485449679835 0.784549965727207 NaN
0.283 -0.598575645705995 -0.0703492893791336 0.784549965727207 NaN
0.284 -0.598576353841577 -0.0708490018247532 0.784549965727207 NaN
0.285 -0.598549331063057 -0.0713476492987678 0.784549965727206 NaN
0.286 -0.598494827711081 -0.0718451985343318 0.784549965727207 NaN
0.287 -0.598413086594049 -0.0723416152887363 0.784549965727207 NaN
0.288 -0.598304342937228 -0.0728368649432872 0.784549965727207 NaN
0.289 -0.598168824960826 -0.0733309110635677 0.784549965727206 NaN
0.29 -0.598006754975536 -0.0738237177046503 0.784549965727207 NaN
0.291 -0.597818350291077 -0.0743152480080976 0.784549965727207 NaN
0.292 -0.597603824199802 -0.074805463159045 0.784549965727207 NaN
0.293 -0.597363387212864 -0.0752943252223784 0.784549965727207 NaN
0.294 -0.597097248674196 -0.0757817960536494 0.784549965727206 NaN
0.295 -0.596805618741481 -0.0762678370364723 0.784549965727207 NaN
0.296 -0.596488710482784 -0.0767524102639939 0.784549965727207 NaN
0.297 -0.596146742180084 -0.0772354775830178 0.784549965727207 NaN
0.298 -0.595779939451804 -0.0777170020334797 0.784549965727207 NaN
0.299 -0.595388537364365 -0.0781969481350442 0.784549965727207 NaN
0.3 -0.594972783699639 -0.0786752807860047 0.784549965727207 NaN
0.301 -0.594532941334482 -0.0791519675538525 0.784549965727207 NaN
0.302 -0.594069290329196 -0.0796269782999903 0.784549965727207 NaN
0.303 -0.59358213062647 -0.0801002846204829 0.784549965727207 NaN
0.304 -0.593071785005792 -0.0805718622647832 0.784549965727207 NaN
0.305 -0.592538602043296 -0.0810416890947536 0.784549965727207 NaN
0.306 -0.591982958973346 -0.0815097481408099 0.784549965727207 NaN
0.307 -0.5914052640756 -0.0819760261691361 0.784549965727207 NaN
0.308 -0.590805959097616 -0.082440514572108 0.784549965727207 NaN
0.309 -0.590185521452 -0.0829032103937483 0.784549965727207 NaN
0.31 -0.589544466398556 -0.0833641161794876 0.784549965727207 NaN
0.311 -0.588883349159063 -0.0838232406400545 0.784549965727207 NaN
0.312 -0.588202766889648 -0.084280598046511 0.784549965727207 NaN
0.313 -0.58750336039005 -0.0847362114952629 0.784549965727207 NaN
0.314 -0.586785815517501 -0.0851901103426079 0.784549965727207 NaN
0.315 -0.586050864263893 -0.085642330694502 0.784549965727207 NaN
0.316 -0.585299285585088 -0.086092918347148 0.784549965727207 NaN
0.317 -0.58453190599051 -0.0865419264139904 0.784549965727207 NaN
0.318 -0.583749599879902 -0.08698941645856 0.784549965727207 NaN
0.319 -0.582953289695245 -0.0874354594952538 0.784549965727207 NaN
0.32 -0.582143945726314 -0.087880134672631 0.784549965727207 NaN
0.321 -0.581322585572716 -0.0883235307570034 0.784549965727207 NaN
0.322 -0.580490273289843 -0.0887657456621645 0.784549965727207 NaN
0.323 -0.579648118256273 -0.0892068867391668 0.784549965727207 NaN
0.324 -0.578797273654402 -0.0896470702929824 0.784549965727207 NaN
0.325 -0.577938934722636 -0.0900864222860364 0.784549965727207 NaN
0.326 -0.577074336682204 -0.0905250772622758 0.784549965727207 NaN
0.327 -0.576204752408451 -0.090963179549639 0.784549965727207 NaN
0.328 -0.575331489840332 -0.091400882195809 0.784549965727207 NaN
0.329 -0.574455889090176 -0.0918383464081488 0.784549965727207 NaN
0.33 -0.573579319463774 -0.0922757424440601 0.784549965727207 NaN
0.331 -0.572703176073211 -0.0927132481898313 0.784549965727207 NaN
0.332 -0.571828876419181 -0.0931510500033875 0.784549965727207 NaN
0.333 -0.570957856753538 -0.0935893401170452 0.784549965727207 NaN
0.334 -0.570091568237242 -0.0940283196045614 0.784549965727207 NaN
0.335 -0.569231473054869 -0.0944681947003526 0.784549965727207 NaN
0.336 -0.568379040401989 -0.0949091775199623 0.784549965727207 NaN
0.337 -0.567535742340159 -0.0953514864868629 0.784549965727207 NaN
0.338 -0.566703049607898 -0.0957953442113444 0.784549965727207 NaN
0.339 -0.565882427489007 -0.0962409777607628 0.784549965727207 NaN
0.34 -0.565075331529213 -0.096688617397608 0.784549965727207 NaN
0.341 -0.564283203346127 -0.0971384968420396 0.784549965727207 NaN
0.342 -0.563507466519804 -0.0975908525304726 0.784549965727207 NaN
0.343 -0.562749522440602 -0.0980459218514699 0.784549965727207 NaN
0.344 -0.562010746316253 -0.098503943649448 0.784549965727207 NaN
0.345 -0.561292483352765 -0.0989651568853293 0.784549965727207 NaN
0.346 -0.560596044896695 -0.0994298003014329 0.784549965727207 NaN
0.347 -0.559922704944327 -0.0998981113229829 0.784549965727207 NaN
0.348 -0.559273696636805 -0.100370326927844 0.784549965727207 NaN
0.349 -0.558650209128709 -0.100846680796368 0.784549965727207 NaN
0.35 -0.558053384480335 -0.101327403221489 0.784549965727207 NaN
0.351 -0.557484314940938 -0.101812722629755 0.784549965727207 NaN
0.352 -0.556944040374932 -0.102302861801401 0.784549965727207 NaN
0.353 -0.55643354595624 -0.102798039294505 0.784549965727207 NaN
0.354 -0.55595376017223 -0.103298469470463 0.784549965727207 NaN
0.355 -0.555505553010252 -0.103804359495559 0.784549965727207 NaN
0.356 -0.555089734478635 -0.104315911665339 0.784549965727207 NaN
0.357 -0.554707053452413 -0.104833320426039 0.784549965727207 NaN
0.358 -0.554358196716045 -0.105356774794457 0.784549965727207 NaN
0.359 -0.554043788332631 -0.105886454897973 0.784549965727207 NaN
0.36 -0.553764389347694 -0.106422534346886 0.784549965727207 NaN
0.361 -0.55352049771971 -0.106965178443401 0.784549965727207 NaN
0.362 -0.553312548595137 -0.107514544341447 0.784549965727207 NaN
0.363 -0.553140914822435 -0.108070780877254 0.784549965727207 NaN
0.364 -0.553005907741599 -0.108634029169919 0.784549965727207 NaN
0.365 -0.552907778322545 -0.109204420965477 0.784549965727207 NaN
0.366 -0.552846718453155 -0.10978207949232 0.784549965727207 NaN
0.367 -0.552822862547929 -0.110367120805357 0.784549965727207 NaN
0.368 -0.552836289368603 -0.110959650612144 0.784549965727207 NaN
0.369 -0.552887024080183 -0.111559768175091 0.784549965727207 NaN
0.37 -0.552975040511823 -0.112167563020248 0.784549965727207 NaN
0.371 -0.553100263623908 -0.112783118231712 0.784549965727207 NaN
0.372 -0.553262572151216 -0.113406507826787 0.784549965727207 NaN
0.373 -0.55346180137176 -0.114037799033067 0.784549965727207 NaN
0.374 -0.553697746074394 -0.114677051937722 0.784549965727207 NaN
0.375 -0.553970163607158 -0.11532431991893 0.784549965727208 NaN
0.376 -0.554278777034521 -0.115979650171583 0.784549965727207 NaN
0.377 -0.554623278397541 -0.116643082959652 0.784549965727207 NaN
0.378 -0.55500333199606 -0.117314653766843 0.784549965727207 NaN
0.379 -0.555418577696704 -0.117994393450951 0.784549965727207 NaN
0.38 -0.555868634453887 -0.118682327170594 0.784549965727207 NaN
0.381 -0.55635310359275 -0.119378476527161 0.784549965727207 NaN
0.382 -0.556871571906951 -0.120082860344991 0.784549965727207 NaN
0.383 -0.55742361508094 -0.120795492679349 0.784549965727207 NaN
0.384 -0.558008800896043 -0.121516386442429 0.784549965727207 NaN
0.385 -0.558626692324108 -0.122245551345783 0.784549965727207 NaN
0.386 -0.559276850652924 -0.122982996687852 0.784549965727207 NaN
0.387 -0.559958838430851 -0.123728730203545 0.784549965727207 NaN
0.388 -0.560672222184259 -0.124482759068667 0.784549965727207 NaN
0.389 -0.561416574805126 -0.125245090593985 0.784549965727207 NaN
0.39 -0.56219147777493 -0.126015732540468 0.784549965727207 NaN
0.391 -0.56299652340795 -0.126794692643682 0.784549965727207 NaN
0.392 -0.563831316858579 -0.127581981544029 0.784549965727207 NaN
0.393 -0.564695478188232 -0.128377609947393 0.784549965727207 NaN
0.394 -0.565588642998693 -0.129181591365021 0.784549965727207 NaN
0.395 -0.566510465336106 -0.129993941098756 0.784549965727207 NaN
0.396 -0.567460618978726 -0.130814677435942 0.784549965727207 NaN
0.397 -0.568438797039199 -0.131643821521188 0.784549965727207 NaN
0.398 -0.569444711882454 -0.132481397122724 0.784549965727207 NaN
0.399 -0.570478096048251 -0.133327431304231 0.784549965727207 NaN
0.4 -0.571538703206793 -0.134181955048754 0.784549965727207 NaN
0.401 -0.572626308626355 -0.135045001152193 0.784549965727207 NaN
0.402 -0.57374070876382 -0.135916608466998 0.784549965727207 NaN
0.403 -0.574881720433061 -0.136796816927772 0.784549965727207 NaN
0.404 -0.57604917967762 -0.137685671203564 0.784549965727207 NaN
0.405 -0.577242940729336 -0.138583218349431 0.784549965727207 NaN
0.406 -0.578462875341817 -0.139489509428026 0.784549965727207 NaN
0.407 -0.579708871889821 -0.14040459810349 0.784549965727208 NaN
0.408 -0.580980834115043 -0.141328540956058 0.784549965727208 NaN
0.409 -0.582278679831783 -0.142261397256749 0.784549965727208 NaN
0.41 -0.58360233982808 -0.143203229113857 0.784549965727208 NaN
0.411 -0.584951755304328 -0.144154100866288 0.784549965727208 NaN
0.412 -0.58632687663325 -0.145114078333212 0.784549965727208 NaN
0.413 -0.587727662633774 -0.146083229043516 0.784549965727208 NaN
0.414 -0.589154078924637 -0.147061623026842 0.784549965727208 NaN
0.415 -0.590606095346401 -0.148049329319692 0.784549965727208 NaN
0.416 -0.59208368372046 -0.14904641981461 0.784549965727208 NaN
0.417 -0.593586816380687 -0.150052965182151 0.784549965727208 NaN
0.418 -0.595115465207257 -0.151069036941636 0.784549965727208 NaN
0.419 -0.596669600487389 -0.152094706599532 0.784549965727208 NaN
0.42 -0.598249189691815 -0.153130044905444 0.784549965727208 NaN
0.421 -0.599854195941444 -0.154175121734601 0.784549965727208 NaN
0.422 -0.601484576468185 -0.155230005829256 0.784549965727208 NaN
0.423 -0.603140281214428 -0.156294764744138 0.784549965727208 NaN
0.424 -0.604821251710108 -0.157369464369297 0.784549965727208 NaN
0.425 -0.606527420083873 -0.158454168272282 0.784549965727208 NaN
0.426 -0.608258708336942 -0.15954893771894 0.784549965727208 NaN
0.427 -0.610015028414814 -0.160653832113705 0.784549965727208 NaN
0.428 -0.611796280642701 -0.161768908472053 0.784549965727208 NaN
0.429 -0.613602353129595 -0.162894220061591 0.784549965727208 NaN
0.43 -0.615433122067384 -0.164029818512955 0.784549965727207 NaN
0.431 -0.617288451506643 -0.165175752135005 0.784549965727208 NaN
0.432 -0.619168193254189 -0.166332066445372 0.784549965727207 NaN
0.433 -0.621072186984328 -0.167498803560801 0.784549965727208 NaN
0.434 -0.623000260291224 -0.168676002546853 0.784549965727208 NaN
0.435 -0.624952228919618 -0.169863699075322 0.784549965727208 NaN
0.436 -0.626927897019179 -0.171061925965482 0.784549965727208 NaN
0.437 -0.628927057447955 -0.172270712579189 0.784549965727208 NaN
0.438 -0.630949492141999 -0.173490085142437 0.784549965727208 NaN
0.439 -0.632994972819338 -0.174720066038663 0.784549965727208 NaN
0.44 -0.635063261167255 -0.175960675613522 0.784549965727208 NaN
0.441 -0.637154108806348 -0.177211930625845 0.784549965727208 NaN
0.442 -0.639267258444744 -0.178473843843758 0.784549965727208 NaN
0.443 -0.641402444300812 -0.179746425620845 0.784549965727208 NaN
0.444 -0.643559392572584 -0.181029684152516 0.784549965727208 NaN
0.445 -0.645737821913105 -0.182323623146262 0.784549965727208 NaN
0.446 -0.647937443872889 -0.183628243849209 0.784549965727208 NaN
0.447 -0.650157963231959 -0.184943544711724 0.784549965727208 NaN
0.448 -0.652399078369979 -0.186269521213004 0.784549965727208 NaN
0.449 -0.654660481468442 -0.1876061651645 0.784549965727208 NaN
0.45 -0.656941858663009 -0.18895346668463 0.784549965727208 NaN
0.451 -0.659242890170622 -0.190311411447964 0.784549965727208 NaN
0.452 -0.661563250248982 -0.191679983008022 0.784549965727208 NaN
0.453 -0.663902607121581 -0.193059160810266 0.784549965727208 NaN
0.454 -0.666260622824801 -0.194448921952479 0.784549965727208 NaN
0.455 -0.668636952891578 -0.195849239574986 0.784549965727208 NaN
0.456 -0.671031246023922 -0.197260083203619 0.784549965727208 NaN
0.457 -0.673443143568864 -0.198681418796665 0.784549965727208 NaN
0.458 -0.675872279006837 -0.200113208353559 0.784549965727208 NaN
0.459 -0.678318277210737 -0.201555409218249 0.784549965727208 NaN
0.46 -0.680780753735434 -0.203007975623123 0.784549965727208 NaN
0.461 -0.683259313959129 -0.204470855916299 0.784549965727208 NaN
0.462 -0.685753552158462 -0.205943993013636 0.784549965727208 NaN
0.463 -0.688263050456609 -0.207427326187 0.784549965727208 NaN
0.464 -0.690787377767084 -0.208920788378887 0.784549965727208 NaN
0.465 -0.693326088694869 -0.21042430626004 0.784549965727208 NaN
0.466 -0.695878722272456 -0.211937800225884 0.784549965727208 NaN
0.467 -0.698444800703278 -0.213461184359295 0.784549965727208 NaN
0.468 -0.701023828177519 -0.214994365166562 0.784549965727208 NaN
0.469 -0.703615289473189 -0.216537242271569 0.784549965727208 NaN
0.47 -0.706218648697578 -0.21808970695866 0.784549965727208 NaN
0.471 -0.708833347960982 -0.219651642072672 0.784549965727208 NaN
0.472 -0.711458806066722 -0.221222922058692 0.784549965727208 NaN
0.473 -0.714094417234472 -0.222803412603033 0.784549965727208 NaN
0.474 -0.716739549884392 -0.224392968597623 0.784549965727208 NaN
0.475 -0.71939354541535 -0.225991436593686 0.784549965727208 NaN
0.476 -0.72205571710639 -0.227598651160845 0.784549965727208 NaN
0.477 -0.724725349084515 -0.229214437329537 0.784549965727208 NaN
0.478 -0.727401695293155 -0.230838609057608 0.784549965727208 NaN
0.479 -0.730083978753865 -0.232470968206362 0.784549965727208 NaN
0.48 -0.732771390691811 -0.234111305466955 0.784549965727208 NaN
0.481 -0.735463090058896 -0.235759399224863 0.784549965727208 NaN
0.482 -0.73815820294618 -0.237415016320682 0.784549965727208 NaN
0.483 -0.740855822286315 -0.239077910707028 0.784549965727208 NaN
0.484 -0.74355500770542 -0.240747824022362 0.784549965727208 NaN
0.485 -0.746254785476589 -0.24242448505815 0.784549965727208 NaN
0.486 -0.748954148688633 -0.24410760980496 0.784549965727208 NaN
0.487 -0.751652057591736 -0.245796901919016 0.784549965727208 NaN
0.488 -0.754347440114812 -0.247492051979381 0.784549965727208 NaN
0.489 -0.757039192563796 -0.249192738303035 0.784549965727208 NaN
0.49 -0.759726180554753 -0.250898626116679 0.784549965727208 NaN
0.491 -0.76240724005771 -0.252609369047764 0.784549965727208 NaN
0.492 -0.765081178761884 -0.25432460845301 0.784549965727208 NaN
0.493 -0.767746777450727 -0.256043973360073 0.784549965727209 NaN
0.494 -0.770402791760224 -0.257767082578233 0.784549965727209 NaN
0.495 -0.773047954031391 -0.259493542793413 0.784549965727209 NaN
0.496 -0.77568097530023 -0.261222951628673 0.784549965727209 NaN
0.497 -0.778300547579588 -0.26295489551423 0.784549965727209 NaN
0.498 -0.780905346215919 -0.264688952139914 0.784549965727209 NaN
0.499 -0.783494032459076 -0.266424691125715 0.784549965727208 NaN
0.5 -0.786065256160165 -0.268161673203153 0.784549965727209 NaN
0.501 -0.788617658629752 -0.269899453001187 0.784549965727209 NaN
0.502 -0.791149875588938 -0.271637578040778 0.784549965727209 NaN
0.503 -0.793660540272743 -0.27337559066456 0.784549965727209 NaN
0.504 -0.79614828661743 -0.275113029166655 0.784549965727209 NaN
0.505 -0.79861175251438 -0.276849427419675 0.784549965727209 NaN
0.506 -0.801049583148839 -0.278584317811018 0.784549965727209 NaN
0.507 -0.803460434387929 -0.28031722987915 0.784549965727209 NaN
0.508 -0.805842976191864 -0.282047693985969 0.784549965727209 NaN
0.509 -0.808195896028273 -0.283775240059971 0.784549965727209 NaN
0.51 -0.810517902256755 -0.285499399768938 0.784549965727209 NaN
0.511 -0.812807727579771 -0.287219708161263 0.784549965727209 NaN
0.512 -0.81506413231071 -0.288935703399253 0.784549965727209 NaN
0.513 -0.817285907681997 -0.290646928157853 0.784549965727209 NaN
0.514 -0.819471879005429 -0.29235293223019 0.784549965727209 NaN
0.515 -0.821620908726143 -0.294053271844672 0.784549965727209 NaN
0.516 -0.823731899412418 -0.295747510291485 0.784549965727209 NaN
0.517 -0.825803796501338 -0.297435221666377 0.784549965727209 NaN
0.518 -0.827835591007259 -0.299115988857462 0.784549965727209 NaN
0.519 -0.82982632191381 -0.300789406081111 0.784549965727209 NaN
0.52 -0.83177507847574 -0.302455078834685 0.784549965727209 NaN
0.521 -0.833681002299392 -0.304112626256322 0.784549965727209 NaN
0.522 -0.835543289135425 -0.305761680882822 0.784549965727209 NaN
0.523 -0.837361190540273 -0.307401887880714 0.784549965727209 NaN
0.524 -0.839134015206291 -0.309032909167613 0.784549965727209 NaN
0.525 -0.840861130132215 -0.31065442134909 0.784549965727209 NaN
0.526 -0.842541961411993 -0.312266116860528 0.784549965727209 NaN
0.527 -0.844175994914337 -0.313867704133035 0.784549965727209 NaN
0.528 -0.84576277654928 -0.315458909243273 0.784549965727209 NaN
0.529 -0.847301912391415 -0.317039474924721 0.784549965727209 NaN
0.53 -0.848793068481147 -0.318609160844229 0.784549965727209 NaN
0.531 -0.850235970338557 -0.320167744535173 0.784549965727209 NaN
0.532 -0.851630402245268 -0.321715020446356 0.784549965727209 NaN
0.533 -0.85297620632405 -0.323250800647951 0.784549965727209 NaN
0.534 -0.854273281256772 -0.324774914578033 0.784549965727209 NaN
0.535 -0.855521580888621 -0.326287207924352 0.784549965727209 NaN
0.536 -0.856721112507607 -0.327787544134719 0.784549965727209 NaN
0.537 -0.857871935023682 -0.329275802719501 0.784549965727209 NaN
0.538 -0.858974156827562 -0.330751878089345 0.784549965727209 NaN
0.539 -0.860027933271223 -0.332215681258153 0.784549965727209 NaN
0.54 -0.861033464574871 -0.333667138144474 0.784549965727209 NaN
0.541 -0.861990993230914 -0.335106188058237 0.784549965727209 NaN
0.542 -0.862900801141289 -0.336532784523184 0.784549965727209 NaN
0.543 -0.863763206768407 -0.337946893752898 0.784549965727209 NaN
0.544 -0.864578562214612 -0.339348493437021 0.784549965727209 NaN
0.545 -0.865347250267942 -0.340737573424808 0.784549965727209 NaN
0.546 -0.866069681256946 -0.342114132347577 0.784549965727209 NaN
0.547 -0.866746290014672 -0.343478180051395 0.784549965727209 NaN
0.548 -0.867377532803487 -0.344829733645088 0.784549965727209 NaN
0.549 -0.867963884170683 -0.346168818633289 0.784549965727209 NaN
0.55 -0.868505833921668 -0.347495466447497 0.784549965727209 NaN
0.551 -0.869003884093104 -0.348809715162096 0.784549965727209 NaN
0.552 -0.86945854602898 -0.350111606755845 0.784549965727209 NaN
0.553 -0.869870337684606 -0.351401187429579 0.784549965727209 NaN
0.554 -0.870239779386515 -0.352678504922671 0.784549965727209 NaN
0.555 -0.870567391670978 -0.353943611136067 0.784549965727209 NaN
0.556 -0.870853694578544 -0.355196558701834 0.784549965727209 NaN
0.557 -0.871099205843824 -0.356437403121138 0.784549965727209 NaN
0.558 -0.871304437093052 -0.357666198029179 0.784549965727209 NaN
0.559 -0.871469891266998 -0.358882996103355 0.784549965727209 NaN
0.56 -0.871596060672525 -0.36008784839922 0.784549965727209 NaN
0.561 -0.871683425540641 -0.361280804147437 0.784549965727209 NaN
0.562 -0.871732452707588 -0.362461908477725 0.784549965727209 NaN
0.563 -0.871743594318924 -0.363631204012059 0.784549965727209 NaN
0.564 -0.871717286808406 -0.364788729983911 0.784549965727209 NaN
0.565 -0.871653949877411 -0.365934520855045 0.784549965727209 NaN
0.566 -0.871553985782067 -0.367068606711771 0.784549965727209 NaN
0.567 -0.871417778790954 -0.36819101309143 0.784549965727209 NaN
0.568 -0.871245694745955 -0.369301760937575 0.784549965727209 NaN
0.569 -0.871038080860059 -0.370400865673574 0.784549965727209 NaN
0.57 -0.870795265632901 -0.371488337663919 0.784549965727209 NaN
0.571 -0.870517558967617 -0.372564182483286 0.784549965727209 NaN
0.572 -0.870205252430049 -0.373628399771015 0.784549965727209 NaN
0.573 -0.869858619714721 -0.37468098484443 0.784549965727209 NaN
0.574 -0.869477917189031 -0.375721927434786 0.784549965727209 NaN
0.575 -0.869063384668453 -0.376751213371801 0.784549965727209 NaN
0.576 -0.868615246252035 -0.377768822399086 0.784549965727209 NaN
0.577 -0.868133711206822 -0.378774732294014 0.784549965727209 NaN
0.578 -0.867618975065564 -0.379768914806725 0.784549965727209 NaN
0.579 -0.867071219545919 -0.38075133796522 0.784549965727209 NaN
0.58 -0.866490611104769 -0.381721963960512 0.784549965727209 NaN
0.581 -0.865877312243141 -0.382680756275775 0.784549965727209 NaN
0.582 -0.865231476536126 -0.383627676955492 0.784549965727209 NaN
0.583 -0.864553249242877 -0.384562684926613 0.784549965727209 NaN
0.584 -0.863842768828091 -0.385485738101393 0.784549965727209 NaN
0.585 -0.863100168819244 -0.386396792276443 0.784549965727209 NaN
0.586 -0.862325576923901 -0.387295802032533 0.784549965727209 NaN
0.587 -0.861519119511078 -0.388182722076743 0.784549965727209 NaN
0.588 -0.860680922944963 -0.389057507329172 0.784549965727208 NaN
0.589 -0.859811109101068 -0.389920112820139 0.784549965727209 NaN
0.59 -0.858909797474272 -0.390770492523712 0.784549965727209 NaN
0.591 -0.857977114301979 -0.391608604169051 0.784549965727209 NaN
0.592 -0.85701319410601 -0.392434408934058 0.784549965727209 NaN
0.593 -0.856018171068161 -0.393247868009449 0.784549965727209 NaN
0.594 -0.854992186600316 -0.394048946557283 0.784549965727209 NaN
0.595 -0.853935392679902 -0.394837612007826 0.784549965727209 NaN
0.596 -0.852847944611203 -0.395613833479425 0.784549965727209 NaN
0.597 -0.851729994002116 -0.396377581494497 0.784549965727209 NaN
0.598 -0.850581690870422 -0.39712882778112 0.784549965727209 NaN
0.599 -0.849403192890424 -0.39786754980282 0.784549965727209 NaN
0.6 -0.848194674003115 -0.398593731475229 0.784549965727209 NaN
0.601 -0.8469563268755 -0.399307365465252 0.784549965727209 NaN
0.602 -0.845688361188415 -0.400008448465549 0.784549965727209 NaN
0.603 -0.844390998396461 -0.400696982507265 0.784549965727209 NaN
0.604 -0.843064468103374 -0.401372972030406 0.784549965727209 NaN
0.605 -0.841709008019448 -0.402036425205787 0.784549965727209 NaN
0.606 -0.840324864683684 -0.402687355134135 0.784549965727209 NaN
0.607 -0.838912294213321 -0.403325779334273 0.784549965727209 NaN
0.608 -0.837471562829159 -0.40395171971479 0.784549965727209 NaN
0.609 -0.836002946478768 -0.404565205048808 0.784549965727209 NaN
0.61 -0.834506734025814 -0.40516626854341 0.784549965727209 NaN
0.611 -0.832983230617765 -0.405754948883494 0.784549965727209 NaN
0.612 -0.831432749226506 -0.406331289292033 0.784549965727209 NaN
0.613 -0.829855605972536 -0.40689533583791 0.784549965727209 NaN
0.614 -0.828252125441144 -0.407447140375259 0.784549965727209 NaN
0.615 -0.826622646351925 -0.407986762301178 0.784549965727209 NaN
0.616 -0.824967525504464 -0.408514267874958 0.784549965727209 NaN
0.617 -0.823287137624125 -0.409029730682999 0.784549965727209 NaN
0.618 -0.821581871643128 -0.409533229899081 0.784549965727209 NaN
0.619 -0.819852126651322 -0.410024850305445 0.784549965727209 NaN
0.62 -0.818098310172166 -0.410504680096807 0.784549965727209 NaN
0.621 -0.816320836730507 -0.410972812189183 0.784549965727209 NaN
0.622 -0.814520135413874 -0.411429345014257 0.784549965727209 NaN
0.623 -0.812696651784103 -0.411874389536559 0.784549965727209 NaN
0.624 -0.81085084685013 -0.41230806160531 0.784549965727209 NaN
0.625 -0.80898319775041 -0.412730484661609 0.784549965727209 NaN
0.626 -0.807094197258599 -0.413141790435922 0.784549965727209 NaN
0.627 -0.805184353346414 -0.41354211713024 0.784549965727209 NaN
0.628 -0.803254188930555 -0.413931610850192 0.784549965727209 NaN
0.629 -0.801304242274404 -0.414310425721427 0.784549965727209 NaN
0.63 -0.799335068036396 -0.414678723964052 0.784549965727209 NaN
0.631 -0.797347238435426 -0.415036676496667 0.784549965727209 NaN
0.632 -0.795341344452983 -0.415384465110394 0.784549965727209 NaN
0.633 -0.793317996846731 -0.41572227962681 0.784549965727209 NaN
0.634 -0.791277828357142 -0.416050322033232 0.784549965727209 NaN
0.635 -0.78922149147772 -0.416368803782012 0.784549965727209 NaN
0.636 -0.787149657104389 -0.416677948196125 0.784549965727209 NaN
0.637 -0.785063017036799 -0.416977988375075 0.784549965727209 NaN
0.638 -0.782962288225471 -0.417269170949385 0.784549965727209 NaN
0.639 -0.780848214914239 -0.417551754798147 0.784549965727209 NaN
0.64 -0.778721567295069 -0.417826012100378 0.784549965727209 NaN
0.641 -0.776583138795823 -0.418092229087487 0.784549965727209 NaN
0.642 -0.774433744255727 -0.418350702590199 0.784549965727209 NaN
0.643 -0.772274220059445 -0.41860174296846 0.784549965727209 NaN
0.644 -0.770105425914157 -0.418845674063409 0.784549965727209 NaN
0.645 -0.767928246685444 -0.419082832885337 0.784549965727209 NaN
0.646 -0.765743593497572 -0.419313571224308 0.784549965727209 NaN
0.647 -0.763552403734155 -0.419538256219685 0.784549965727209 NaN
0.648 -0.761355640206343 -0.419757269002987 0.784549965727209 NaN
0.649 -0.759154289969286 -0.419971005737683 0.784549965727209 NaN
0.65 -0.756949363260935 -0.420179875952891 0.784549965727209 NaN
0.651 -0.754741892669838 -0.42038430302961 0.784549965727209 NaN
0.652 -0.752532932526361 -0.420584725207843 0.784549965727209 NaN
0.653 -0.75032355848729 -0.420781593145634 0.784549965727209 NaN
0.654 -0.748114866995207 -0.420975371991496 0.784549965727209 NaN
0.655 -0.745907974715491 -0.421166540267672 0.784549965727209 NaN
0.656 -0.743704017538483 -0.421355589599783 0.784549965727209 NaN
0.657 -0.74150414943928 -0.421543024962563 0.784549965727209 NaN
0.658 -0.73930954087119 -0.421729363751238 0.784549965727209 NaN
0.659 -0.737121376953932 -0.42191513233318 0.784549965727209 NaN
0.66 -0.734940856117646 -0.422100865969223 0.784549965727209 NaN
0.661 -0.732769189140616 -0.422287118896923 0.784549965727209 NaN
0.662 -0.730607595326838 -0.422474454056592 0.784549965727209 NaN
0.663 -0.728457299087144 -0.422663440147057 0.784549965727209 NaN
0.664 -0.726319528369199 -0.422854652857189 0.784549965727209 NaN
0.665 -0.724195513885155 -0.423048673765809 0.784549965727209 NaN
0.666 -0.722086487278793 -0.423246090641946 0.784549965727209 NaN
0.667 -0.719993678072765 -0.423447495221727 0.784549965727209 NaN
0.668 -0.717918310215739 -0.423653483515046 0.784549965727209 NaN
0.669 -0.715861599149592 -0.423864651675502 0.784549965727209 NaN
0.67 -0.713824749558003 -0.424081597379155 0.784549965727209 NaN
0.671 -0.711808953297095 -0.424304917309364 0.784549965727209 NaN
0.672 -0.709815387289267 -0.424535206417277 0.78454996572721 NaN
0.673 -0.707845211242832 -0.424773055578099 0.78454996572721 NaN
0.674 -0.705899567998289 -0.425019053949002 0.784549965727209 NaN
0.675 -0.703979575724792 -0.425273786904918 0.78454996572721 NaN
0.676 -0.702086325115894 -0.425537831443056 0.784549965727209 NaN
0.677 -0.700220878775598 -0.425811755092403 0.784549965727209 NaN
0.678 -0.698384270180558 -0.426096116828332 0.784549965727209 NaN
0.679 -0.696577501924436 -0.426391465309615 0.784549965727209 NaN
0.68 -0.694801543389656 -0.426698338154316 0.784549965727209 NaN
0.681 -0.69305732855431 -0.427017258975681 0.784549965727209 NaN
0.682 -0.6913457538964 -0.427348739422498 0.784549965727209 NaN
0.683 -0.689667676654784 -0.427693274299448 0.784549965727209 NaN
0.684 -0.688023913487547 -0.428051343554202 0.784549965727209 NaN
0.685 -0.686415239405048 -0.428423409626425 0.784549965727209 NaN
0.686 -0.684842386900078 -0.428809917666434 0.784549965727209 NaN
0.687 -0.683306045163318 -0.429211294680657 0.784549965727209 NaN
0.688 -0.681806859693765 -0.429627948949981 0.784549965727209 NaN
0.689 -0.680345428863242 -0.430060267655689 0.784549965727209 NaN
0.69 -0.678922309745392 -0.43050861873099 0.784549965727209 NaN
0.691 -0.67753801627268 -0.430973352138029 0.784549965727209 NaN
0.692 -0.67619301303233 -0.431454795420261 0.784549965727209 NaN
0.693 -0.674887717947239 -0.431953252710284 0.784549965727209 NaN
0.694 -0.673622508424756 -0.43246900730375 0.784549965727209 NaN
0.695 -0.672397724579727 -0.433002324316877 0.784549965727209 NaN
0.696 -0.671213667777317 -0.433553450215524 0.784549965727209 NaN
0.697 -0.670070597886223 -0.434122610491887 0.78454996572721 NaN
0.698 -0.668968732295133 -0.434710009542773 0.78454996572721 NaN
0.699 -0.667908247910703 -0.435315830426124 0.784549965727209 NaN
0.7 -0.666889284682419 -0.435940236185394 0.78454996572721 NaN
0.701 -0.665911949001586 -0.436583370515513 0.78454996572721 NaN
0.702 -0.664976316403217 -0.437245359907615 0.78454996572721 NaN
0.703 -0.664082434104147 -0.437926305560034 0.784549965727209 NaN
0.704 -0.663230340748381 -0.438626278417929 0.784549965727209 NaN
0.705 -0.662420049222679 -0.439345388607066 0.784549965727209 NaN
0.706 -0.661651528399123 -0.440083709706642 0.784549965727209 NaN
0.707 -0.660924720411651 -0.440841291825354 0.784549965727209 NaN
0.708 -0.660239552973494 -0.441618170092341 0.784549965727209 NaN
0.709 -0.6595959476611 -0.44241437265959 0.784549965727209 NaN
0.71 -0.658993817483441 -0.443229920236816 0.784549965727209 NaN
0.711 -0.65843306270793 -0.444064824723993 0.78454996572721 NaN
0.712 -0.657913568135373 -0.444919085523424 0.78454996572721 NaN
0.713 -0.657435207898378 -0.445792691896442 0.784549965727209 NaN
0.714 -0.656997853647977 -0.44668562673162 0.78454996572721 NaN
0.715 -0.6566013794882 -0.447597870078695 0.78454996572721 NaN
0.716 -0.656245656502948 -0.448529394814269 0.78454996572721 NaN
0.717 -0.655930563814829 -0.449480179352823 0.78454996572721 NaN
0.718 -0.655655978430704 -0.450450200832667 0.78454996572721 NaN
0.719 -0.655421798991299 -0.451439440898474 0.78454996572721 NaN
0.72 -0.655227933609516 -0.452447883930178 0.784549965727209 NaN
0.721 -0.655074275240276 -0.453475504658805 0.78454996572721 NaN
0.722 -0.654960730581585 -0.454522221910792 0.78454996572721 NaN
0.723 -0.654887302496814 -0.455587997548555 0.78454996572721 NaN
0.724 -0.654853972706891 -0.456672879658211 0.784549965727209 NaN
0.725 -0.654860697780737 -0.457776900164635 0.784549965727209 NaN
0.726 -0.654907419887406 -0.458900079675544 0.78454996572721 NaN
0.727 -0.654994074346324 -0.460042423480457 0.784549965727209 NaN
0.728 -0.655120599260939 -0.4612039269298 0.784549965727209 NaN
0.729 -0.655286951850931 -0.462384588335849 0.784549965727209 NaN
0.73 -0.655493114877463 -0.463584416427664 0.784549965727209 NaN
0.731 -0.655739089439417 -0.464803431231377 0.784549965727209 NaN
0.732 -0.656024882502117 -0.466041660032647 0.784549965727209 NaN
0.733 -0.656350497686214 -0.467299130811777 0.784549965727209 NaN
0.734 -0.656715931892211 -0.468575870998619 0.784549965727209 NaN
0.735 -0.657121175812432 -0.469871906296667 0.784549965727209 NaN
0.736 -0.65756621530675 -0.471187262165081 0.784549965727209 NaN
0.737 -0.65805103191946 -0.472521964282582 0.784549965727209 NaN
0.738 -0.658575602256268 -0.473876038916405 0.784549965727209 NaN
0.739 -0.659139896869812 -0.47524951474723 0.784549965727209 NaN
0.74 -0.659743878408439 -0.476642419844311 0.784549965727209 NaN
0.741 -0.66038749955284 -0.478054783162782 0.784549965727209 NaN
0.742 -0.661070700692663 -0.479486632734268 0.784549965727209 NaN
0.743 -0.661793407214744 -0.480937994601354 0.784549965727209 NaN
0.744 -0.662555526774904 -0.482408891619275 0.784549965727209 NaN
0.745 -0.663356946854794 -0.483899341449472 0.784549965727209 NaN
0.746 -0.66419753214449 -0.485409356321271 0.784549965727209 NaN
0.747 -0.665077122375919 -0.486938940919913 0.784549965727209 NaN
0.748 -0.665995530157986 -0.488488091822166 0.784549965727209 NaN
0.749 -0.666952538908348 -0.490056796167986 0.784549965727209 NaN
0.75 -0.667947901045724 -0.491645030646766 0.784549965727209 NaN
0.751 -0.668981336247701 -0.493252760715676 0.784549965727209 NaN
0.752 -0.670052529963629 -0.494879938342281 0.784549965727209 NaN
0.753 -0.671161132174769 -0.49652650379212 0.78454996572721 NaN
0.754 -0.672306756326457 -0.498192382481098 0.784549965727209 NaN
0.755 -0.673488978414612 -0.499877484552465 0.784549965727209 NaN
0.756 -0.674707338423591 -0.501581704658949 0.784549965727209 NaN
0.757 -0.675961339647146 -0.503304925582796 0.784549965727209 NaN
0.758 -0.67725044312065 -0.505047009661086 0.784549965727209 NaN
0.759 -0.678574070013978 -0.50680780198618 0.784549965727209 NaN
0.76 -0.679931602725737 -0.508587129758733 0.784549965727209 NaN
0.761 -0.681322386133582 -0.510384801590905 0.784549965727209 NaN
0.762 -0.682745728580838 -0.512200608753864 0.784549965727209 NaN
0.763 -0.684200902507257 -0.5140343249571 0.784549965727209 NaN
0.764 -0.685687144966086 -0.515885705307415 0.784549965727209 NaN
0.765 -0.687203658531155 -0.517754485768006 0.784549965727209 NaN
0.766 -0.688749619225051 -0.519640372045812 0.784549965727209 NaN
0.767 -0.690324156734446 -0.521543057295946 0.784549965727209 NaN
0.768 -0.691926372105814 -0.523462231753723 0.784549965727209 NaN
0.769 -0.69355534070138 -0.525397561100723 0.784549965727209 NaN
0.77 -0.695210129425561 -0.527348690271058 0.784549965727209 NaN
0.771 -0.696889778231847 -0.529315253024623 0.784549965727209 NaN
0.772 -0.698593294135791 -0.531296858717874 0.784549965727209 NaN
0.773 -0.700319663166037 -0.533293123637942 0.784549965727209 NaN
0.774 -0.702067812648871 -0.535303624354173 0.784549965727209 NaN
0.775 -0.70383665226963 -0.537327918754796 0.784549965727209 NaN
0.776 -0.705625081001615 -0.539365547521482 0.784549965727209 NaN
0.777 -0.707431999001946 -0.541416030368075 0.784549965727209 NaN
0.778 -0.709256326623324 -0.543478862275023 0.784549965727209 NaN
0.779 -0.711097001749817 -0.545553590301264 0.784549965727209 NaN
0.78 -0.712952933302715 -0.547639677264192 0.784549965727209 NaN
0.781 -0.714822968515691 -0.549736611210985 0.784549965727209 NaN
0.782 -0.716705913405399 -0.551843854769281 0.784549965727209 NaN
0.783 -0.718600565304719 -0.553960866192251 0.784549965727209 NaN
0.784 -0.720505706539001 -0.556087064099854 0.784549965727209 NaN
0.785 -0.722420135466175 -0.558221862887769 0.784549965727209 NaN
0.786 -0.72434265706868 -0.560364665340326 0.784549965727209 NaN
0.787 -0.726272089378472 -0.562514865448237 0.784549965727209 NaN
0.788 -0.728207266044818 -0.564671840444932 0.784549965727209 NaN
0.789 -0.73014701049561 -0.566834967893131 0.784549965727209 NaN
0.79 -0.732090155749262 -0.569003623059272 0.784549965727209 NaN
0.791 -0.734035519681456 -0.571177161362147 0.784549965727209 NaN
0.792 -0.735981894232562 -0.573354915044282 0.784549965727209 NaN
0.793 -0.737928074043613 -0.575536208674911 0.78454996572721 NaN
0.794 -0.739872854670399 -0.577720353202613 0.784549965727209 NaN
0.795 -0.74181504306177 -0.579906649866285 0.784549965727209 NaN
0.796 -0.743753464640672 -0.582094401672179 0.784549965727209 NaN
0.797 -0.745686939887469 -0.584282921467811 0.784549965727209 NaN
0.798 -0.747614302706746 -0.586471523323905 0.78454996572721 NaN
0.799 -0.749534389235022 -0.5886595075918 0.784549965727209 NaN
0.8 -0.751446021011266 -0.590846148908874 0.784549965727209 NaN
0.801 -0.753348004489987 -0.593030696161744 0.784549965727209 NaN
0.802 -0.755239144091022 -0.595212382805447 0.784549965727209 NaN
0.803 -0.75711825271723 -0.597390430090996 0.78454996572721 NaN
0.804 -0.758984176234055 -0.599564099303791 0.78454996572721 NaN
0.805 -0.760835766796549 -0.601732650119367 0.78454996572721 NaN
0.806 -0.762671873445775 -0.603895331125625 0.78454996572721 NaN
0.807 -0.764491340035885 -0.606051379136193 0.78454996572721 NaN
0.808 -0.766293005117204 -0.608200020109648 0.78454996572721 NaN
0.809 -0.768075704475035 -0.610340471704777 0.78454996572721 NaN
0.81 -0.769838275679017 -0.612471946479132 0.78454996572721 NaN
0.811 -0.771579561204219 -0.614593655325979 0.78454996572721 NaN
0.812 -0.77329840969481 -0.616704806500123 0.784549965727209 NaN
0.813 -0.774993676081678 -0.61880460945245 0.78454996572721 NaN
0.814 -0.776664221522678 -0.620892271944497 0.78454996572721 NaN
0.815 -0.77830891311386 -0.622967000375791 0.784549965727209 NaN
0.816 -0.779926623269488 -0.625027999941996 0.784549965727209 NaN
0.817 -0.781516229217433 -0.62707447424879 0.784549965727209 NaN
0.818 -0.783076613337424 -0.629105623057989 0.784549965727209 NaN
0.819 -0.784606670601908 -0.631120654792782 0.784549965727209 NaN
0.82 -0.786105312046493 -0.633118780324158 0.784549965727209 NaN
0.821 -0.787571478091183 -0.63509920384264 0.784549965727209 NaN
0.822 -0.789004098966452 -0.637061150915033 0.784549965727209 NaN
0.823 -0.790402104887373 -0.639003846054463 0.784549965727209 NaN
0.824 -0.791764446249619 -0.640926521438185 0.784549965727209 NaN
0.825 -0.793090100948601 -0.642828423385047 0.784549965727209 NaN
0.826 -0.794378074236659 -0.644708815185221 0.784549965727209 NaN
0.827 -0.795627395838286 -0.646566973324205 0.784549965727209 NaN
0.828 -0.796837118060652 -0.648402185293156 0.784549965727209 NaN
0.829 -0.798006316186872 -0.650213750977726 0.784549965727209 NaN
0.83 -0.79913409062871 -0.652000982356887 0.784549965727209 NaN
0.831 -0.800219569852103 -0.653763207942719 0.784549965727209 NaN
0.832 -0.801261912889995 -0.655499774488407 0.784549965727209 NaN
0.833 -0.802260311739087 -0.657210048225845 0.784549965727209 NaN
0.834 -0.803213993123413 -0.658893417645589 0.784549965727209 NaN
0.835 -0.804122220494162 -0.660549292584326 0.784549965727209 NaN
0.836 -0.804984295651781 -0.662177107192163 0.784549965727209 NaN
0.837 -0.805799560467495 -0.663776318839584 0.784549965727209 NaN
0.838 -0.806567398526647 -0.665346411271107 0.784549965727209 NaN
0.839 -0.807287236660149 -0.666886894840754 0.784549965727209 NaN
0.84 -0.807958546313467 -0.668397307273166 0.784549965727209 NaN
0.841 -0.808580844954245 -0.66987721587351 0.784549965727209 NaN
0.842 -0.809153696899263 -0.671326216712106 0.784549965727209 NaN
0.843 -0.809676714343416 -0.672743936642045 0.784549965727209 NaN
0.844 -0.810149557921922 -0.674130031842658 0.784549965727209 NaN
0.845 -0.810571933923825 -0.675484187253026 0.784549965727209 NaN
0.846 -0.810943599594444 -0.676806121450654 0.784549965727209 NaN
0.847 -0.811264367500278 -0.678095589064482 0.784549965727209 NaN
0.848 -0.811534097341233 -0.679352371791324 0.784549965727209 NaN
0.849 -0.811752689534939 -0.680576271960093 0.784549965727209 NaN
0.85 -0.811920087329787 -0.68176711876715 0.784549965727209 NaN
0.851 -0.812036283142231 -0.682924773490123 0.784549965727209 NaN
0.852 -0.812101322487742 -0.684049128266756 0.784549965727209 NaN
0.853 -0.812115307275708 -0.685140121407198 0.784549965727209 NaN
0.854 -0.812078386904657 -0.686197719348834 0.784549965727209 NaN
0.855 -0.8119907550296 -0.687221913413556 0.784549965727209 NaN
0.856 -0.81185264773947 -0.688212720748218 0.784549965727209 NaN
0.857 -0.8116643422785 -0.689170182042174 0.784549965727209 NaN
0.858 -0.81142615611556 -0.690094365048451 0.784549965727209 NaN
0.859 -0.811138446078788 -0.690985361893693 0.784549965727209 NaN
0.86 -0.810801607522311 -0.691843289831155 0.784549965727209 NaN
0.861 -0.810416073112731 -0.692668289762178 0.784549965727209 NaN
0.862 -0.809982304593566 -0.693460515712856 0.784549965727209 NaN
0.863 -0.809500799091309 -0.694220145990105 0.784549965727209 NaN
0.864 -0.808972091601283 -0.694947386879581 0.784549965727209 NaN
0.865 -0.808396740543109 -0.695642448342012 0.784549965727209 NaN
0.866 -0.807775339379694 -0.696305571915248 0.784549965727209 NaN
0.867 -0.807108506337035 -0.696937021781405 0.784549965727209 NaN
0.868 -0.8063968778531 -0.697537075555407 0.784549965727209 NaN
0.869 -0.805641111044265 -0.698106022889218 0.784549965727209 NaN
0.87 -0.804841882374303 -0.698644164607218 0.784549965727209 NaN
0.871 -0.80399989009308 -0.699151814138864 0.784549965727209 NaN
0.872 -0.803115892243868 -0.699629283975498 0.784549965727209 NaN
0.873 -0.802190632340997 -0.700076905079652 0.784549965727209 NaN
0.874 -0.801224799456715 -0.700495018031238 0.784549965727209 NaN
0.875 -0.800219091942865 -0.700883977197769 0.784549965727209 NaN
0.876 -0.799174263320688 -0.701244150929003 0.784549965727209 NaN
0.877 -0.798091087844767 -0.701575899840356 0.784549965727209 NaN
0.878 -0.796970348905356 -0.701879596466002 0.784549965727209 NaN
0.879 -0.795812796634459 -0.702155597071183 0.784549965727209 NaN
0.88 -0.794619147203193 -0.702404259854615 0.784549965727209 NaN
0.881 -0.793390125881547 -0.702625950649889 0.784549965727209 NaN
0.882 -0.792126483880193 -0.702821062126399 0.784549965727209 NaN
0.883 -0.79082899158785 -0.702990005985404 0.784549965727209 NaN
0.884 -0.789498407478605 -0.703133194455221 0.784549965727209 NaN
0.885 -0.7881354695459 -0.703251017696363 0.784549965727209 NaN
0.886 -0.786740897327599 -0.703343848795951 0.784549965727209 NaN
0.887 -0.785315384362087 -0.703412045205959 0.784549965727209 NaN
0.888 -0.783859594870678 -0.703455947305841 0.784549965727209 NaN
0.889 -0.782374183623941 -0.703475897864523 0.784549965727209 NaN
0.89 -0.780859815769993 -0.703472250534896 0.784549965727209 NaN
0.891 -0.779317142853662 -0.703445357302051 0.784549965727209 NaN
0.892 -0.777746771596982 -0.703395559095004 0.784549965727209 NaN
0.893 -0.776149277364757 -0.703323157166971 0.784549965727209 NaN
0.894 -0.774525215691927 -0.703228445447985 0.784549965727209 NaN
0.895 -0.772875169198039 -0.703111771612657 0.784549965727209 NaN
0.896 -0.771199756595521 -0.702973484508359 0.784549965727209 NaN
0.897 -0.769499579448427 -0.702813907496264 0.784549965727209 NaN
0.898 -0.767775164523277 -0.702633331042352 0.784549965727209 NaN
0.899 -0.766026978755945 -0.70243201975942 0.784549965727209 NaN
0.9 -0.764255451709064 -0.702210209163344 0.784549965727209 NaN
0.901 -0.762460981440798 -0.701968093600109 0.784549965727209 NaN
0.902 -0.760644038893522 -0.701705905250169 0.784549965727209 NaN
0.903 -0.758805099531001 -0.701423971149562 0.784549965727209 NaN
0.904 -0.75694454710415 -0.701122576466161 0.784549965727209 NaN
0.905 -0.755062719618608 -0.700801959600074 0.784549965727209 NaN
0.906 -0.753159998108263 -0.700462357933661 0.784549965727209 NaN
0.907 -0.751236777341433 -0.700104018046804 0.784549965727209 NaN
0.908 -0.749293425927537 -0.699727186199631 0.78454996572721 NaN
0.909 -0.747330302613261 -0.699332103117148 0.784549965727209 NaN
0.91 -0.745347771836964 -0.698918994254933 0.784549965727209 NaN
0.911 -0.743346176963118 -0.698488073868161 0.784549965727209 NaN
0.912 -0.741325831745151 -0.698039542991196 0.784549965727209 NaN
0.913 -0.739287075457657 -0.697573569218028 0.784549965727209 NaN
0.914 -0.737230202596671 -0.697090401973416 0.784549965727209 NaN
0.915 -0.73515551422292 -0.696590294750195 0.784549965727209 NaN
0.916 -0.73306332408298 -0.696073495270123 0.784549965727209 NaN
0.917 -0.730953945151733 -0.69554024845147 0.784549965727209 NaN
0.918 -0.728827677444232 -0.694990793686003 0.78454996572721 NaN
0.919 -0.7266848041731 -0.694425365999516 0.784549965727209 NaN
0.92 -0.724525596484965 -0.693844195412964 0.784549965727209 NaN
0.921 -0.722350322516208 -0.693247511195944 0.784549965727209 NaN
0.922 -0.720159256375704 -0.692635546873558 0.784549965727209 NaN
0.923 -0.71795268421738 -0.692008543524662 0.784549965727209 NaN
0.924 -0.715730907156692 -0.691366751300959 0.784549965727209 NaN
0.925 -0.713494241867365 -0.690710431080624 0.784549965727209 NaN
0.926 -0.71124301948839 -0.69003985130512 0.784549965727209 NaN
0.927 -0.708977584491777 -0.689355288474086 0.784549965727209 NaN
0.928 -0.706698293262902 -0.688657024551004 0.78454996572721 NaN
0.929 -0.704405513675409 -0.687945347422029 0.784549965727209 NaN
0.93 -0.702099624939078 -0.687220551521535 0.784549965727209 NaN
0.931 -0.699781018345948 -0.686482937566996 0.784549965727209 NaN
0.932 -0.697450098133592 -0.685732814111734 0.784549965727209 NaN
0.933 -0.695107282229034 -0.684970499072755 0.78454996572721 NaN
0.934 -0.692753003134564 -0.684196318683953 0.784549965727209 NaN
0.935 -0.690387707954442 -0.683410609177727 0.784549965727209 NaN
0.936 -0.688011858477073 -0.682613716608247 0.78454996572721 NaN
0.937 -0.685625930932218 -0.6818059967543 0.784549965727209 NaN
0.938 -0.683230415531898 -0.680987815681817 0.78454996572721 NaN
0.939 -0.680825816030563 -0.680159549937634 0.78454996572721 NaN
0.94 -0.678412649342449 -0.679321585875988 0.78454996572721 NaN
0.941 -0.675991445307599 -0.678474319530133 0.78454996572721 NaN
0.942 -0.673562746419589 -0.677618157699361 0.78454996572721 NaN
0.943 -0.671127107883312 -0.676753517127239 0.78454996572721 NaN
0.944 -0.668685097513001 -0.675880823991905 0.78454996572721 NaN
0.945 -0.666237296172893 -0.675000514899927 0.78454996572721 NaN
0.946 -0.663784297718953 -0.674113036579455 0.78454996572721 NaN
0.947 -0.661326709704604 -0.673218845549283 0.78454996572721 NaN
0.948 -0.658865153594863 -0.672318407770006 0.78454996572721 NaN
0.949 -0.656400265062219 -0.671412198880098 0.78454996572721 NaN
0.95 -0.653932694374813 -0.670500704673088 0.78454996572721 NaN
0.951 -0.651463106438393 -0.669584419760162 0.78454996572721 NaN
0.952 -0.648992180749101 -0.66866384835941 0.78454996572721 NaN
0.953 -0.64652061112039 -0.667739503650475 0.78454996572721 NaN
0.954 -0.644049105280786 -0.666811908043074 0.78454996572721 NaN
0.955 -0.641578384305363 -0.665881592460002 0.784549965727209 NaN
0.956 -0.639109182045534 -0.664949096205148 0.784549965727209 NaN
0.957 -0.63664224444238 -0.664014967281542 0.784549965727209 NaN
0.958 -0.63417832897691 -0.663079761253077 0.784549965727209 NaN
0.959 -0.631718204036915 -0.662144041355641 0.78454996572721 NaN
0.96 -0.629262648601501 -0.661208379169543 0.78454996572721 NaN
0.961 -0.626812451562454 -0.660273352054792 0.78454996572721 NaN
0.962 -0.624368411717253 -0.659339546339209 0.78454996572721 NaN
0.963 -0.621931337232684 -0.658407554469865 0.78454996572721 NaN
0.964 -0.619502045240839 -0.657477974382913 0.78454996572721 NaN
0.965 -0.617081361611447 -0.656551411938143 0.78454996572721 NaN
0.966 -0.614670120301777 -0.655628477711915 0.78454996572721 NaN
0.967 -0.612269162614523 -0.654709787317846 0.78454996572721 NaN
0.968 -0.609879336462693 -0.653795962085422 0.78454996572721 NaN
0.969 -0.607501495166655 -0.652887626421556 0.78454996572721 NaN
0.97 -0.605136496244221 -0.651985408210037 0.78454996572721 NaN
0.971 -0.60278519991315 -0.651089937546474 0.78454996572721 NaN
0.972 -0.60044846733782 -0.650201846047698 0.78454996572721 NaN
0.973 -0.598127158823678 -0.649321764766361 0.78454996572721 NaN
0.974 -0.595822131742295 -0.648450323436404 0.78454996572721 NaN
0.975 -0.593534238510505 -0.647588150259618 0.78454996572721 NaN
0.976 -0.591264324171838 -0.646735867667781 0.78454996572721 NaN
0.977 -0.589013224283829 -0.645894094329929 0.78454996572721 NaN
0.978 -0.586781762538375 -0.645063441540026 0.78454996572721 NaN
0.979 -0.584570748413975 -0.644244511183254 0.78454996572721 NaN
0.98 -0.582380974946816 -0.643437896841912 0.78454996572721 NaN
0.981 -0.580213216443303 -0.642644180259816 0.78454996572721 NaN
0.982 -0.578068226325165 -0.641863930262454 0.78454996572721 NaN
0.983 -0.575946735039034 -0.641097702697245 0.78454996572721 NaN
0.984 -0.573849447973471 -0.640346037284067 0.78454996572721 NaN
0.985 -0.571777043596833 -0.639609457925818 0.784549965727209 NaN
0.986 -0.569730171627208 -0.638888470546146 0.784549965727209 NaN
0.987 -0.567709451254863 -0.638183563254904 0.784549965727209 NaN
0.988 -0.565715469689461 -0.637495204042946 0.784549965727209 NaN
0.989 -0.563748780581996 -0.636823839884932 0.784549965727209 NaN
0.99 -0.561809902813942 -0.636169896880582 0.78454996572721 NaN
0.991 -0.559899319147964 -0.635533778477081 0.78454996572721 NaN
0.992 -0.558017475374381 -0.634915865489799 0.78454996572721 NaN
0.993 -0.556164779358881 -0.634316514694346 0.78454996572721 NaN
0.994 -0.554341600244885 -0.633736057855034 0.78454996572721 NaN
0.995 -0.552548268029436 -0.633174802626636 0.78454996572721 NaN
0.996 -0.550785073006167 -0.63263303097909 0.78454996572721 NaN
0.997 -0.549052265608156 -0.632110998943606 0.78454996572721 NaN
0.998 -0.547350056238917 -0.631608936592389 0.78454996572721 NaN
0.999 -0.545678615461141 -0.631127047640747 0.78454996572721 NaN
1 -0.544038073964596 -0.630665508839696 0.78454996572721 NaN
