"Time, Y-Force, Work integrand, Mass, Mass error"
0 9.45861186029162e-05 -4.52659170321013e-12 0.785390488322165 NaN
0.001 3.97212864808889e-05 2.48238865429983e-11 0.785390488322165 NaN
0.002 9.44304359048461e-06 -3.59320247729488e-10 0.785390488322164 NaN
0.003 -7.15140357435829e-05 -2.54088996374355e-09 0.785390488322164 NaN
0.004 -0.000164245708713095 -8.30990923764729e-09 0.785390488322164 NaN
0.005 -0.000291745330731085 -2.01291449799556e-08 0.785390488322164 NaN
0.006 -0.000441017894811367 -4.0076451323705e-08 0.785390488322164 NaN
0.007 -0.00061588809520451 -7.33530834379517e-08 0.785390488322164 NaN
0.008 -0.000820653359180522 -1.23280085319522e-07 0.785390488322165 NaN
0.009 -0.00104780134690807 -1.93818410766449e-07 0.785390488322164 NaN
0.01 -0.00130291902272326 -2.91898052952835e-07 0.785390488322164 NaN
0.011 -0.00158513556160774 -4.21105070914077e-07 0.785390488322164 NaN
0.012 -0.00188899097542098 -5.8908057678309e-07 0.785390488322165 NaN
0.013 -0.00222564308522515 -8.03358961805962e-07 0.785390488322164 NaN
0.014 -0.00259423814271462 -1.07208829891689e-06 0.785390488322164 NaN
0.015 -0.00297488350484219 -1.39803957574095e-06 0.785390488322164 NaN
0.016 -0.00337208173979999 -1.78824616054798e-06 0.785390488322165 NaN
0.017 -0.00381702149680359 -2.2652123311536e-06 0.785390488322164 NaN
0.018 -0.00431594820627876 -2.84288707308908e-06 0.785390488322164 NaN
0.019 -0.00483166545727112 -3.5163534146575e-06 0.785390488322164 NaN
0.02 -0.00532722786035594 -4.27171072327206e-06 0.785390488322164 NaN
0.021 -0.00581056169097029 -5.11665143108256e-06 0.785390488322164 NaN
0.022 -0.00632871882840071 -6.09168347248174e-06 0.785390488322164 NaN
0.023 -0.00692624037611106 -7.24457338492052e-06 0.785390488322164 NaN
0.024 -0.00761203182383266 -8.60571763618439e-06 0.785390488322164 NaN
0.025 -0.00835816933515784 -1.01760348825683e-05 0.785390488322164 NaN
0.026 -0.00912201973641121 -1.19347188866468e-05 0.785390488322165 NaN
0.027 -0.00987053135861684 -1.38605690033941e-05 0.785390488322165 NaN
0.028 -0.0105927019930436 -1.59463571858707e-05 0.785390488322164 NaN
0.029 -0.0112986815282029 -1.8205668701246e-05 0.785390488322164 NaN
0.03 -0.0120112021815979 -2.06719997514703e-05 0.785390488322164 NaN
0.031 -0.0127555386598385 -2.33888991347443e-05 0.785390488322164 NaN
0.032 -0.0135515246921394 -2.64000127575015e-05 0.785390488322164 NaN
0.033 -0.0144088916716459 -2.974488790034e-05 0.785390488322164 NaN
0.034 -0.0153262776097099 -3.3448779320185e-05 0.785390488322164 NaN
0.035 -0.0162936839154814 -3.75233392519552e-05 0.785390488322165 NaN
0.036 -0.0172971715958471 -4.19712020638325e-05 0.785390488322164 NaN
0.037 -0.0183237747544444 -4.67926346387103e-05 0.785390488322165 NaN
0.038 -0.0193647908972836 -5.19892543571493e-05 0.785390488322164 NaN
0.039 -0.0204167696923668 -5.75713061948541e-05 0.785390488322164 NaN
0.04 -0.0214807245909737 -6.35540495914298e-05 0.785390488322164 NaN
0.041 -0.0225605708302022 -6.99604648380657e-05 0.785390488322164 NaN
0.042 -0.0236615394533274 -7.68210625188294e-05 0.785390488322164 NaN
0.043 -0.024788860928367 -8.41670477238048e-05 0.785390488322165 NaN
0.044 -0.0259467813135086 -9.20309891632914e-05 0.785390488322165 NaN
0.045 -0.0271379783231551 -0.00010044386541619 0.785390488322165 NaN
0.046 -0.0283634514198147 -0.000109433474587709 0.785390488322164 NaN
0.047 -0.0296228446913812 -0.000119027932663665 0.785390488322164 NaN
0.048 -0.0309149965410268 -0.000129252169835513 0.785390488322165 NaN
0.049 -0.0322384602066375 -0.000140126156684562 0.785390488322164 NaN
0.05 -0.0335918370663578 -0.000151677203922198 0.785390488322165 NaN
0.051 -0.0349739174977154 -0.000163926117624213 0.785390488322164 NaN
0.052 -0.0363837199743491 -0.000176898316737928 0.785390488322164 NaN
0.053 -0.0378205134250823 -0.000190617238577591 0.785390488322164 NaN
0.054 -0.0392838461809035 -0.000205110404608573 0.785390488322164 NaN
0.055 -0.0407735594647254 -0.000220400683846344 0.785390488322164 NaN
0.056 -0.0422897562609151 -0.000236519129061006 0.785390488322164 NaN
0.057 -0.0438327242684782 -0.000253492161647203 0.785390488322165 NaN
0.058 -0.0454028397935865 -0.000271351601591935 0.785390488322164 NaN
0.059 -0.0470004927357233 -0.000290126441380716 0.785390488322164 NaN
0.06 -0.0486260541813884 -0.000309847201626948 0.785390488322164 NaN
0.061 -0.0502798784455845 -0.00033055045393761 0.785390488322165 NaN
0.062 -0.0519623133623022 -0.000352263680264455 0.785390488322164 NaN
0.063 -0.053673692196461 -0.000375026003347303 0.785390488322164 NaN
0.064 -0.0554143002219788 -0.000398868702883379 0.785390488322164 NaN
0.065 -0.0571843331837755 -0.000423828619439268 0.785390488322164 NaN
0.066 -0.0589838677332505 -0.000449939423419124 0.785390488322164 NaN
0.067 -0.0608128564930125 -0.000477235866094144 0.785390488322164 NaN
0.068 -0.062671142351553 -0.000505751725647717 0.785390488322164 NaN
0.069 -0.0645584794700679 -0.000535519889535849 0.785390488322164 NaN
0.07 -0.0664745526625579 -0.000566576532742117 0.785390488322164 NaN
0.071 -0.0684189988882108 -0.000598951566196435 0.785390488322164 NaN
0.072 -0.0703914396542648 -0.000632679640354871 0.785390488322164 NaN
0.073 -0.0723915261067275 -0.000667791942950468 0.785390488322164 NaN
0.074 -0.0744189904929826 -0.000704324498019954 0.785390488322164 NaN
0.075 -0.0764736860655295 -0.000742310362452646 0.785390488322165 NaN
0.076 -0.0785556027778142 -0.000781785267053279 0.785390488322164 NaN
0.077 -0.0806648535315138 -0.000822788264159469 0.785390488322164 NaN
0.078 -0.082801636058469 -0.000865357097806487 0.785390488322164 NaN
0.079 -0.0849661850623478 -0.000909530806364602 0.785390488322164 NaN
0.08 -0.0871587264578485 -0.000955353586090007 0.785390488322165 NaN
0.081 -0.0893794441188135 -0.0010028606801297 0.785390488322164 NaN
0.082 -0.091628463249539 -0.0010520960093569 0.785390488322164 NaN
0.083 -0.0939058464614234 -0.00110310095198271 0.785390488322164 NaN
0.084 -0.096211602780313 -0.00115591482835824 0.785390488322164 NaN
0.085 -0.0985456987479559 -0.00121057932754328 0.785390488322164 NaN
0.086 -0.100908072044298 -0.00126713446805276 0.785390488322165 NaN
0.087 -0.103298641457191 -0.00132562196557916 0.785390488322165 NaN
0.088 -0.105717313776327 -0.00138608169860396 0.785390488322164 NaN
0.089 -0.10816398788093 -0.0014485560434559 0.785390488322165 NaN
0.09 -0.110638556303731 -0.00151308789048565 0.785390488322164 NaN
0.091 -0.113140906308069 -0.00157971542403869 0.785390488322164 NaN
0.092 -0.115670919885928 -0.00164848087921491 0.785390488322164 NaN
0.093 -0.118228473895853 -0.00171942835086621 0.785390488322165 NaN
0.094 -0.120813440698793 -0.00179259821594752 0.785390488322165 NaN
0.095 -0.123425687635864 -0.00186803292592763 0.785390488322165 NaN
0.096 -0.126065077895374 -0.00194577253957926 0.785390488322165 NaN
0.097 -0.128731471613501 -0.00202586146252819 0.785390488322164 NaN
0.098 -0.131424727000218 -0.00210834147275519 0.785390488322164 NaN
0.099 -0.134144703129927 -0.00219325519217286 0.785390488322164 NaN
0.1 -0.136891263173096 -0.00228064331908454 0.785390488322165 NaN
0.101 -0.139664276423769 -0.0023705519791418 0.785390488322164 NaN
0.102 -0.142463620641748 -0.00246302162871953 0.785390488322165 NaN
0.103 -0.145289181715515 -0.00255809887083742 0.785390488322164 NaN
0.104 -0.148140852393443 -0.00265582473978827 0.785390488322164 NaN
0.105 -0.151018527954398 -0.00275624393988863 0.785390488322165 NaN
0.106 -0.153922100984935 -0.00285940219524726 0.785390488322164 NaN
0.107 -0.156851455049384 -0.00296534118114976 0.785390488322164 NaN
0.108 -0.159806457497899 -0.00307410662904508 0.785390488322164 NaN
0.109 -0.162786955202442 -0.00318574324578453 0.785390488322164 NaN
0.11 -0.165792769851941 -0.00330029282066607 0.785390488322164 NaN
0.111 -0.168823698694561 -0.00341780085597833 0.785390488322164 NaN
0.112 -0.171879516523081 -0.00353830727376849 0.785390488322164 NaN
0.113 -0.174959981151791 -0.00366185731008417 0.785390488322164 NaN
0.114 -0.178064841005807 -0.00378849284736259 0.785390488322164 NaN
0.115 -0.18119384318987 -0.00391825373885743 0.785390488322165 NaN
0.116 -0.184346742525309 -0.00405118529500776 0.785390488322165 NaN
0.117 -0.187523308133168 -0.00418732851411154 0.785390488322164 NaN
0.118 -0.190723327651584 -0.00432672500583223 0.785390488322165 NaN
0.119 -0.193946608920212 -0.00446941912301394 0.785390488322164 NaN
0.12 -0.197192977623341 -0.00461545445481572 0.785390488322165 NaN
0.121 -0.200462272691843 -0.00476487349039227 0.785390488322164 NaN
0.122 -0.203754338053358 -0.0049177218552941 0.785390488322165 NaN
0.123 -0.207069014120285 -0.00507404039208121 0.785390488322165 NaN
0.124 -0.210406126965761 -0.00523387599821069 0.785390488322165 NaN
0.125 -0.213765478153369 -0.00539726722875623 0.785390488322165 NaN
0.126 -0.21714683694185 -0.00556426042609265 0.785390488322165 NaN
0.127 -0.220549934401689 -0.00573489403816277 0.785390488322164 NaN
0.128 -0.223974462363118 -0.00590920907708995 0.785390488322165 NaN
0.129 -0.227420077187223 -0.00608724376897517 0.785390488322165 NaN
0.13 -0.230886406625484 -0.00626903681488937 0.785390488322165 NaN
0.131 -0.234373059510748 -0.00645462479485986 0.785390488322164 NaN
0.132 -0.23787963685149 -0.00664404563297764 0.785390488322165 NaN
0.133 -0.241405741784484 -0.00683733403139049 0.785390488322165 NaN
0.134 -0.244950987836013 -0.00703452535306183 0.785390488322164 NaN
0.135 -0.248515003404366 -0.00723565731758961 0.785390488322165 NaN
0.136 -0.252097432660124 -0.00744076578386423 0.785390488322165 NaN
0.137 -0.255697932656244 -0.00764988622626212 0.785390488322164 NaN
0.138 -0.259316165996147 -0.00786305287211994 0.785390488322164 NaN
0.139 -0.262951791266047 -0.00808030358324054 0.785390488322164 NaN
0.14 -0.266604452241151 -0.0083016719826871 0.785390488322164 NaN
0.141 -0.270273766995268 -0.00852718869590112 0.785390488322164 NaN
0.142 -0.273959318409813 -0.00875688991120858 0.785390488322164 NaN
0.143 -0.277660647224501 -0.00899080433995075 0.785390488322165 NaN
0.144 -0.281377247717003 -0.00922895817882555 0.785390488322165 NaN
0.145 -0.285108566656088 -0.00947138092713198 0.785390488322165 NaN
0.146 -0.288854004931299 -0.00971809505245381 0.785390488322165 NaN
0.147 -0.29261292190309 -0.00996912210483891 0.785390488322165 NaN
0.148 -0.296384641719194 -0.0102244858840093 0.785390488322165 NaN
0.149 -0.300168460681648 -0.0104842013709412 0.785390488322165 NaN
0.15 -0.303963655785432 -0.0107482858270401 0.785390488322164 NaN
0.151 -0.307769494238188 -0.0110167537172505 0.785390488322165 NaN
0.152 -0.311585242694945 -0.011289621006865 0.785390488322164 NaN
0.153 -0.315410175419832 -0.011566898932475 0.785390488322165 NaN
0.154 -0.3192435833308 -0.0118486024976656 0.785390488322165 NaN
0.155 -0.323084781102153 -0.0121347405724242 0.785390488322164 NaN
0.156 -0.326933113492001 -0.0124253254375295 0.785390488322164 NaN
0.157 -0.330787960218743 -0.0127203705247311 0.785390488322164 NaN
0.158 -0.334648739025031 -0.0130198843643801 0.785390488322164 NaN
0.159 -0.338514904062424 -0.0133238794909017 0.785390488322164 NaN
0.16 -0.342385942598627 -0.013632369872905 0.785390488322164 NaN
0.161 -0.346261364771707 -0.0139453666459474 0.785390488322164 NaN
0.162 -0.350140688965387 -0.0142628799142082 0.785390488322164 NaN
0.163 -0.354023420642285 -0.0145849220258498 0.785390488322164 NaN
0.164 -0.35790902610039 -0.014911500112444 0.785390488322164 NaN
0.165 -0.361796900648538 -0.0152426187589881 0.785390488322164 NaN
0.166 -0.365686334093632 -0.0155782805986614 0.785390488322165 NaN
0.167 -0.369576475214016 -0.0159184756048221 0.785390488322165 NaN
0.168 -0.373466296920646 -0.0162631942454618 0.785390488322164 NaN
0.169 -0.377354567081453 -0.0166124100069548 0.785390488322164 NaN
0.17 -0.381239824805484 -0.0169660907719366 0.785390488322164 NaN
0.171 -0.385120367369107 -0.0173241908265481 0.785390488322164 NaN
0.172 -0.388994245913508 -0.0176866507384304 0.785390488322165 NaN
0.173 -0.39285927455238 -0.0180534016120292 0.785390488322164 NaN
0.174 -0.396713048721861 -0.0184243606607598 0.785390488322164 NaN
0.175 -0.400552973608088 -0.0187994313969207 0.785390488322164 NaN
0.176 -0.40437630122457 -0.0191785086131351 0.785390488322164 NaN
0.177 -0.408180172866238 -0.0195614775232073 0.785390488322165 NaN
0.178 -0.411961664442652 -0.0199482148531044 0.785390488322164 NaN
0.179 -0.415717834210563 -0.0203385912432225 0.785390488322164 NaN
0.18 -0.419445769092561 -0.0207324749124716 0.785390488322164 NaN
0.181 -0.423142629625751 -0.0211297284555585 0.785390488322164 NaN
0.182 -0.426805692495663 -0.0215302173829434 0.785390488322164 NaN
0.183 -0.430432388978469 -0.021933806864295 0.785390488322164 NaN
0.184 -0.43402033966814 -0.0223403662843792 0.785390488322164 NaN
0.185 -0.437567384300632 -0.0227497702171512 0.785390488322164 NaN
0.186 -0.441071608735216 -0.0231619004932147 0.785390488322164 NaN
0.187 -0.44453136491319 -0.0235766448616881 0.785390488322164 NaN
0.188 -0.447945286307623 -0.0239939039152167 0.785390488322164 NaN
0.189 -0.45131229625169 -0.0244135846599318 0.785390488322164 NaN
0.19 -0.454631609567273 -0.0248356093252057 0.785390488322164 NaN
0.191 -0.457902727519908 -0.0252599102041932 0.785390488322165 NaN
0.192 -0.461125425025871 -0.0256864299926057 0.785390488322164 NaN
0.193 -0.464299731357433 -0.0261151235952083 0.785390488322164 NaN
0.194 -0.467425904430133 -0.0265459570280071 0.785390488322164 NaN
0.195 -0.470504399896423 -0.0269789050694371 0.785390488322165 NaN
0.196 -0.473535837315185 -0.0274139523221571 0.785390488322164 NaN
0.197 -0.476520963718324 -0.0278510870556026 0.785390488322164 NaN
0.198 -0.479460619412613 -0.0282903065895688 0.785390488322164 NaN
0.199 -0.48235570472978 -0.028731609458345 0.785390488322164 NaN
0.2 -0.485207151623805 -0.0291749973361261 0.785390488322164 NaN
0.201 -0.488015899952862 -0.0296204749214249 0.785390488322164 NaN
0.202 -0.490782879263552 -0.0300680465448205 0.785390488322163 NaN
0.203 -0.493508995729323 -0.0305177141726623 0.785390488322164 NaN
0.204 -0.496195123743535 -0.0309694821024838 0.785390488322164 NaN
0.205 -0.498842101023123 -0.0314233531503301 0.785390488322164 NaN
0.206 -0.501450726107572 -0.031879326516993 0.785390488322164 NaN
0.207 -0.50402175599012 -0.0323374053768953 0.785390488322164 NaN
0.208 -0.506555904445722 -0.0327975849461001 0.785390488322164 NaN
0.209 -0.50905383851823 -0.0332598645403254 0.785390488322164 NaN
0.21 -0.511516172629556 -0.0337242385738587 0.785390488322165 NaN
0.211 -0.513943462389395 -0.0341906992895943 0.785390488322164 NaN
0.212 -0.516336195569412 -0.0346592354537033 0.785390488322164 NaN
0.213 -0.51869478398567 -0.0351298322856349 0.785390488322164 NaN
0.214 -0.52101955572339 -0.0356024723057589 0.785390488322164 NaN
0.215 -0.523310749748399 -0.0360771289954354 0.785390488322164 NaN
0.216 -0.525568513050292 -0.0365537741164438 0.785390488322164 NaN
0.217 -0.527792901759981 -0.0370323700339136 0.785390488322163 NaN
0.218 -0.529983887557602 -0.0375128771406913 0.785390488322164 NaN
0.219 -0.53214136740533 -0.0379952470760807 0.785390488322164 NaN
0.22 -0.534265179054644 -0.0384794308887551 0.785390488322164 NaN
0.221 -0.536355119072577 -0.038965371632467 0.785390488322164 NaN
0.222 -0.538410964342604 -0.0394530143153782 0.785390488322164 NaN
0.223 -0.540432492878236 -0.039942299930118 0.785390488322164 NaN
0.224 -0.542419504998283 -0.040433172646293 0.785390488322164 NaN
0.225 -0.544371841437963 -0.0409255777122236 0.785390488322164 NaN
0.226 -0.546289397960572 -0.0414194628889095 0.785390488322164 NaN
0.227 -0.548172134921331 -0.0419147802967891 0.785390488322164 NaN
0.228 -0.550020080859867 -0.0424114888353172 0.785390488322164 NaN
0.229 -0.551833331880496 -0.0429095482843877 0.785390488322164 NaN
0.23 -0.553612043605496 -0.0434089238945848 0.785390488322164 NaN
0.231 -0.555356419831314 -0.0439095866975179 0.785390488322164 NaN
0.232 -0.557066696980345 -0.044411510308964 0.785390488322164 NaN
0.233 -0.558743126041134 -0.0449146661282222 0.785390488322165 NaN
0.234 -0.560385953757841 -0.0454190300567906 0.785390488322164 NaN
0.235 -0.561995403883561 -0.0459245738633405 0.785390488322164 NaN
0.236 -0.56357166115689 -0.0464312692062576 0.785390488322164 NaN
0.237 -0.565114857219412 -0.0469390790488522 0.785390488322164 NaN
0.238 -0.566625061357191 -0.0474479694031407 0.785390488322164 NaN
0.239 -0.568102275109738 -0.0479578904537697 0.785390488322164 NaN
0.24 -0.569546431903505 -0.0484687951120137 0.785390488322164 NaN
0.241 -0.570957401120161 -0.0489806256481432 0.785390488322164 NaN
0.242 -0.572334996087648 -0.049493319463522 0.785390488322164 NaN
0.243 -0.573678985606503 -0.0500068111353915 0.785390488322164 NaN
0.244 -0.574989108257641 -0.0505210271346436 0.785390488322164 NaN
0.245 -0.576265087727243 -0.0510358938567053 0.785390488322164 NaN
0.246 -0.577506648602242 -0.0515513341540086 0.785390488322164 NaN
0.247 -0.578713532833714 -0.0520672725201118 0.785390488322163 NaN
0.248 -0.579885512891582 -0.0525836329179717 0.785390488322164 NaN
0.249 -0.581022404536734 -0.0531003426243352 0.785390488322164 NaN
0.25 -0.582124076036322 -0.0536173301154816 0.785390488322164 NaN
0.251 -0.583190454576571 -0.0541345295730435 0.785390488322164 NaN
0.252 -0.58422152969976 -0.0546518783467981 0.785390488322164 NaN
0.253 -0.585217353661844 -0.0551693207849707 0.785390488322164 NaN
0.254 -0.586178038625536 -0.0556868045388591 0.785390488322164 NaN
0.255 -0.587103751849426 -0.0562042830857077 0.785390488322164 NaN
0.256 -0.587994708121272 -0.0567217166471163 0.785390488322164 NaN
0.257 -0.588851161535475 -0.0572390667054965 0.785390488322163 NaN
0.258 -0.589673395494325 -0.0577562988676196 0.785390488322164 NaN
0.259 -0.590461712599969 -0.0582733857052701 0.785390488322164 NaN
0.26 -0.591216425071206 -0.0587902930235343 0.785390488322164 NaN
0.261 -0.591937844770441 -0.0593069984956128 0.785390488322163 NaN
0.262 -0.592626275089681 -0.0598234723136059 0.785390488322164 NaN
0.263 -0.593282003406075 -0.0603396866195676 0.785390488322164 NaN
0.264 -0.59390529548161 -0.0608556125988235 0.785390488322164 NaN
0.265 -0.594496391078025 -0.0613712214430456 0.785390488322164 NaN
0.266 -0.595055501883784 -0.0618864770926837 0.785390488322164 NaN
0.267 -0.595582809791351 -0.0624013433889512 0.785390488322164 NaN
0.268 -0.596078468106761 -0.06291578269883 0.785390488322164 NaN
0.269 -0.596542602925197 -0.0634297531202613 0.785390488322164 NaN
0.27 -0.596975316504398 -0.0639432091657364 0.785390488322164 NaN
0.271 -0.597376690749359 -0.0644561015758691 0.785390488322164 NaN
0.272 -0.597746792063851 -0.0649683792272911 0.785390488322164 NaN
0.273 -0.598085675807507 -0.0654799921481967 0.785390488322165 NaN
0.274 -0.598393391988069 -0.0659908810744369 0.785390488322164 NaN
0.275 -0.598669989822592 -0.0665009927005746 0.785390488322164 NaN
0.276 -0.598915523377828 -0.0670102682639873 0.785390488322164 NaN
0.277 -0.599130055301004 -0.0675186500003415 0.785390488322165 NaN
0.278 -0.599313662035194 -0.0680260806775249 0.785390488322164 NaN
0.279 -0.599466437103616 -0.0685325055232131 0.785390488322164 NaN
0.28 -0.599588494436625 -0.0690378662103898 0.785390488322164 NaN
0.281 -0.599679971258539 -0.0695421096097 0.785390488322164 NaN
0.282 -0.599741030186829 -0.0700451839142801 0.785390488322164 NaN
0.283 -0.599771860904955 -0.0705470418003811 0.785390488322165 NaN
0.284 -0.599772681944226 -0.0710476358618233 0.785390488322164 NaN
0.285 -0.599743740422852 -0.0715469235002004 0.785390488322164 NaN
0.286 -0.59968531326818 -0.0720448673973756 0.785390488322164 NaN
0.287 -0.599597706379011 -0.0725414298371716 0.785390488322164 NaN
0.288 -0.599481254392956 -0.0730365807623257 0.785390488322164 NaN
0.289 -0.599336319468987 -0.0735302926123717 0.785390488322164 NaN
0.29 -0.599163290176969 -0.0740225419070634 0.785390488322164 NaN
0.291 -0.598962579381258 -0.0745133097041545 0.785390488322164 NaN
0.292 -0.59873462215128 -0.0750025793223515 0.785390488322164 NaN
0.293 -0.598479873983233 -0.0754903391846498 0.785390488322164 NaN
0.294 -0.598198807384036 -0.075976579621608 0.785390488322164 NaN
0.295 -0.597891909887844 -0.0764612965501008 0.785390488322164 NaN
0.296 -0.597559680854588 -0.0769444841877025 0.785390488322164 NaN
0.297 -0.597202629031016 -0.0774261434935801 0.785390488322164 NaN
0.298 -0.596821269914949 -0.0779062774183151 0.785390488322164 NaN
0.299 -0.59641612329953 -0.0783848867882021 0.785390488322164 NaN
0.3 -0.595987711844181 -0.0788619762167255 0.785390488322164 NaN
0.301 -0.595536559220224 -0.0793375519040567 0.785390488322164 NaN
0.302 -0.595063189478276 -0.0798116211556455 0.785390488322164 NaN
0.303 -0.594568126833439 -0.0802841912189152 0.785390488322164 NaN
0.304 -0.594051895943765 -0.0807552709007105 0.785390488322164 NaN
0.305 -0.593515022582892 -0.0812248699507809 0.785390488322164 NaN
0.306 -0.592958035545715 -0.0816929986454006 0.785390488322164 NaN
0.307 -0.59238146815174 -0.0821596680542759 0.785390488322164 NaN
0.308 -0.591785861455915 -0.082624893570379 0.785390488322163 NaN
0.309 -0.591171766423083 -0.0830886876357263 0.785390488322164 NaN
0.31 -0.590539747173195 -0.0835510697461034 0.785390488322164 NaN
0.311 -0.589890383386078 -0.0840120610747276 0.785390488322164 NaN
0.312 -0.58922427320027 -0.0844716838248042 0.785390488322163 NaN
0.313 -0.588542035983881 -0.0849299663026277 0.785390488322164 NaN
0.314 -0.587844314941149 -0.0853869390634469 0.785390488322164 NaN
0.315 -0.587131778405504 -0.08584263707803 0.785390488322164 NaN
0.316 -0.586405121422531 -0.0862971033735943 0.785390488322164 NaN
0.317 -0.585665066320459 -0.0867503804516516 0.785390488322163 NaN
0.318 -0.584912363465019 -0.0872025214787461 0.785390488322163 NaN
0.319 -0.584147790478709 -0.0876535806361547 0.785390488322164 NaN
0.32 -0.583372151360252 -0.0881036222440048 0.785390488322163 NaN
0.321 -0.582586275133041 -0.0885527120567515 0.785390488322164 NaN
0.322 -0.581791014115047 -0.0890009207595525 0.785390488322164 NaN
0.323 -0.580987241676327 -0.0894483289405235 0.785390488322164 NaN
0.324 -0.580175850067135 -0.0898950172219208 0.785390488322164 NaN
0.325 -0.579357747396883 -0.0903410730334015 0.785390488322163 NaN
0.326 -0.578533854017867 -0.0907865882568339 0.785390488322164 NaN
0.327 -0.577705100063725 -0.0912316594472129 0.785390488322164 NaN
0.328 -0.57687242218592 -0.0916763849724311 0.785390488322163 NaN
0.329 -0.576036761362871 -0.092120868778772 0.785390488322164 NaN
0.33 -0.575199060366381 -0.092565215382714 0.785390488322164 NaN
0.331 -0.574360261794123 -0.0930095359414852 0.785390488322164 NaN
0.332 -0.57352130726161 -0.0934539409440264 0.785390488322163 NaN
0.333 -0.572683136680417 -0.093898544498902 0.785390488322163 NaN
0.334 -0.57184668953893 -0.0943434642911224 0.785390488322164 NaN
0.335 -0.571012906690826 -0.0947888211195168 0.785390488322164 NaN
0.336 -0.570182732822939 -0.0952347393554766 0.785390488322164 NaN
0.337 -0.569357121239005 -0.0956813493048642 0.785390488322164 NaN
0.338 -0.568537038819964 -0.0961287831998728 0.785390488322163 NaN
0.339 -0.567723472575266 -0.0965771813019994 0.785390488322164 NaN
0.34 -0.566917436742671 -0.0970266933769006 0.785390488322164 NaN
0.341 -0.566119980781093 -0.097477474107696 0.785390488322164 NaN
0.342 -0.565332197821397 -0.0979296928902458 0.785390488322164 NaN
0.343 -0.564555232622825 -0.098383527054203 0.785390488322163 NaN
0.344 -0.563790289689932 -0.0988391694222418 0.785390488322163 NaN
0.345 -0.563038640310245 -0.0992968273021157 0.785390488322164 NaN
0.346 -0.562301628452378 -0.0997567224607873 0.785390488322164 NaN
0.347 -0.561580674816639 -0.100219096112497 0.785390488322164 NaN
0.348 -0.560877279565115 -0.100684203528351 0.785390488322164 NaN
0.349 -0.560193021415535 -0.101152324415511 0.785390488322164 NaN
0.35 -0.55952955580935 -0.101623749352171 0.785390488322164 NaN
0.351 -0.558888608608929 -0.102098790760225 0.785390488322164 NaN
0.352 -0.558271967869644 -0.102577774462017 0.785390488322164 NaN
0.353 -0.557681472006553 -0.103061046551073 0.785390488322164 NaN
0.354 -0.557118996220652 -0.103548962050459 0.785390488322163 NaN
0.355 -0.556586435554198 -0.104041887859498 0.785390488322164 NaN
0.356 -0.556085686294175 -0.104540197848589 0.785390488322164 NaN
0.357 -0.555618623819525 -0.105044270212908 0.785390488322164 NaN
0.358 -0.555187080960574 -0.105554486412336 0.785390488322164 NaN
0.359 -0.554792824088245 -0.106071220408825 0.785390488322164 NaN
0.36 -0.554437530134213 -0.106594839889589 0.785390488322164 NaN
0.361 -0.554122763757854 -0.107125702026471 0.785390488322164 NaN
0.362 -0.553849955174969 -0.107664146700309 0.785390488322164 NaN
0.363 -0.553620379475749 -0.108210492485077 0.785390488322164 NaN
0.364 -0.553435138797468 -0.108765035923658 0.785390488322164 NaN
0.365 -0.553295146159932 -0.109328044169437 0.785390488322164 NaN
0.366 -0.553201113889464 -0.109899756749032 0.785390488322164 NaN
0.367 -0.553153543913044 -0.110480378039158 0.785390488322164 NaN
0.368 -0.553152724172648 -0.111070077152475 0.785390488322164 NaN
0.369 -0.553198726109576 -0.111668989707242 0.785390488322164 NaN
0.37 -0.553291408901154 -0.112277215069802 0.785390488322164 NaN
0.371 -0.553430425603624 -0.112894813081242 0.785390488322164 NaN
0.372 -0.553615233674178 -0.113521812796846 0.785390488322164 NaN
0.373 -0.553845109203515 -0.114158207474104 0.785390488322164 NaN
0.374 -0.554119163330171 -0.114803961784398 0.785390488322164 NaN
0.375 -0.554436361604781 -0.115459008482807 0.785390488322164 NaN
0.376 -0.554795545797864 -0.116123256291779 0.785390488322164 NaN
0.377 -0.555195455987676 -0.116796594455723 0.785390488322164 NaN
0.378 -0.555634754991706 -0.117478890577612 0.785390488322164 NaN
0.379 -0.556112052007308 -0.118170004894853 0.785390488322164 NaN
0.38 -0.556625926386475 -0.118869779800091 0.785390488322164 NaN
0.381 -0.557174951298297 -0.119578057093364 0.785390488322164 NaN
0.382 -0.557757715526588 -0.120294675914695 0.785390488322164 NaN
0.383 -0.558372843806237 -0.121019476739363 0.785390488322164 NaN
0.384 -0.559019016005883 -0.121752305896826 0.785390488322164 NaN
0.385 -0.559694983097422 -0.122493017862826 0.785390488322164 NaN
0.386 -0.56039958174898 -0.123241478938439 0.785390488322164 NaN
0.387 -0.561131745550142 -0.123997568312571 0.785390488322164 NaN
0.388 -0.561890514399611 -0.124761181235692 0.785390488322164 NaN
0.389 -0.562675040543859 -0.125532229025167 0.785390488322164 NaN
0.39 -0.563484592197599 -0.126310642973072 0.785390488322164 NaN
0.391 -0.564318554629576 -0.127096373112714 0.785390488322164 NaN
0.392 -0.565176429127537 -0.12788938609921 0.785390488322164 NaN
0.393 -0.566057828621314 -0.12868966878323 0.785390488322164 NaN
0.394 -0.566962472365093 -0.129497225798579 0.785390488322164 NaN
0.395 -0.56789017852483 -0.130312081180789 0.785390488322164 NaN
0.396 -0.568840854282806 -0.131134273008633 0.785390488322164 NaN
0.397 -0.569814485993009 -0.131963854308854 0.785390488322164 NaN
0.398 -0.570811128303269 -0.1328008939443 0.785390488322164 NaN
0.399 -0.571830891912396 -0.133645468983561 0.785390488322165 NaN
0.4 -0.572873931459664 -0.13449767173555 0.785390488322164 NaN
0.401 -0.573940433826919 -0.135357597569018 0.785390488322164 NaN
0.402 -0.575030607922224 -0.136225353605182 0.785390488322164 NaN
0.403 -0.576144674818389 -0.13710104617157 0.785390488322165 NaN
0.404 -0.577282858931995 -0.137984792652707 0.785390488322165 NaN
0.405 -0.578445379808055 -0.138876705876654 0.785390488322164 NaN
0.406 -0.579632445980417 -0.139776908210411 0.785390488322164 NaN
0.407 -0.58084425099134 -0.140685511412594 0.785390488322164 NaN
0.408 -0.582080970748435 -0.141602638981559 0.785390488322164 NaN
0.409 -0.583342762016805 -0.142528402175262 0.785390488322164 NaN
0.41 -0.584629762728151 -0.143462920175082 0.785390488322164 NaN
0.411 -0.585942093278029 -0.14440630563434 0.785390488322164 NaN
0.412 -0.587279858887011 -0.145358670140841 0.785390488322164 NaN
0.413 -0.588643153083659 -0.1463201206085 0.785390488322164 NaN
0.414 -0.590032060272135 -0.147290771804804 0.785390488322164 NaN
0.415 -0.591446658831896 -0.148270724018613 0.785390488322164 NaN
0.416 -0.592887023679008 -0.149260083988655 0.785390488322164 NaN
0.417 -0.594353229156483 -0.150258955241556 0.785390488322164 NaN
0.418 -0.595845350239703 -0.151267435676223 0.785390488322164 NaN
0.419 -0.597363463941448 -0.152285626060849 0.785390488322164 NaN
0.42 -0.598907648324946 -0.1533136206937 0.785390488322164 NaN
0.421 -0.600477981621157 -0.154351511905894 0.785390488322164 NaN
0.422 -0.602074539385619 -0.155399388055963 0.785390488322164 NaN
0.423 -0.603697391353135 -0.156457335295767 0.785390488322164 NaN
0.424 -0.605346597490906 -0.157525432580731 0.785390488322164 NaN
0.425 -0.607022204234506 -0.158603756474053 0.785390488322165 NaN
0.426 -0.608724239341584 -0.159692376390233 0.785390488322164 NaN
0.427 -0.610452707630997 -0.160791355477174 0.785390488322165 NaN
0.428 -0.61220758671488 -0.161900751502904 0.785390488322164 NaN
0.429 -0.613988823496111 -0.163020615823282 0.785390488322164 NaN
0.43 -0.615796331008553 -0.164150995854768 0.785390488322164 NaN
0.431 -0.617629986757759 -0.165291926714863 0.785390488322164 NaN
0.432 -0.619489631439758 -0.166443443425768 0.785390488322164 NaN
0.433 -0.621375069494149 -0.167605574223177 0.785390488322164 NaN
0.434 -0.623286070217661 -0.168778341776675 0.785390488322164 NaN
0.435 -0.625222370326547 -0.169961764652653 0.785390488322164 NaN
0.436 -0.627183677153036 -0.171155860208804 0.785390488322164 NaN
0.437 -0.629169672469275 -0.172360642227548 0.785390488322164 NaN
0.438 -0.631180018040983 -0.173576122448863 0.785390488322164 NaN
0.439 -0.63321435976504 -0.174802310217859 0.785390488322164 NaN
0.44 -0.635272333425444 -0.176039219592155 0.785390488322165 NaN
0.441 -0.637353569699216 -0.177286860574387 0.785390488322165 NaN
0.442 -0.639457698764276 -0.178545248655744 0.785390488322164 NaN
0.443 -0.641584354947775 -0.179814392738121 0.785390488322164 NaN
0.444 -0.643733179728324 -0.181094308103673 0.785390488322164 NaN
0.445 -0.645903824612224 -0.182385009605396 0.785390488322164 NaN
0.446 -0.648095953290553 -0.183686513299654 0.785390488322164 NaN
0.447 -0.650309242299355 -0.184998831362775 0.785390488322164 NaN
0.448 -0.652543379979956 -0.186321976011021 0.785390488322164 NaN
0.449 -0.654798064721838 -0.18765595982201 0.785390488322164 NaN
0.45 -0.657073002878229 -0.189000786025736 0.785390488322164 NaN
0.451 -0.659367907122209 -0.190356460374232 0.785390488322164 NaN
0.452 -0.661682493403303 -0.191722975290316 0.785390488322164 NaN
0.453 -0.664016476891092 -0.193100323913204 0.785390488322164 NaN
0.454 -0.666369566135379 -0.19448848635857 0.785390488322165 NaN
0.455 -0.668741457674796 -0.195887436574908 0.785390488322165 NaN
0.456 -0.671131831266138 -0.197297134906496 0.785390488322164 NaN
0.457 -0.673540345592944 -0.19871753667199 0.785390488322164 NaN
0.458 -0.675966635011875 -0.200148582203255 0.785390488322165 NaN
0.459 -0.678410306074108 -0.201590198912854 0.785390488322164 NaN
0.46 -0.680870934444275 -0.203042307886995 0.785390488322164 NaN
0.461 -0.683348062523005 -0.204504816183657 0.785390488322164 NaN
0.462 -0.685841197649528 -0.205977618634784 0.785390488322164 NaN
0.463 -0.688349810966413 -0.207460599178345 0.785390488322164 NaN
0.464 -0.690873337490556 -0.208953636439786 0.785390488322164 NaN
0.465 -0.693411176784411 -0.210456590465041 0.785390488322164 NaN
0.466 -0.695962694273343 -0.211969323378575 0.785390488322164 NaN
0.467 -0.698527223553391 -0.213491682763508 0.785390488322164 NaN
0.468 -0.701104068738171 -0.215023510281644 0.785390488322164 NaN
0.469 -0.703692507726956 -0.216564643651037 0.785390488322165 NaN
0.47 -0.706291795423386 -0.218114914703306 0.785390488322164 NaN
0.471 -0.708901167138526 -0.219674153097102 0.785390488322165 NaN
0.472 -0.711519842432905 -0.221242183245316 0.785390488322164 NaN
0.473 -0.714147028310834 -0.222818826831005 0.785390488322164 NaN
0.474 -0.716781922576426 -0.22440390752218 0.785390488322164 NaN
0.475 -0.719423716577176 -0.225997243955646 0.785390488322164 NaN
0.476 -0.722071597956841 -0.227598653731075 0.785390488322164 NaN
0.477 -0.724724752246584 -0.229207954015703 0.785390488322164 NaN
0.478 -0.727382364281619 -0.230824959011001 0.785390488322165 NaN
0.479 -0.730043619066589 -0.232449484979732 0.785390488322164 NaN
0.48 -0.732707701628741 -0.234081342629245 0.785390488322165 NaN
0.481 -0.735373796565459 -0.235720335680254 0.785390488322164 NaN
0.482 -0.738041087156813 -0.237366271355308 0.785390488322164 NaN
0.483 -0.740708753635166 -0.239018945170365 0.785390488322164 NaN
0.484 -0.743375971387279 -0.240678148666206 0.785390488322164 NaN
0.485 -0.746041908531825 -0.24234366914386 0.785390488322164 NaN
0.486 -0.748705723832754 -0.244015279971243 0.785390488322164 NaN
0.487 -0.751366564102616 -0.245692747695453 0.785390488322164 NaN
0.488 -0.754023561921719 -0.247375830240126 0.785390488322164 NaN
0.489 -0.756675833523199 -0.249064271450623 0.785390488322164 NaN
0.49 -0.759322477137543 -0.25075780442569 0.785390488322164 NaN
0.491 -0.761962571423049 -0.25245615005235 0.785390488322164 NaN
0.492 -0.76459517468275 -0.254159019689543 0.785390488322164 NaN
0.493 -0.767219324492245 -0.255866106052605 0.785390488322164 NaN
0.494 -0.769834037967707 -0.2575770964067 0.785390488322164 NaN
0.495 -0.772438312362541 -0.259291659586873 0.785390488322164 NaN
0.496 -0.775031126548483 -0.261009458374293 0.785390488322164 NaN
0.497 -0.777611442472153 -0.262730141600493 0.785390488322164 NaN
0.498 -0.780178207771033 -0.264453351840336 0.785390488322163 NaN
0.499 -0.782730357759371 -0.26617872020015 0.785390488322164 NaN
0.5 -0.785266818734063 -0.267905871180345 0.785390488322164 NaN
0.501 -0.787786509834911 -0.269634423414146 0.785390488322164 NaN
0.502 -0.790288346968102 -0.271363989656397 0.785390488322164 NaN
0.503 -0.792771244546078 -0.273094180207788 0.785390488322163 NaN
0.504 -0.79523411830314 -0.274824600764158 0.785390488322164 NaN
0.505 -0.797675887238794 -0.276554851753922 0.785390488322164 NaN
0.506 -0.800095475349261 -0.278284540446927 0.785390488322164 NaN
0.507 -0.802491812589481 -0.280013265163142 0.785390488322164 NaN
0.508 -0.804863835737271 -0.281740629043594 0.785390488322164 NaN
0.509 -0.807210488345772 -0.283466230398407 0.785390488322164 NaN
0.51 -0.809530719813412 -0.285189671177395 0.785390488322164 NaN
0.511 -0.811823485259063 -0.286910549508649 0.785390488322165 NaN
0.512 -0.81408774311272 -0.288628466772599 0.785390488322164 NaN
0.513 -0.816322453695317 -0.290343019207572 0.785390488322164 NaN
0.514 -0.818526576740023 -0.292053803253082 0.785390488322164 NaN
0.515 -0.820699069058642 -0.293760409885799 0.785390488322164 NaN
0.516 -0.822838881999735 -0.295462428494331 0.785390488322164 NaN
0.517 -0.824944959008238 -0.297159446324291 0.785390488322164 NaN
0.518 -0.82701623319624 -0.298851039101701 0.785390488322164 NaN
0.519 -0.829051625612705 -0.300536783994357 0.785390488322164 NaN
0.52 -0.83105004404815 -0.302216245178655 0.785390488322164 NaN
0.521 -0.833010381693109 -0.3038889838175 0.785390488322164 NaN
0.522 -0.83493151777179 -0.305554554197977 0.785390488322164 NaN
0.523 -0.836812318413922 -0.307212501521325 0.785390488322164 NaN
0.524 -0.838651638381791 -0.30886236602353 0.785390488322164 NaN
0.525 -0.840448324494224 -0.310503680643065 0.785390488322164 NaN
0.526 -0.842201219643842 -0.312135979281423 0.785390488322164 NaN
0.527 -0.843909168261285 -0.31375878614097 0.785390488322164 NaN
0.528 -0.845571023039952 -0.315371628600451 0.785390488322164 NaN
0.529 -0.8471856525939 -0.31697403376411 0.785390488322164 NaN
0.53 -0.848751950340419 -0.318565531282843 0.785390488322164 NaN
0.531 -0.850268844161101 -0.3201456638685 0.785390488322164 NaN
0.532 -0.85173530700862 -0.321713975647055 0.785390488322164 NaN
0.533 -0.853150368161895 -0.323270034801229 0.785390488322164 NaN
0.534 -0.85451312473516 -0.324813418110733 0.785390488322164 NaN
0.535 -0.855822753799216 -0.326343730111698 0.785390488322164 NaN
0.536 -0.85707852360639 -0.327860597436068 0.785390488322164 NaN
0.537 -0.858279805521414 -0.32936367800557 0.785390488322164 NaN
0.538 -0.859426084700876 -0.330852664198899 0.785390488322164 NaN
0.539 -0.860516970122592 -0.332327282177059 0.785390488322164 NaN
0.54 -0.8615522032752 -0.33378730108596 0.785390488322164 NaN
0.541 -0.862531665472161 -0.335232532060727 0.785390488322164 NaN
0.542 -0.863455383691609 -0.336662830331806 0.785390488322164 NaN
0.543 -0.864323534420691 -0.338078102937361 0.785390488322164 NaN
0.544 -0.865136445652117 -0.339478300868367 0.785390488322164 NaN
0.545 -0.865894596639035 -0.340863427826989 0.785390488322163 NaN
0.546 -0.866598615303206 -0.342233536906935 0.785390488322164 NaN
0.547 -0.867249273388674 -0.343588727034756 0.785390488322164 NaN
0.548 -0.867847479637142 -0.344929145202875 0.785390488322164 NaN
0.549 -0.868394270811775 -0.346254986110466 0.785390488322164 NaN
0.55 -0.868890799800914 -0.347566482673086 0.785390488322164 NaN
0.551 -0.869338323224486 -0.348863905639507 0.785390488322164 NaN
0.552 -0.869738186387675 -0.350147563651553 0.785390488322163 NaN
0.553 -0.870091807252673 -0.351417789131629 0.785390488322164 NaN
0.554 -0.870400659338145 -0.352674943075926 0.785390488322164 NaN
0.555 -0.870666253550332 -0.353919399841898 0.785390488322164 NaN
0.556 -0.870890120018957 -0.355151546789265 0.785390488322164 NaN
0.557 -0.871073789283966 -0.356371779315078 0.785390488322163 NaN
0.558 -0.871218774143863 -0.357580489056267 0.785390488322164 NaN
0.559 -0.871326552406307 -0.358778061233528 0.785390488322164 NaN
0.56 -0.871398549463086 -0.359964870384798 0.785390488322164 NaN
0.561 -0.871436123408815 -0.361141271382798 0.785390488322164 NaN
0.562 -0.871440550677319 -0.362307595014839 0.785390488322164 NaN
0.563 -0.871413013800405 -0.363464143666742 0.785390488322163 NaN
0.564 -0.871354591312735 -0.364611188406188 0.785390488322165 NaN
0.565 -0.871266249136729 -0.365748962631678 0.785390488322164 NaN
0.566 -0.871148834614628 -0.366877661303177 0.785390488322164 NaN
0.567 -0.871003072579788 -0.367997441630612 0.785390488322164 NaN
0.568 -0.870829563460657 -0.369108415910042 0.785390488322164 NaN
0.569 -0.870628784040724 -0.370210654597479 0.785390488322164 NaN
0.57 -0.870401089650804 -0.371304190154148 0.785390488322164 NaN
0.571 -0.870146718727695 -0.372389008824963 0.785390488322164 NaN
0.572 -0.869865798889555 -0.373465067065984 0.785390488322164 NaN
0.573 -0.869558354719458 -0.374532277466154 0.785390488322164 NaN
0.574 -0.869224316921184 -0.375590526974993 0.785390488322164 NaN
0.575 -0.868863531888635 -0.376639669342233 0.785390488322164 NaN
0.576 -0.868475773195141 -0.37767953636441 0.785390488322164 NaN
0.577 -0.868060752253262 -0.378709939257809 0.785390488322164 NaN
0.578 -0.867618130425028 -0.379730673444005 0.785390488322164 NaN
0.579 -0.867147530345443 -0.380741519478344 0.785390488322164 NaN
0.58 -0.866648547209681 -0.381742254418466 0.785390488322164 NaN
0.581 -0.866120759548883 -0.382732650653895 0.785390488322164 NaN
0.582 -0.865563739448817 -0.383712479778813 0.785390488322164 NaN
0.583 -0.864977061597318 -0.384681517402416 0.785390488322164 NaN
0.584 -0.864360311677896 -0.385639543432164 0.785390488322164 NaN
0.585 -0.863713093894843 -0.386586349464798 0.785390488322164 NaN
0.586 -0.863035037020959 -0.387521732450958 0.785390488322164 NaN
0.587 -0.862325799036636 -0.388445505224116 0.785390488322163 NaN
0.588 -0.861585071207585 -0.389357488934862 0.785390488322164 NaN
0.589 -0.860812580700135 -0.390257517330767 0.785390488322164 NaN
0.59 -0.860008093138813 -0.391145437584236 0.785390488322164 NaN
0.591 -0.859171413225526 -0.392021105302419 0.785390488322164 NaN
0.592 -0.858302385102339 -0.392884389572564 0.785390488322164 NaN
0.593 -0.857400892370664 -0.393735167816941 0.785390488322164 NaN
0.594 -0.856466858672033 -0.394573323867133 0.785390488322163 NaN
0.595 -0.85550024555098 -0.395398756810959 0.785390488322164 NaN
0.596 -0.854501050912241 -0.396211363626045 0.785390488322163 NaN
0.597 -0.853469308283783 -0.397011054162302 0.785390488322163 NaN
0.598 -0.852405086978074 -0.39779774435019 0.785390488322164 NaN
0.599 -0.85130849039754 -0.39857135715813 0.785390488322163 NaN
0.6 -0.850179653553919 -0.399331818484231 0.785390488322163 NaN
0.601 -0.849018743446932 -0.400079067044004 0.785390488322163 NaN
0.602 -0.847825960622509 -0.400813048479324 0.785390488322163 NaN
0.603 -0.846601537049475 -0.401533720151506 0.785390488322164 NaN
0.604 -0.845345735443523 -0.402241050185649 0.785390488322163 NaN
0.605 -0.844058852213654 -0.402935022417702 0.785390488322163 NaN
0.606 -0.842741217343605 -0.403615637057509 0.785390488322164 NaN
0.607 -0.841393190845488 -0.404282911023594 0.785390488322163 NaN
0.608 -0.840015161676643 -0.404936880342682 0.785390488322163 NaN
0.609 -0.838607548277618 -0.405577600791126 0.785390488322164 NaN
0.61 -0.837170797813543 -0.406205147662297 0.785390488322164 NaN
0.611 -0.835705387800117 -0.406819625922168 0.785390488322164 NaN
0.612 -0.834211828663985 -0.407421158370945 0.785390488322163 NaN
0.613 -0.832690660127573 -0.408009892236485 0.785390488322164 NaN
0.614 -0.831142443414232 -0.40858599952856 0.785390488322164 NaN
0.615 -0.829567756079698 -0.409149666532814 0.785390488322164 NaN
0.616 -0.827967191419221 -0.409701099770626 0.785390488322163 NaN
0.617 -0.826341360328934 -0.410240521880379 0.785390488322164 NaN
0.618 -0.824690890316947 -0.410768170814518 0.785390488322163 NaN
0.619 -0.823016423610556 -0.411284295181835 0.785390488322164 NaN
0.62 -0.821318611695142 -0.411789154141682 0.785390488322163 NaN
0.621 -0.819598110373526 -0.41228300770337 0.785390488322164 NaN
0.622 -0.817855576378086 -0.412766119370564 0.785390488322164 NaN
0.623 -0.816091664787729 -0.413238747731377 0.785390488322163 NaN
0.624 -0.814307028803942 -0.413701144189358 0.785390488322164 NaN
0.625 -0.812502322075904 -0.414153556336913 0.785390488322163 NaN
0.626 -0.810678202696063 -0.414596224629167 0.785390488322164 NaN
0.627 -0.808835334333428 -0.415029376542649 0.785390488322164 NaN
0.628 -0.806974381827934 -0.415453234886409 0.785390488322164 NaN
0.629 -0.805096007477804 -0.4158680049188 0.785390488322163 NaN
0.63 -0.803200870978197 -0.416273879730253 0.785390488322163 NaN
0.631 -0.801289633703053 -0.416671037039357 0.785390488322163 NaN
0.632 -0.79936296673182 -0.417059650062638 0.785390488322164 NaN
0.633 -0.797421557521406 -0.417439886473991 0.785390488322164 NaN
0.634 -0.795466111038938 -0.417811909363204 0.785390488322164 NaN
0.635 -0.793497348078239 -0.418175884182983 0.785390488322164 NaN
0.636 -0.791516004677258 -0.418531974269768 0.785390488322163 NaN
0.637 -0.789522832426899 -0.418880346949989 0.785390488322164 NaN
0.638 -0.787518602924024 -0.419221176380786 0.785390488322163 NaN
0.639 -0.785504111511535 -0.419554648932435 0.785390488322163 NaN
0.64 -0.783480180304191 -0.419880966062866 0.785390488322163 NaN
0.641 -0.781447658276945 -0.42020034858286 0.785390488322164 NaN
0.642 -0.779407420566093 -0.420513038346706 0.785390488322163 NaN
0.643 -0.77736036719807 -0.420819298944173 0.785390488322163 NaN
0.644 -0.775307422648618 -0.421119417858534 0.785390488322163 NaN
0.645 -0.773249534713304 -0.421413710583491 0.785390488322163 NaN
0.646 -0.77118767307196 -0.42170251601788 0.785390488322163 NaN
0.647 -0.769122826645056 -0.421986203334721 0.785390488322163 NaN
0.648 -0.767056001197353 -0.422265163730948 0.785390488322163 NaN
0.649 -0.764988216518662 -0.422539815101931 0.785390488322163 NaN
0.65 -0.762920503810149 -0.422810596577801 0.785390488322163 NaN
0.651 -0.760853904059508 -0.423077970781208 0.785390488322163 NaN
0.652 -0.758789466973838 -0.423342420143714 0.785390488322164 NaN
0.653 -0.756728250182763 -0.423604444313275 0.785390488322163 NaN
0.654 -0.754671315134792 -0.42386456157705 0.785390488322164 NaN
0.655 -0.752619725743625 -0.424123296146776 0.785390488322163 NaN
0.656 -0.750574545179542 -0.424381186630227 0.785390488322163 NaN
0.657 -0.748536835837421 -0.424638777044498 0.785390488322163 NaN
0.658 -0.746507659701704 -0.424896614772265 0.785390488322163 NaN
0.659 -0.744488079085005 -0.42515525086124 0.785390488322163 NaN
0.66 -0.742479155989159 -0.425415238339033 0.785390488322163 NaN
0.661 -0.740481950753584 -0.425677126717696 0.785390488322162 NaN
0.662 -0.738497520332162 -0.425941462446287 0.785390488322163 NaN
0.663 -0.736526917122479 -0.426208785691701 0.785390488322163 NaN
0.664 -0.734571189395815 -0.426479626350167 0.785390488322163 NaN
0.665 -0.732631381701045 -0.426754511163834 0.785390488322163 NaN
0.666 -0.730708536683945 -0.427033957017841 0.785390488322163 NaN
0.667 -0.728803695878855 -0.427318471798996 0.785390488322162 NaN
0.668 -0.726917899564922 -0.427608559088773 0.785390488322163 NaN
0.669 -0.725052185911985 -0.42790471277489 0.785390488322162 NaN
0.67 -0.723207589854994 -0.428207419192326 0.785390488322163 NaN
0.671 -0.721385141462776 -0.428517159598192 0.785390488322163 NaN
0.672 -0.7195858646107 -0.428834405977395 0.785390488322163 NaN
0.673 -0.717810775564033 -0.429159624801963 0.785390488322163 NaN
0.674 -0.716060882232425 -0.429493274825982 0.785390488322162 NaN
0.675 -0.714337183455054 -0.429835812592598 0.785390488322163 NaN
0.676 -0.712640668013156 -0.430187690992988 0.785390488322162 NaN
0.677 -0.710972312389515 -0.430549358508022 0.785390488322163 NaN
0.678 -0.709333080220331 -0.430921260892097 0.785390488322163 NaN
0.679 -0.707723920368725 -0.431303845853436 0.785390488322163 NaN
0.68 -0.706145766635524 -0.431697555392927 0.785390488322163 NaN
0.681 -0.704599535498944 -0.432102833661687 0.785390488322163 NaN
0.682 -0.70308612713994 -0.432520127275578 0.785390488322163 NaN
0.683 -0.701606424383376 -0.432949879881886 0.785390488322163 NaN
0.684 -0.700161292494481 -0.43339254173226 0.785390488322163 NaN
0.685 -0.69875157985318 -0.433848562769395 0.785390488322162 NaN
0.686 -0.697378117274805 -0.434318396705703 0.785390488322163 NaN
0.687 -0.696041718395886 -0.434802501148223 0.785390488322163 NaN
0.688 -0.694743180344211 -0.435301334810035 0.785390488322163 NaN
0.689 -0.69348328511755 -0.435815364112456 0.785390488322163 NaN
0.69 -0.692262798524227 -0.436345055976447 0.785390488322163 NaN
0.691 -0.69108246994516 -0.436890881271687 0.785390488322163 NaN
0.692 -0.689943032820113 -0.437453311195505 0.785390488322163 NaN
0.693 -0.688845203754758 -0.438032821261386 0.785390488322162 NaN
0.694 -0.687789681827432 -0.438629884876986 0.785390488322163 NaN
0.695 -0.686777149177317 -0.439244974933318 0.785390488322163 NaN
0.696 -0.685808265264326 -0.439878561558923 0.785390488322163 NaN
0.697 -0.684883664107341 -0.440531105709796 0.785390488322163 NaN
0.698 -0.684003953615832 -0.441203061685939 0.785390488322163 NaN
0.699 -0.683169711493393 -0.441894870678362 0.785390488322163 NaN
0.7 -0.682381477159037 -0.442606961195568 0.785390488322163 NaN
0.701 -0.681639750564927 -0.443339740655024 0.785390488322163 NaN
0.702 -0.680944984827878 -0.444093594301872 0.785390488322163 NaN
0.703 -0.680297583627602 -0.4448688836864 0.785390488322163 NaN
0.704 -0.679697890663226 -0.445665936943266 0.785390488322163 NaN
0.705 -0.679146175681406 -0.446485047063777 0.785390488322163 NaN
0.706 -0.678642633984079 -0.447326463211132 0.785390488322163 NaN
0.707 -0.678187386936879 -0.4481903964055 0.785390488322163 NaN
0.708 -0.677780478171002 -0.449077015928853 0.785390488322163 NaN
0.709 -0.67742186275139 -0.449986445129554 0.785390488322163 NaN
0.71 -0.677111397426152 -0.450918749819294 0.785390488322163 NaN
0.711 -0.676848836152219 -0.451873943329065 0.785390488322163 NaN
0.712 -0.676633827330641 -0.45285197986381 0.785390488322162 NaN
0.713 -0.676465914373588 -0.453852757353536 0.785390488322163 NaN
0.714 -0.676344538289061 -0.454876118499106 0.785390488322163 NaN
0.715 -0.676269036435573 -0.455921849373972 0.785390488322163 NaN
0.716 -0.676238644495641 -0.456989682454761 0.785390488322163 NaN
0.717 -0.676252500960749 -0.458079296233547 0.785390488322163 NaN
0.718 -0.676309644615694 -0.459190318079306 0.785390488322163 NaN
0.719 -0.676409034648928 -0.460322329349181 0.785390488322163 NaN
0.72 -0.676549560583662 -0.461474874624038 0.785390488322163 NaN
0.721 -0.676730026284902 -0.462647452269427 0.785390488322162 NaN
0.722 -0.676949164232589 -0.463839518669939 0.785390488322163 NaN
0.723 -0.677205664947276 -0.465050505664509 0.785390488322163 NaN
0.724 -0.677498204597483 -0.466279840640208 0.785390488322163 NaN
0.725 -0.677825462055724 -0.467526953318283 0.785390488322163 NaN
0.726 -0.678186110680803 -0.468791264106002 0.785390488322163 NaN
0.727 -0.678578816878445 -0.470072191036629 0.785390488322163 NaN
0.728 -0.679002243064574 -0.471369140840281 0.785390488322163 NaN
0.729 -0.679455056338981 -0.472681518764603 0.785390488322163 NaN
0.73 -0.679935947801152 -0.474008737852858 0.785390488322163 NaN
0.731 -0.680443664504592 -0.475350233545981 0.785390488322163 NaN
0.732 -0.680977041162023 -0.476705492527791 0.785390488322163 NaN
0.733 -0.681534999320505 -0.478074038283337 0.785390488322163 NaN
0.734 -0.682116538234367 -0.479455430781659 0.785390488322163 NaN
0.735 -0.68272074153597 -0.480849268034849 0.785390488322163 NaN
0.736 -0.683346790649244 -0.482255193852036 0.785390488322163 NaN
0.737 -0.683993957020238 -0.483672896813149 0.785390488322163 NaN
0.738 -0.684661590850589 -0.485102103494365 0.785390488322163 NaN
0.739 -0.685349121659437 -0.486542574858903 0.785390488322163 NaN
0.74 -0.686056072229636 -0.487994114964018 0.785390488322163 NaN
0.741 -0.686782073361329 -0.489456581023774 0.785390488322163 NaN
0.742 -0.68752686907652 -0.490929886975771 0.785390488322163 NaN
0.743 -0.688290308258263 -0.492414000309021 0.785390488322163 NaN
0.744 -0.689072328389868 -0.493908935991923 0.785390488322163 NaN
0.745 -0.689872940145699 -0.495414744520003 0.785390488322163 NaN
0.746 -0.69069221623211 -0.496931510181175 0.785390488322163 NaN
0.747 -0.691530285277806 -0.498459342510938 0.785390488322163 NaN
0.748 -0.692387328429421 -0.499998378727481 0.785390488322163 NaN
0.749 -0.69326357576951 -0.50154878450739 0.785390488322163 NaN
0.75 -0.694159299010523 -0.503110747827729 0.785390488322163 NaN
0.751 -0.695074803014699 -0.50468447858168 0.785390488322163 NaN
0.752 -0.696010417189002 -0.506270200734584 0.785390488322163 NaN
0.753 -0.696966486195911 -0.507868153314522 0.785390488322163 NaN
0.754 -0.697943358433655 -0.509478580653927 0.785390488322163 NaN
0.755 -0.698941377470648 -0.511101731092154 0.785390488322163 NaN
0.756 -0.699960874062853 -0.512737849530251 0.785390488322163 NaN
0.757 -0.701002160193869 -0.514387178741044 0.785390488322163 NaN
0.758 -0.702065522736137 -0.516049950293596 0.785390488322162 NaN
0.759 -0.703151216602177 -0.51772639078965 0.785390488322163 NaN
0.76 -0.704259456218892 -0.519416704457821 0.785390488322163 NaN
0.761 -0.705390410065057 -0.521121079169094 0.785390488322163 NaN
0.762 -0.70654419659496 -0.522839682093199 0.785390488322163 NaN
0.763 -0.707720882152465 -0.524572652421555 0.785390488322163 NaN
0.764 -0.708920478265495 -0.526320103505799 0.785390488322163 NaN
0.765 -0.710142936570877 -0.528082117270098 0.785390488322163 NaN
0.766 -0.711388147227228 -0.529858743770963 0.785390488322163 NaN
0.767 -0.712655934677107 -0.531649992668299 0.785390488322163 NaN
0.768 -0.713946059868992 -0.533455837868546 0.785390488322163 NaN
0.769 -0.715258220909738 -0.535276212574542 0.785390488322163 NaN
0.77 -0.716592050702632 -0.53711100536671 0.785390488322163 NaN
0.771 -0.717947115417051 -0.538960064604083 0.785390488322163 NaN
0.772 -0.719322919912209 -0.540823187416197 0.785390488322163 NaN
0.773 -0.720718914691724 -0.54270013403951 0.785390488322163 NaN
0.774 -0.722134493229771 -0.544590614100512 0.785390488322163 NaN
0.775 -0.723568995446122 -0.546494294110284 0.785390488322163 NaN
0.776 -0.725021706480518 -0.548410797948359 0.785390488322163 NaN
0.777 -0.726491865749929 -0.550339704233216 0.785390488322162 NaN
0.778 -0.727978675350665 -0.552280555409269 0.785390488322163 NaN
0.779 -0.729481299724435 -0.554232855375778 0.785390488322163 NaN
0.78 -0.730998838513338 -0.556196061961443 0.785390488322162 NaN
0.781 -0.732530344565343 -0.558169591000297 0.785390488322163 NaN
0.782 -0.734074901318041 -0.560152862801846 0.785390488322163 NaN
0.783 -0.735631609279872 -0.562145285152464 0.785390488322163 NaN
0.784 -0.737199524041975 -0.564146237675707 0.785390488322162 NaN
0.785 -0.738777638850913 -0.566155061060661 0.785390488322163 NaN
0.786 -0.740364898876058 -0.568171065523348 0.785390488322163 NaN
0.787 -0.74196024073992 -0.570193558490022 0.785390488322163 NaN
0.788 -0.743562653570735 -0.572221867450975 0.785390488322163 NaN
0.789 -0.745171163184826 -0.574255348766228 0.785390488322163 NaN
0.79 -0.746784761029522 -0.576293345412651 0.785390488322163 NaN
0.791 -0.748402370453009 -0.578335178567578 0.785390488322163 NaN
0.792 -0.750022901885667 -0.580380169226889 0.785390488322163 NaN
0.793 -0.751645316985562 -0.582427671728346 0.785390488322163 NaN
0.794 -0.753268627149013 -0.584477078547097 0.785390488322163 NaN
0.795 -0.754891835935232 -0.586527791763158 0.785390488322163 NaN
0.796 -0.756513902591757 -0.588579206982304 0.785390488322163 NaN
0.797 -0.758133734785024 -0.590630707974068 0.785390488322163 NaN
0.798 -0.759750211867128 -0.59268167358767 0.785390488322163 NaN
0.799 -0.761362239188089 -0.594731503059224 0.785390488322163 NaN
0.8 -0.762968777670864 -0.596779629273965 0.785390488322163 NaN
0.801 -0.764568811924773 -0.598825502878116 0.785390488322163 NaN
0.802 -0.766161297559994 -0.600868562609505 0.785390488322163 NaN
0.803 -0.767745134642837 -0.602908223862257 0.785390488322163 NaN
0.804 -0.769319176035533 -0.604943876222399 0.785390488322163 NaN
0.805 -0.770882264682002 -0.606974898164191 0.785390488322164 NaN
0.806 -0.772433256916408 -0.609000663458237 0.785390488322163 NaN
0.807 -0.773971019954977 -0.611020540379639 0.785390488322163 NaN
0.808 -0.77549442198366 -0.613033880665958 0.785390488322163 NaN
0.809 -0.777002324734178 -0.615040017456608 0.785390488322164 NaN
0.81 -0.778493580487726 -0.617038254868224 0.785390488322163 NaN
0.811 -0.779967037369667 -0.619027875949106 0.785390488322163 NaN
0.812 -0.781421548258821 -0.62100814810739 0.785390488322163 NaN
0.813 -0.782855971007812 -0.622978319615297 0.785390488322163 NaN
0.814 -0.784269164388313 -0.624937622105967 0.785390488322163 NaN
0.815 -0.785659986100787 -0.626885267029383 0.785390488322163 NaN
0.816 -0.787027298067014 -0.62882044077069 0.785390488322163 NaN
0.817 -0.788369968295774 -0.63074231716501 0.785390488322163 NaN
0.818 -0.789686874378889 -0.632650058328042 0.785390488322163 NaN
0.819 -0.79097690504742 -0.634542817905908 0.785390488322163 NaN
0.82 -0.792238966336707 -0.636419748328059 0.785390488322163 NaN
0.821 -0.793471984661918 -0.638280007013071 0.785390488322163 NaN
0.822 -0.794674908777541 -0.640122751036893 0.785390488322163 NaN
0.823 -0.795846709997092 -0.641947144899088 0.785390488322163 NaN
0.824 -0.796986382345125 -0.643752367694216 0.785390488322163 NaN
0.825 -0.798092940134985 -0.645537607696603 0.785390488322163 NaN
0.826 -0.799165416873675 -0.647302075387014 0.785390488322163 NaN
0.827 -0.800202859378494 -0.649044991936015 0.785390488322163 NaN
0.828 -0.80120432828891 -0.650765598393243 0.785390488322163 NaN
0.829 -0.802168896627074 -0.652463147465505 0.785390488322163 NaN
0.83 -0.80309565492242 -0.654136917724013 0.785390488322163 NaN
0.831 -0.803983713778273 -0.65578620589772 0.785390488322163 NaN
0.832 -0.804832207308217 -0.657410336791426 0.785390488322162 NaN
0.833 -0.805640293094875 -0.659008662197413 0.785390488322163 NaN
0.834 -0.806407151766659 -0.660580554383017 0.785390488322163 NaN
0.835 -0.807131984778241 -0.662125413316617 0.785390488322163 NaN
0.836 -0.807814013382377 -0.663642659880016 0.785390488322163 NaN
0.837 -0.808452478948178 -0.66513173694624 0.785390488322163 NaN
0.838 -0.809046643249841 -0.66659210561073 0.785390488322163 NaN
0.839 -0.809595788868064 -0.668023250647432 0.785390488322162 NaN
0.84 -0.810099220688268 -0.669424671586707 0.785390488322163 NaN
0.841 -0.810556266959564 -0.67079588680099 0.785390488322163 NaN
0.842 -0.810966280791137 -0.672136432093326 0.785390488322163 NaN
0.843 -0.811328642989603 -0.673445858269322 0.785390488322162 NaN
0.844 -0.811642763594184 -0.674723734649004 0.785390488322163 NaN
0.845 -0.811908083666268 -0.675969644801364 0.785390488322163 NaN
0.846 -0.812124076730952 -0.677183192412357 0.785390488322163 NaN
0.847 -0.812290250392146 -0.678363992026232 0.785390488322162 NaN
0.848 -0.8124061476855 -0.679511679356666 0.785390488322162 NaN
0.849 -0.812471348763987 -0.680625901634534 0.785390488322162 NaN
0.85 -0.812485472646466 -0.681706328124489 0.785390488322162 NaN
0.851 -0.812448177486696 -0.682752641957929 0.785390488322163 NaN
0.852 -0.812359162565564 -0.683764545452442 0.785390488322162 NaN
0.853 -0.812218167820799 -0.684741759092944 0.785390488322163 NaN
0.854 -0.812024974292615 -0.685684020660889 0.785390488322163 NaN
0.855 -0.811779405232762 -0.686591089944228 0.785390488322163 NaN
0.856 -0.811481326419002 -0.687462748323162 0.785390488322163 NaN
0.857 -0.811130647595665 -0.688298795753682 0.785390488322163 NaN
0.858 -0.810727320531269 -0.689099057383198 0.785390488322163 NaN
0.859 -0.810271340173608 -0.689863385810694 0.785390488322163 NaN
0.86 -0.809762744552636 -0.690591654817748 0.785390488322163 NaN
0.861 -0.809201615013256 -0.691283768326743 0.785390488322162 NaN
0.862 -0.80858807784521 -0.691939654407029 0.785390488322163 NaN
0.863 -0.807922304049159 -0.692559276125031 0.785390488322163 NaN
0.864 -0.807204508416754 -0.693142623511908 0.785390488322163 NaN
0.865 -0.806434949043651 -0.693689721431284 0.785390488322163 NaN
0.866 -0.805613928763013 -0.694200629011731 0.785390488322162 NaN
0.867 -0.80474180076129 -0.69467544238676 0.785390488322162 NaN
0.868 -0.803818968067973 -0.695114298427406 0.785390488322163 NaN
0.869 -0.802845878040069 -0.695517367597914 0.785390488322163 NaN
0.87 -0.801823022974487 -0.695884858428801 0.785390488322163 NaN
0.871 -0.800750946203853 -0.696217021787992 0.785390488322163 NaN
0.872 -0.799630247651134 -0.696514146485371 0.785390488322163 NaN
0.873 -0.798461587526318 -0.696776568629273 0.785390488322163 NaN
0.874 -0.797245683424012 -0.697004667226769 0.785390488322163 NaN
0.875 -0.795983307985733 -0.69719886132167 0.785390488322163 NaN
0.876 -0.7946752867561 -0.697359612462181 0.785390488322163 NaN
0.877 -0.793322496775937 -0.697487418637741 0.785390488322163 NaN
0.878 -0.791925866577983 -0.697582814387778 0.785390488322163 NaN
0.879 -0.790486375673046 -0.697646367372527 0.785390488322163 NaN
0.88 -0.789005051235702 -0.697678677696258 0.785390488322163 NaN
0.881 -0.787482965580876 -0.697680372198457 0.785390488322163 NaN
0.882 -0.785921237914641 -0.6976521037114 0.785390488322163 NaN
0.883 -0.784321032113893 -0.697594558135773 0.785390488322163 NaN
0.884 -0.782683555732447 -0.697508448201772 0.785390488322163 NaN
0.885 -0.78101005217107 -0.697394503981348 0.785390488322163 NaN
0.886 -0.779301794009888 -0.697253468404897 0.785390488322163 NaN
0.887 -0.777560073459834 -0.69708609141839 0.785390488322163 NaN
0.888 -0.775786194489275 -0.696893126520665 0.785390488322163 NaN
0.889 -0.773981473795447 -0.696675334463704 0.785390488322162 NaN
0.89 -0.772147229163263 -0.696433475255096 0.785390488322163 NaN
0.891 -0.770284766544153 -0.696168306863293 0.785390488322163 NaN
0.892 -0.768395377444223 -0.695880569048647 0.785390488322163 NaN
0.893 -0.766480343843464 -0.695570997667976 0.785390488322163 NaN
0.894 -0.764540932157935 -0.695240323185906 0.785390488322163 NaN
0.895 -0.762578370726638 -0.694889253775314 0.785390488322163 NaN
0.896 -0.760593828445525 -0.694518476812622 0.785390488322163 NaN
0.897 -0.758588408119774 -0.694128645716144 0.785390488322163 NaN
0.898 -0.756563147240188 -0.693720386744848 0.785390488322163 NaN
0.899 -0.754519026698715 -0.693294301136603 0.785390488322163 NaN
0.9 -0.752456978643542 -0.692850966414595 0.785390488322163 NaN
0.901 -0.750377881700099 -0.692390936720258 0.785390488322163 NaN
0.902 -0.748282552797584 -0.691914738866502 0.785390488322163 NaN
0.903 -0.746171735699041 -0.69142286750108 0.785390488322163 NaN
0.904 -0.744046086452244 -0.690915776790533 0.785390488322163 NaN
0.905 -0.741906172869779 -0.690393880688964 0.785390488322163 NaN
0.906 -0.739752506857135 -0.689857565641894 0.785390488322163 NaN
0.907 -0.737585550653923 -0.689307186251495 0.785390488322163 NaN
0.908 -0.735405700490038 -0.688743064341082 0.785390488322163 NaN
0.909 -0.733213273506576 -0.688165483353059 0.785390488322163 NaN
0.91 -0.731008486291481 -0.68757467419332 0.785390488322163 NaN
0.911 -0.728791461628094 -0.686970824433475 0.785390488322163 NaN
0.912 -0.726562296835231 -0.686354096768373 0.785390488322163 NaN
0.913 -0.72432112061271 -0.685724651203074 0.785390488322162 NaN
0.914 -0.722068060916868 -0.685082634013252 0.785390488322163 NaN
0.915 -0.719803164575449 -0.684428146542392 0.785390488322163 NaN
0.916 -0.717526386445759 -0.683761242866104 0.785390488322163 NaN
0.917 -0.715237657631751 -0.683081956105478 0.785390488322163 NaN
0.918 -0.712936955406177 -0.68239032443588 0.785390488322163 NaN
0.919 -0.710624320282874 -0.681686399224707 0.785390488322163 NaN
0.92 -0.708299822323458 -0.680970232933427 0.785390488322163 NaN
0.921 -0.705963519606132 -0.680241875562862 0.785390488322163 NaN
0.922 -0.703615438767306 -0.679501360904918 0.785390488322163 NaN
0.923 -0.701255585614712 -0.678748716682783 0.785390488322163 NaN
0.924 -0.698883977621704 -0.677983977663546 0.785390488322163 NaN
0.925 -0.696500671659723 -0.677207199826563 0.785390488322162 NaN
0.926 -0.694105778278439 -0.676418468163256 0.785390488322163 NaN
0.927 -0.691699461564115 -0.675617904011778 0.785390488322163 NaN
0.928 -0.689281931283914 -0.674805655698338 0.785390488322163 NaN
0.929 -0.686853438661376 -0.673981910308521 0.785390488322163 NaN
0.93 -0.684414272521162 -0.673146890460221 0.785390488322163 NaN
0.931 -0.681964759529 -0.672300853720048 0.785390488322163 NaN
0.932 -0.679505267814741 -0.671444095791164 0.785390488322163 NaN
0.933 -0.67703620579102 -0.670576954466156 0.785390488322163 NaN
0.934 -0.674558022323941 -0.66969980320582 0.785390488322163 NaN
0.935 -0.672071206540382 -0.668813057549996 0.785390488322163 NaN
0.936 -0.669576286043564 -0.667917169523875 0.785390488322162 NaN
0.937 -0.667073824020192 -0.667012622314234 0.785390488322163 NaN
0.938 -0.664564419033897 -0.666099935106068 0.785390488322163 NaN
0.939 -0.66204870198382 -0.665179650809753 0.785390488322163 NaN
0.94 -0.659527332877183 -0.664252339658393 0.785390488322163 NaN
0.941 -0.657001000722175 -0.663318591865002 0.785390488322163 NaN
0.942 -0.654470420130832 -0.66237901205355 0.785390488322163 NaN
0.943 -0.651936328764949 -0.661434215141943 0.785390488322163 NaN
0.944 -0.64939948519918 -0.660484825135764 0.785390488322163 NaN
0.945 -0.646860665670365 -0.659531464685938 0.785390488322163 NaN
0.946 -0.644320662423438 -0.658574754755565 0.785390488322163 NaN
0.947 -0.641780281267863 -0.6576153107947 0.785390488322163 NaN
0.948 -0.639240338495818 -0.656653738032644 0.785390488322163 NaN
0.949 -0.636701658476792 -0.655690628018957 0.785390488322163 NaN
0.95 -0.634165070575219 -0.654726559563351 0.785390488322163 NaN
0.951 -0.631631407703302 -0.653762089970024 0.785390488322163 NaN
0.952 -0.6291015027954 -0.652797760576458 0.785390488322163 NaN
0.953 -0.62657618780023 -0.651834092692092 0.785390488322163 NaN
0.954 -0.62405629132379 -0.650871589017868 0.785390488322163 NaN
0.955 -0.6215426372689 -0.649910734665444 0.785390488322163 NaN
0.956 -0.619036042092284 -0.648951997633918 0.785390488322163 NaN
0.957 -0.616537314615401 -0.647995830296583 0.785390488322164 NaN
0.958 -0.614047253382583 -0.647042670161563 0.785390488322163 NaN
0.959 -0.611566646095851 -0.64609294875823 0.785390488322163 NaN
0.96 -0.609096268453695 -0.645147085059534 0.785390488322163 NaN
0.961 -0.606636883077067 -0.644205494234838 0.785390488322163 NaN
0.962 -0.604189239309544 -0.643268591710414 0.785390488322163 NaN
0.963 -0.601754072056288 -0.642336790398971 0.785390488322163 NaN
0.964 -0.599332102065793 -0.641410509314755 0.785390488322163 NaN
0.965 -0.596924034926616 -0.640490170989943 0.785390488322163 NaN
0.966 -0.594530562645352 -0.639576208264523 0.785390488322163 NaN
0.967 -0.592152361957007 -0.638669062481119 0.785390488322163 NaN
0.968 -0.589790096577324 -0.637769188121343 0.785390488322163 NaN
0.969 -0.587444415873854 -0.636877051921684 0.785390488322163 NaN
0.97 -0.585115956025274 -0.635993131048505 0.785390488322163 NaN
0.971 -0.582805341335681 -0.635117919151736 0.785390488322164 NaN
0.972 -0.580513183328614 -0.634251921958402 0.785390488322164 NaN
0.973 -0.578240082160404 -0.633395655189583 0.785390488322163 NaN
0.974 -0.57598662637619 -0.632549648057072 0.785390488322163 NaN
0.975 -0.573753393275416 -0.631714436092205 0.785390488322163 NaN
0.976 -0.571540949938998 -0.630890561924755 0.785390488322163 NaN
0.977 -0.56934985226639 -0.630078573092941 0.785390488322163 NaN
0.978 -0.567180645684639 -0.629279017653363 0.785390488322163 NaN
0.979 -0.565033864643669 -0.628492443635653 0.785390488322163 NaN
0.98 -0.562910033059452 -0.627719391424525 0.785390488322163 NaN
0.981 -0.560809662519943 -0.6269603986742 0.785390488322163 NaN
0.982 -0.55873325306259 -0.62621598690374 0.785390488322164 NaN
0.983 -0.556681291394741 -0.625486666597959 0.785390488322163 NaN
0.984 -0.554654251095944 -0.624772931192 0.785390488322163 NaN
0.985 -0.552652591411299 -0.624075253851255 0.785390488322163 NaN
0.986 -0.550676755927834 -0.623394085109665 0.785390488322163 NaN
0.987 -0.548727172850488 -0.622729854955736 0.785390488322163 NaN
0.988 -0.546804252523985 -0.622082960922194 0.785390488322163 NaN
0.989 -0.544908387559171 -0.62145377755911 0.785390488322163 NaN
0.99 -0.543039951905594 -0.620842647427581 0.785390488322163 NaN
0.991 -0.541199299336918 -0.620249884648501 0.785390488322164 NaN
0.992 -0.539386763908526 -0.619675774288658 0.785390488322164 NaN
0.993 -0.537602657489909 -0.619120566553689 0.785390488322163 NaN
0.994 -0.535847271380748 -0.618584486858267 0.785390488322163 NaN
0.995 -0.534120873172091 -0.618067724151133 0.785390488322163 NaN
0.996 -0.53242370824039 -0.617570444000727 0.785390488322163 NaN
0.997 -0.530755998420685 -0.61709277997382 0.785390488322164 NaN
0.998 -0.529117942540669 -0.616634841084757 0.785390488322163 NaN
0.999 -0.52750971534872 -0.616196709862953 0.785390488322163 NaN
1 -0.525931467556611 -0.615778447375456 0.785390488322163 NaN
