"Time, Y-Force, Work integrand, Mass, Mass error"
1e-05 0.000712085925700043 -5.99402061062504e-11 0.78526803695784 NaN
0.001 0.00034241086297308 3.32308937316341e-10 0.78526803695784 NaN
0.002 0.000305745590122176 1.09350025369865e-09 0.78526803695784 NaN
0.003 0.000351718858521244 1.74209305823545e-09 0.78526803695784 NaN
0.004 0.000389001298851529 1.56988499385561e-09 0.78526803695784 NaN
0.005 0.000274264149005828 -4.53557199661794e-09 0.78526803695784 NaN
0.006 7.64482506860785e-06 -2.37154776020098e-08 0.78526803695784 NaN
0.007 -0.000263655930970829 -5.60830819465081e-08 0.78526803695784 NaN
0.008 -0.000469601016011244 -1.00890549631745e-07 0.785268036957841 NaN
0.009 -0.000652879113084493 -1.6326108681633e-07 0.78526803695784 NaN
0.01 -0.000856330317585728 -2.49261594213054e-07 0.78526803695784 NaN
0.011 -0.00108166512523011 -3.63926807627764e-07 0.78526803695784 NaN
0.012 -0.00133602666633735 -5.12119998341621e-07 0.78526803695784 NaN
0.013 -0.00165854649234048 -7.0564338123218e-07 0.78526803695784 NaN
0.014 -0.00208594275557862 -9.65053339543653e-07 0.78526803695784 NaN
0.015 -0.00260632300851596 -1.30775385692872e-06 0.78526803695784 NaN
0.016 -0.00315488364304837 -1.73688546268422e-06 0.78526803695784 NaN
0.017 -0.00365338739231089 -2.23991730511607e-06 0.78526803695784 NaN
0.018 -0.00405751528944338 -2.79488419014436e-06 0.78526803695784 NaN
0.019 -0.00437977717155423 -3.39254971206688e-06 0.78526803695784 NaN
0.02 -0.0046804491268418 -4.04397205154149e-06 0.78526803695784 NaN
0.021 -0.00503834686266099 -4.78507610845224e-06 0.78526803695784 NaN
0.022 -0.00551889678954695 -5.66537554666935e-06 0.78526803695784 NaN
0.023 -0.00615295911663095 -6.7378493448222e-06 0.78526803695784 NaN
0.024 -0.00693186797284761 -8.04330066393886e-06 0.78526803695784 NaN
0.025 -0.00781633131541242 -9.60123502501e-06 0.78526803695784 NaN
0.026 -0.00875238497061714 -1.14114721555289e-05 0.78526803695784 NaN
0.027 -0.00968735616384352 -1.34572897117689e-05 0.78526803695784 NaN
0.028 -0.010581301031548 -1.57161135260045e-05 0.78526803695784 NaN
0.029 -0.0114124892778138 -1.81644233053989e-05 0.78526803695784 NaN
0.03 -0.0121776543241415 -2.07877952521019e-05 0.78526803695784 NaN
0.031 -0.012888660466474 -2.35873998279397e-05 0.78526803695784 NaN
0.032 -0.0135673703229019 -2.65749553261314e-05 0.78526803695784 NaN
0.033 -0.0142401815667175 -2.9778801561571e-05 0.78526803695784 NaN
0.034 -0.0149332559438052 -3.32356236844219e-05 0.78526803695784 NaN
0.035 -0.0156690034008432 -3.69896598129984e-05 0.78526803695784 NaN
0.036 -0.0164640162875436 -4.1084256344145e-05 0.78526803695784 NaN
0.037 -0.0173283471547912 -4.55631077876985e-05 0.78526803695784 NaN
0.038 -0.0182658501455838 -5.04636388979102e-05 0.78526803695784 NaN
0.039 -0.0192752208581942 -5.58179894765206e-05 0.78526803695784 NaN
0.04 -0.0203513797147287 -6.16529884051552e-05 0.78526803695784 NaN
0.041 -0.0214869158481615 -6.79900378774272e-05 0.78526803695784 NaN
0.042 -0.0226733967050906 -7.48440039068679e-05 0.78526803695784 NaN
0.043 -0.0239024365212551 -8.22302529460071e-05 0.78526803695784 NaN
0.044 -0.025166472617298 -9.01622130635693e-05 0.78526803695784 NaN
0.045 -0.0264592412925945 -9.86529130479526e-05 0.78526803695784 NaN
0.046 -0.0277759840704347 -0.000107718345060226 0.78526803695784 NaN
0.047 -0.029113431561513 -0.000117375109611676 0.78526803695784 NaN
0.048 -0.0304696274219137 -0.000127643201077362 0.78526803695784 NaN
0.049 -0.0318436643292869 -0.000138544398626279 0.78526803695784 NaN
0.05 -0.0332353960822933 -0.000150102879829013 0.78526803695784 NaN
0.051 -0.0346451764449946 -0.000162342789913684 0.78526803695784 NaN
0.052 -0.0360736506156653 -0.000175291212621568 0.78526803695784 NaN
0.053 -0.0375216053301458 -0.000188974773081022 0.78526803695784 NaN
0.054 -0.0389898702818133 -0.000203419876465243 0.785268036957841 NaN
0.055 -0.040479260101424 -0.000218655381875336 0.78526803695784 NaN
0.056 -0.0419905464881276 -0.000234708413836174 0.78526803695784 NaN
0.057 -0.0435244522808658 -0.000251605929363215 0.78526803695784 NaN
0.058 -0.0450816636257449 -0.000269378244079361 0.78526803695784 NaN
0.059 -0.0466628568177551 -0.000288053378530634 0.78526803695784 NaN
0.06 -0.0482687343311547 -0.000307660529773375 0.78526803695784 NaN
0.061 -0.0499000629095563 -0.000328230360719197 0.78526803695784 NaN
0.062 -0.0515577035706001 -0.000349793890503835 0.78526803695784 NaN
0.063 -0.0532426256471505 -0.000372385461461206 0.78526803695784 NaN
0.064 -0.0549558992218435 -0.000396038328916298 0.78526803695784 NaN
0.065 -0.0566986631225637 -0.000420791800433455 0.78526803695784 NaN
0.066 -0.0584720698566751 -0.000446682767573064 0.78526803695784 NaN
0.067 -0.0602772131041953 -0.000473752277281255 0.78526803695784 NaN
0.068 -0.0621150446633466 -0.000502041338770326 0.78526803695784 NaN
0.069 -0.0639862926733948 -0.000531590521093681 0.78526803695784 NaN
0.07 -0.0658913915422397 -0.000562440929887555 0.78526803695784 NaN
0.071 -0.0678304375407379 -0.000594631595464954 0.78526803695784 NaN
0.072 -0.0698031794013551 -0.000628200386461224 0.78526803695784 NaN
0.073 -0.071809046714342 -0.000663181167373722 0.78526803695784 NaN
0.074 -0.0738472095531773 -0.00069961016149014 0.785268036957841 NaN
0.075 -0.0759166616068336 -0.000737517649169665 0.78526803695784 NaN
0.076 -0.0780163149795847 -0.000776935058811992 0.78526803695784 NaN
0.077 -0.0801450935749434 -0.000817893112950981 0.78526803695784 NaN
0.078 -0.0823020144530543 -0.000860422641172793 0.78526803695784 NaN
0.079 -0.0844862479377851 -0.000904555406731614 0.78526803695784 NaN
0.08 -0.0866971539096387 -0.000950325771444428 0.78526803695784 NaN
0.081 -0.0889342921028689 -0.000997767653633026 0.78526803695784 NaN
0.082 -0.0911974122168976 -0.00104691900572521 0.78526803695784 NaN
0.083 -0.093486426160681 -0.00109781833561419 0.78526803695784 NaN
0.084 -0.09580137127403 -0.00115050694589369 0.78526803695784 NaN
0.085 -0.0981423692765461 -0.00120502574629824 0.78526803695784 NaN
0.086 -0.100509586694343 -0.00126141726327127 0.78526803695784 NaN
0.087 -0.102903200469816 -0.00131972566093901 0.78526803695784 NaN
0.088 -0.10532337168295 -0.00137999453517899 0.78526803695784 NaN
0.089 -0.10777022731171 -0.00144226724872932 0.78526803695784 NaN
0.09 -0.110243850328361 -0.00150658677027416 0.785268036957841 NaN
0.091 -0.112744276769875 -0.00157299681886223 0.785268036957841 NaN
0.092 -0.115271498966038 -0.00164153943535243 0.78526803695784 NaN
0.093 -0.117825472576113 -0.00171225787496127 0.78526803695784 NaN
0.094 -0.120406127358271 -0.0017851926322344 0.78526803695784 NaN
0.095 -0.123013380000549 -0.00186038653544905 0.78526803695784 NaN
0.096 -0.12564714657365 -0.00193788095355469 0.785268036957841 NaN
0.097 -0.128307354810654 -0.00201771743298732 0.78526803695784 NaN
0.098 -0.130993953530698 -0.00209993748737338 0.78526803695784 NaN
0.099 -0.133706918395132 -0.00218458384286584 0.785268036957841 NaN
0.1 -0.136446253308975 -0.00227169985197348 0.785268036957841 NaN
0.101 -0.139211986721668 -0.00236132934148268 0.785268036957841 NaN
0.102 -0.142004163881558 -0.00245351589628933 0.785268036957841 NaN
0.103 -0.144822835583588 -0.00254830408730665 0.78526803695784 NaN
0.104 -0.147668043996825 -0.00264573932902499 0.78526803695784 NaN
0.105 -0.150539808517522 -0.00274586612272452 0.785268036957841 NaN
0.106 -0.153438112003634 -0.00284872928641467 0.785268036957841 NaN
0.107 -0.156362890503489 -0.00295437438918028 0.785268036957841 NaN
0.108 -0.159314027297257 -0.003062844897435 0.785268036957841 NaN
0.109 -0.162291352662701 -0.00317418534398593 0.78526803695784 NaN
0.11 -0.165294648542759 -0.00328843881842276 0.78526803695784 NaN
0.111 -0.168323657632268 -0.00340564808999486 0.78526803695784 NaN
0.112 -0.171378095337613 -0.00352585618035227 0.78526803695784 NaN
0.113 -0.174457662963163 -0.00364910558388468 0.78526803695784 NaN
0.114 -0.17756206143777 -0.00377543870062728 0.78526803695784 NaN
0.115 -0.180691002386296 -0.00390489830193463 0.78526803695784 NaN
0.116 -0.183844215258864 -0.00403752689045084 0.78526803695784 NaN
0.117 -0.187021452119974 -0.00417336872121389 0.785268036957841 NaN
0.118 -0.190222486206982 -0.00431246658349213 0.785268036957841 NaN
0.119 -0.193447105772297 -0.00445486516850738 0.785268036957841 NaN
0.12 -0.196695104679442 -0.0046006064556123 0.78526803695784 NaN
0.121 -0.199966271189197 -0.00474973556778387 0.78526803695784 NaN
0.122 -0.203260374934489 -0.00490229487093187 0.785268036957841 NaN
0.123 -0.206577154913662 -0.00505832593820771 0.78526803695784 NaN
0.124 -0.209916310434263 -0.0052178694072862 0.78526803695784 NaN
0.125 -0.213277494886906 -0.00538096560184932 0.785268036957841 NaN
0.126 -0.216660312253688 -0.00554765246432234 0.78526803695784 NaN
0.127 -0.220064318836828 -0.00571796624074774 0.78526803695784 NaN
0.128 -0.223489030893692 -0.00589194300720053 0.785268036957841 NaN
0.129 -0.226933936561073 -0.00606961555472049 0.785268036957841 NaN
0.13 -0.230398511194839 -0.00625101887186716 0.785268036957841 NaN
0.131 -0.233882234284549 -0.00643618497267538 0.785268036957841 NaN
0.132 -0.23738460778262 -0.0066251462808228 0.785268036957841 NaN
0.133 -0.240905174680944 -0.00681793757769868 0.785268036957841 NaN
0.134 -0.244443536547335 -0.00701459219052971 0.785268036957841 NaN
0.135 -0.24799936730928 -0.00721514690904656 0.785268036957841 NaN
0.136 -0.251572422573268 -0.00741963851224879 0.785268036957841 NaN
0.137 -0.255162542692572 -0.00762810752883017 0.785268036957841 NaN
0.138 -0.258769649211229 -0.00784059630547372 0.78526803695784 NaN
0.139 -0.262393734966751 -0.00805714747346087 0.785268036957841 NaN
0.14 -0.266034848732742 -0.00827780672237602 0.785268036957841 NaN
0.141 -0.269693075103607 -0.00850262163894427 0.785268036957841 NaN
0.142 -0.273368511025181 -0.00873163865444923 0.785268036957841 NaN
0.143 -0.277061240708302 -0.0089649048177055 0.785268036957841 NaN
0.144 -0.280771309906174 -0.00920246666269697 0.785268036957841 NaN
0.145 -0.284498701466884 -0.00944436821402733 0.785268036957841 NaN
0.146 -0.28824331317583 -0.00969065067848741 0.78526803695784 NaN
0.147 -0.292004939179351 -0.00994135334722114 0.785268036957841 NaN
0.148 -0.295783255800576 -0.0101965096648607 0.785268036957841 NaN
0.149 -0.299577811864169 -0.0104561503158624 0.785268036957841 NaN
0.15 -0.303388024288769 -0.0107203003651242 0.785268036957841 NaN
0.151 -0.307213178580407 -0.0109889779589187 0.785268036957841 NaN
0.152 -0.311052433819593 -0.0112622001880016 0.785268036957841 NaN
0.153 -0.314904831281845 -0.011539973756078 0.785268036957841 NaN
0.154 -0.318769305869727 -0.0118223039828677 0.785268036957841 NaN
0.155 -0.322644699797508 -0.0121091898171308 0.785268036957841 NaN
0.156 -0.326529777450808 -0.0124006255123494 0.785268036957841 NaN
0.157 -0.330423240784062 -0.0126966024133645 0.785268036957841 NaN
0.158 -0.334323744253052 -0.012997107386668 0.785268036957841 NaN
0.159 -0.338229908452348 -0.0133021235866785 0.785268036957841 NaN
0.16 -0.342140331922219 -0.0136116313055936 0.785268036957841 NaN
0.161 -0.346053600142595 -0.0139256090856501 0.785268036957841 NaN
0.162 -0.349968292226077 -0.0142440329984395 0.785268036957841 NaN
0.163 -0.353882984257754 -0.0145668766956344 0.785268036957841 NaN
0.164 -0.35779624953123 -0.0148941118882382 0.785268036957841 NaN
0.165 -0.361706656543029 -0.0152257080167302 0.785268036957841 NaN
0.166 -0.365612764818062 -0.0155616327658967 0.785268036957841 NaN
0.167 -0.369513118418634 -0.0159018506292754 0.785268036957841 NaN
0.168 -0.373406238500851 -0.0162463245323906 0.785268036957841 NaN
0.169 -0.377290614783841 -0.0165950116695016 0.785268036957841 NaN
0.17 -0.381164698048674 -0.0169478685177317 0.785268036957841 NaN
0.171 -0.385026893679374 -0.0173048451143137 0.785268036957841 NaN
0.172 -0.388875556769119 -0.0176658892496326 0.785268036957841 NaN
0.173 -0.392708989820764 -0.0180309441293985 0.785268036957841 NaN
0.174 -0.39652544253321 -0.0183999450772267 0.785268036957841 NaN
0.175 -0.400323114737043 -0.0187728250105711 0.785268036957841 NaN
0.176 -0.404100162749375 -0.0191495129538721 0.785268036957841 NaN
0.177 -0.407854709595016 -0.0195299296552669 0.785268036957841 NaN
0.178 -0.411584858392185 -0.0199139945286942 0.785268036957841 NaN
0.179 -0.415288708159697 -0.0203016218327482 0.785268036957841 NaN
0.18 -0.418964371868594 -0.0206927221154986 0.785268036957841 NaN
0.181 -0.422609996450426 -0.0210872046126783 0.785268036957841 NaN
0.182 -0.426223783722752 -0.0214849766297042 0.785268036957841 NaN
0.183 -0.429804011900626 -0.0218859438285918 0.785268036957841 NaN
0.184 -0.433349055930449 -0.0222900142347008 0.785268036957842 NaN
0.185 -0.436857406302144 -0.0226970949001585 0.785268036957841 NaN
0.186 -0.440327685986361 -0.0231070973003472 0.785268036957841 NaN
0.187 -0.443758664697465 -0.0235199339024554 0.785268036957841 NaN
0.188 -0.447149270147739 -0.0239355244383786 0.785268036957841 NaN
0.189 -0.45049859611529 -0.0243537900216898 0.785268036957841 NaN
0.19 -0.453805906860093 -0.0247746593257906 0.785268036957842 NaN
0.191 -0.457070637868628 -0.0251980660416092 0.785268036957841 NaN
0.192 -0.460292392631518 -0.025623950380891 0.785268036957841 NaN
0.193 -0.463470936028955 -0.0260522597935805 0.785268036957841 NaN
0.194 -0.466606184376793 -0.0264829460621818 0.785268036957841 NaN
0.195 -0.469698192814492 -0.0269159678926549 0.785268036957842 NaN
0.196 -0.47274714028372 -0.0273512900853893 0.785268036957842 NaN
0.197 -0.475753312896072 -0.0277888820825544 0.785268036957842 NaN
0.198 -0.478717086194503 -0.0282287180205747 0.785268036957841 NaN
0.199 -0.481638906749542 -0.0286707763559617 0.785268036957842 NaN
0.2 -0.484519273898524 -0.0291150385179722 0.785268036957842 NaN
0.201 -0.487358721773065 -0.0295614881944731 0.785268036957842 NaN
0.202 -0.490157802421988 -0.0300101113882256 0.785268036957842 NaN
0.203 -0.492917070184508 -0.0304608946814249 0.785268036957842 NaN
0.204 -0.495637067711911 -0.0309138254429363 0.785268036957842 NaN
0.205 -0.498318314019548 -0.0313688897714098 0.785268036957842 NaN
0.206 -0.500961294401465 -0.0318260734387644 0.785268036957842 NaN
0.207 -0.503566452633266 -0.0322853605764627 0.785268036957842 NaN
0.208 -0.506134185356526 -0.0327467339959709 0.785268036957842 NaN
0.209 -0.508664838370967 -0.0332101743510123 0.785268036957842 NaN
0.21 -0.51115870535382 -0.03367565776598 0.785268036957842 NaN
0.211 -0.513616028073084 -0.0341431600117199 0.785268036957842 NaN
0.212 -0.51603699833518 -0.0346126542392266 0.785268036957842 NaN
0.213 -0.518421761437085 -0.035084108793845 0.785268036957842 NaN
0.214 -0.520770420740012 -0.0355574924497106 0.785268036957842 NaN
0.215 -0.523083043233142 -0.0360327685726885 0.785268036957842 NaN
0.216 -0.525359665482288 -0.0365099009580888 0.785268036957842 NaN
0.217 -0.527600299865023 -0.0369888503723942 0.785268036957843 NaN
0.218 -0.529804941116425 -0.037469574491134 0.785268036957842 NaN
0.219 -0.531973572632808 -0.0379520329421352 0.785268036957842 NaN
0.22 -0.534106172278741 -0.0384361816777967 0.785268036957843 NaN
0.221 -0.53620271753127 -0.0389219754578813 0.785268036957842 NaN
0.222 -0.53826319037634 -0.0394093706137701 0.785268036957842 NaN
0.223 -0.540287581865143 -0.0398983215604743 0.785268036957842 NaN
0.224 -0.542275895536284 -0.0403887829643064 0.785268036957842 NaN
0.225 -0.544228150613587 -0.0408807105073012 0.785268036957842 NaN
0.226 -0.546144383623593 -0.0413740579018953 0.785268036957842 NaN
0.227 -0.548024649369784 -0.0418687821129953 0.785268036957842 NaN
0.228 -0.549869021488504 -0.0423648389462116 0.785268036957842 NaN
0.229 -0.551677592539797 -0.0428621842499443 0.785268036957842 NaN
0.23 -0.553450473726902 -0.0433607764814392 0.785268036957842 NaN
0.231 -0.555187794312853 -0.043860573082254 0.785268036957842 NaN
0.232 -0.556889700434794 -0.0443615335602036 0.785268036957842 NaN
0.233 -0.558556353706152 -0.0448636165909199 0.785268036957842 NaN
0.234 -0.560187929173515 -0.0453667840616918 0.785268036957842 NaN
0.235 -0.561784613279166 -0.0458709957260459 0.785268036957842 NaN
0.236 -0.563346601561662 -0.0463762149510838 0.785268036957842 NaN
0.237 -0.5648740962353 -0.0468824021168631 0.785268036957842 NaN
0.238 -0.566367303974263 -0.0473895212695174 0.785268036957842 NaN
0.239 -0.567826433769606 -0.0478975360759572 0.785268036957842 NaN
0.24 -0.569251694690856 -0.0484064100972773 0.785268036957842 NaN
0.241 -0.570643293684728 -0.0489161068138521 0.785268036957841 NaN
0.242 -0.572001433655469 -0.0494265903426988 0.785268036957842 NaN
0.243 -0.573326311968507 -0.049937824663217 0.785268036957842 NaN
0.244 -0.574618118517453 -0.0504497749690951 0.785268036957842 NaN
0.245 -0.575877033285439 -0.0509624040350003 0.785268036957842 NaN
0.246 -0.577103224823749 -0.0514756755034749 0.785268036957842 NaN
0.247 -0.578296848781133 -0.0519895529041716 0.785268036957842 NaN
0.248 -0.579458047470938 -0.0525039973258088 0.785268036957842 NaN
0.249 -0.580586948901166 -0.0530189714078679 0.785268036957842 NaN
0.25 -0.581683665737673 -0.0535344339443421 0.785268036957842 NaN
0.251 -0.582748294039012 -0.0540503457829301 0.785268036957842 NaN
0.252 -0.583780912347671 -0.0545666653155195 0.785268036957842 NaN
0.253 -0.584781581680837 -0.0550833475627168 0.785268036957842 NaN
0.254 -0.585750346107831 -0.0556003490712924 0.785268036957842 NaN
0.255 -0.586687233975374 -0.0561176242249684 0.785268036957842 NaN
0.256 -0.587592259847207 -0.0566351244633277 0.785268036957842 NaN
0.257 -0.588465425776846 -0.0571528008062809 0.785268036957842 NaN
0.258 -0.589306723164419 -0.0576706031292759 0.785268036957842 NaN
0.259 -0.590116134112911 -0.0581884800558453 0.785268036957842 NaN
0.26 -0.590893633165982 -0.0587063774000329 0.785268036957842 NaN
0.261 -0.591639189155946 -0.0592242419735797 0.785268036957842 NaN
0.262 -0.592352767264131 -0.0597420188026394 0.785268036957842 NaN
0.263 -0.593034331668565 -0.0602596497766548 0.785268036957842 NaN
0.264 -0.593683847895522 -0.0607770792914321 0.785268036957842 NaN
0.265 -0.594301285685323 -0.0612942492375901 0.785268036957842 NaN
0.266 -0.594886621594608 -0.0618111012427614 0.785268036957842 NaN
0.267 -0.595439841697659 -0.0623275775702855 0.785268036957841 NaN
0.268 -0.595960943849174 -0.0628436209003017 0.785268036957842 NaN
0.269 -0.596449940087585 -0.0633591722162766 0.785268036957842 NaN
0.27 -0.596906858422604 -0.0638741741059308 0.785268036957841 NaN
0.271 -0.597331744443948 -0.0643885716928394 0.785268036957842 NaN
0.272 -0.597724662896545 -0.0649023072023501 0.785268036957841 NaN
0.273 -0.598085698465072 -0.0654153280605244 0.785268036957842 NaN
0.274 -0.598414956746739 -0.0659275803794939 0.785268036957842 NaN
0.275 -0.598712564586113 -0.0664390125741068 0.785268036957841 NaN
0.276 -0.598978670563533 -0.0669495741901878 0.785268036957842 NaN
0.277 -0.599213444747525 -0.0674592160791222 0.785268036957841 NaN
0.278 -0.599417078782858 -0.0679678931854859 0.785268036957842 NaN
0.279 -0.599589785346587 -0.0684755598190845 0.785268036957842 NaN
0.28 -0.599731797520472 -0.0689821733508171 0.785268036957841 NaN
0.281 -0.599843368145987 -0.0694876916268461 0.785268036957842 NaN
0.282 -0.599924769265678 -0.0699920772322499 0.785268036957842 NaN
0.283 -0.599976290699996 -0.0704952929429348 0.785268036957842 NaN
0.284 -0.59999823823408 -0.0709973037938947 0.785268036957842 NaN
0.285 -0.59999093241762 -0.0714980777445606 0.785268036957841 NaN
0.286 -0.599954708941872 -0.0719975830220796 0.785268036957842 NaN
0.287 -0.59988991776232 -0.0724957907736901 0.785268036957842 NaN
0.288 -0.599796920652286 -0.0729926755285131 0.785268036957842 NaN
0.289 -0.599676089176875 -0.0734882109658195 0.785268036957842 NaN
0.29 -0.599527803176546 -0.0739823758577866 0.785268036957842 NaN
0.291 -0.599352449307875 -0.0744751470941239 0.785268036957842 NaN
0.292 -0.599150420727448 -0.0749665063003354 0.785268036957842 NaN
0.293 -0.598922117539606 -0.0754564329680111 0.785268036957842 NaN
0.294 -0.598667946347219 -0.0759449128115955 0.785268036957842 NaN
0.295 -0.598388319028099 -0.0764319293658431 0.785268036957842 NaN
0.296 -0.598083651340038 -0.0769174694623802 0.785268036957842 NaN
0.297 -0.59775436161892 -0.0774015204295872 0.785268036957842 NaN
0.298 -0.597400870372202 -0.077884071731624 0.785268036957842 NaN
0.299 -0.597023601007381 -0.078365113089156 0.785268036957842 NaN
0.3 -0.596622980559694 -0.0788446356119368 0.785268036957842 NaN
0.301 -0.596199441042536 -0.0793226322291293 0.785268036957842 NaN
0.302 -0.595753419784882 -0.0797990976145979 0.785268036957842 NaN
0.303 -0.59528536003196 -0.0802740258625266 0.785268036957842 NaN
0.304 -0.594795711800831 -0.0807474156946874 0.785268036957842 NaN
0.305 -0.594284932930482 -0.0812192645837008 0.785268036957842 NaN
0.306 -0.593753490172606 -0.0816895740684971 0.785268036957842 NaN
0.307 -0.59320186068046 -0.0821583462192522 0.785268036957842 NaN
0.308 -0.592630533669298 -0.0826255867618087 0.785268036957842 NaN
0.309 -0.592040012524984 -0.0830913012031371 0.785268036957842 NaN
0.31 -0.591430816671617 -0.0835555007389504 0.785268036957842 NaN
0.311 -0.59080348336324 -0.0840181986354792 0.785268036957841 NaN
0.312 -0.590158569602029 -0.08447941000168 0.785268036957842 NaN
0.313 -0.589496653766123 -0.0849391552377212 0.785268036957842 NaN
0.314 -0.588818337650912 -0.0853974591374829 0.785268036957842 NaN
0.315 -0.588124248075696 -0.0858543479803588 0.785268036957841 NaN
0.316 -0.58741503876488 -0.0863098567884496 0.785268036957841 NaN
0.317 -0.586691391768444 -0.0867640215597005 0.785268036957842 NaN
0.318 -0.585954019004275 -0.087216885965789 0.785268036957842 NaN
0.319 -0.585203663840061 -0.0876684994531732 0.785268036957841 NaN
0.32 -0.584441102586721 -0.0881189171489909 0.785268036957841 NaN
0.321 -0.583667145807344 -0.0885682001226708 0.785268036957842 NaN
0.322 -0.582882639550894 -0.0890164174152314 0.785268036957842 NaN
0.323 -0.582088466260904 -0.0894636451467048 0.785268036957842 NaN
0.324 -0.581285545693915 -0.0899099660491789 0.785268036957841 NaN
0.325 -0.580474835431691 -0.0903554722630461 0.785268036957842 NaN
0.326 -0.579657331405688 -0.0908002620863345 0.785268036957842 NaN
0.327 -0.578834068518826 -0.0912444439248137 0.785268036957842 NaN
0.328 -0.578006120972804 -0.0916881347513356 0.785268036957842 NaN
0.329 -0.577174602269705 -0.0921314602614144 0.785268036957842 NaN
0.33 -0.576340664819615 -0.092574555129585 0.785268036957841 NaN
0.331 -0.575505499697026 -0.0930175641537108 0.785268036957841 NaN
0.332 -0.57467033602774 -0.0934606405563088 0.785268036957842 NaN
0.333 -0.573836440162166 -0.0939039481334145 0.785268036957842 NaN
0.334 -0.573005114391133 -0.0943476590169026 0.785268036957842 NaN
0.335 -0.572177695325856 -0.094791956075159 0.785268036957842 NaN
0.336 -0.571355552186336 -0.0952370308782411 0.785268036957842 NaN
0.337 -0.570540084255226 -0.0956830854037027 0.785268036957842 NaN
0.338 -0.569732718463888 -0.096130328928807 0.785268036957841 NaN
0.339 -0.568934906284972 -0.0965789807499738 0.785268036957842 NaN
0.34 -0.568148120194202 -0.0970292675888908 0.785268036957842 NaN
0.341 -0.567373849786006 -0.0974814246909327 0.785268036957842 NaN
0.342 -0.566613597453336 -0.0979356933227686 0.785268036957841 NaN
0.343 -0.565868873558188 -0.0983923237983507 0.785268036957841 NaN
0.344 -0.56514119135593 -0.0988515706522053 0.785268036957841 NaN
0.345 -0.564432061386459 -0.0993136926364592 0.785268036957841 NaN
0.346 -0.563742985722642 -0.0997789542084026 0.785268036957842 NaN
0.347 -0.56307545172301 -0.100247621558617 0.785268036957842 NaN
0.348 -0.562430925806993 -0.100719964836848 0.785268036957841 NaN
0.349 -0.56181084671725 -0.101196254015736 0.785268036957842 NaN
0.35 -0.561216618985534 -0.10167675929246 0.785268036957842 NaN
0.351 -0.560649606098205 -0.102161749152828 0.785268036957841 NaN
0.352 -0.560111124073953 -0.102651490127732 0.785268036957842 NaN
0.353 -0.559602434802711 -0.10314624511218 0.785268036957841 NaN
0.354 -0.55912474006373 -0.103646270787021 0.785268036957842 NaN
0.355 -0.558679175321411 -0.10415182053719 0.785268036957842 NaN
0.356 -0.558266804168386 -0.104663137124134 0.785268036957842 NaN
0.357 -0.557888613328609 -0.105180457594037 0.785268036957842 NaN
0.358 -0.557545508327517 -0.105704008574658 0.785268036957841 NaN
0.359 -0.557238309543967 -0.106234006370525 0.785268036957841 NaN
0.36 -0.556967749081164 -0.106770656358508 0.785268036957841 NaN
0.361 -0.55673446821172 -0.107314152342868 0.785268036957841 NaN
0.362 -0.556539016042847 -0.10786467368668 0.785268036957841 NaN
0.363 -0.55638184861601 -0.108422388851303 0.785268036957841 NaN
0.364 -0.556263329266576 -0.108987451855958 0.785268036957841 NaN
0.365 -0.556183729578979 -0.10956000345539 0.785268036957841 NaN
0.366 -0.556143230973715 -0.110140170333585 0.785268036957841 NaN
0.367 -0.556141927582712 -0.11072806476959 0.785268036957841 NaN
0.368 -0.556179829587093 -0.1113237873241 0.785268036957841 NaN
0.369 -0.556256867290061 -0.111927423753904 0.785268036957841 NaN
0.37 -0.556372895815418 -0.112539048031026 0.785268036957842 NaN
0.371 -0.556527700588148 -0.113158720729825 0.785268036957841 NaN
0.372 -0.556721002992741 -0.113786492672315 0.785268036957841 NaN
0.373 -0.556952466745803 -0.114422403379406 0.785268036957842 NaN
0.374 -0.557221704479928 -0.115066481455591 0.785268036957841 NaN
0.375 -0.557528284644912 -0.115718747922906 0.785268036957841 NaN
0.376 -0.557871738293034 -0.116379215737574 0.785268036957841 NaN
0.377 -0.558251565820733 -0.117047891519862 0.785268036957841 NaN
0.378 -0.558667243751734 -0.117724774100003 0.785268036957841 NaN
0.379 -0.559118231319249 -0.118409860965347 0.785268036957841 NaN
0.38 -0.559603976751553 -0.119103142844611 0.785268036957841 NaN
0.381 -0.560123923126468 -0.119804609421072 0.785268036957841 NaN
0.382 -0.560677513991717 -0.120514248296291 0.785268036957841 NaN
0.383 -0.561264198179098 -0.12123204539188 0.785268036957841 NaN
0.384 -0.561883434094215 -0.121957989066987 0.785268036957841 NaN
0.385 -0.562534693741117 -0.122692066408023 0.785268036957841 NaN
0.386 -0.563217465797245 -0.123434265894691 0.785268036957841 NaN
0.387 -0.563931258556929 -0.124184579644046 0.785268036957841 NaN
0.388 -0.564675602008378 -0.124943001921709 0.785268036957841 NaN
0.389 -0.56545004902445 -0.125709529519554 0.785268036957841 NaN
0.39 -0.566254176158949 -0.126484161275628 0.785268036957841 NaN
0.391 -0.567087584134084 -0.127266902900754 0.785268036957841 NaN
0.392 -0.567949897894592 -0.128057760727671 0.785268036957841 NaN
0.393 -0.56884076621221 -0.128856747006161 0.785268036957841 NaN
0.394 -0.569759860660958 -0.129663875223113 0.785268036957841 NaN
0.395 -0.570706874462375 -0.130479164619699 0.785268036957841 NaN
0.396 -0.571681520915587 -0.131302636755806 0.785268036957841 NaN
0.397 -0.57268353181121 -0.13213431842192 0.785268036957841 NaN
0.398 -0.573712655777238 -0.132974236813387 0.785268036957841 NaN
0.399 -0.574768656636429 -0.133822423671612 0.785268036957841 NaN
0.4 -0.575851311617168 -0.134678913773452 0.785268036957841 NaN
0.401 -0.576960409342998 -0.135543743506696 0.785268036957841 NaN
0.402 -0.578095748691348 -0.136416950807947 0.785268036957841 NaN
0.403 -0.579257137274195 -0.137298577376524 0.785268036957841 NaN
0.404 -0.580444389503755 -0.138188664958641 0.785268036957841 NaN
0.405 -0.581657326213209 -0.139087258025465 0.785268036957841 NaN
0.406 -0.582895773905155 -0.139994402048471 0.785268036957841 NaN
0.407 -0.584159564387366 -0.1409101436545 0.785268036957841 NaN
0.408 -0.585448533968856 -0.141834532237991 0.785268036957841 NaN
0.409 -0.586762522968743 -0.142767615531851 0.785268036957841 NaN
0.41 -0.588101375214796 -0.14370944510818 0.78526803695784 NaN
0.411 -0.589464938286537 -0.144660071542451 0.785268036957841 NaN
0.412 -0.590853064708658 -0.145619546698542 0.785268036957841 NaN
0.413 -0.592265613159064 -0.146587925304475 0.785268036957841 NaN
0.414 -0.593702449728574 -0.147565262487144 0.785268036957841 NaN
0.415 -0.595163448217747 -0.148551615643429 0.785268036957841 NaN
0.416 -0.596648491065008 -0.149547042867534 0.78526803695784 NaN
0.417 -0.598157469497688 -0.150551605081203 0.785268036957841 NaN
0.418 -0.599690283021749 -0.151565364875078 0.78526803695784 NaN
0.419 -0.601246840096793 -0.152588385743791 0.78526803695784 NaN
0.42 -0.602827059601923 -0.153620732680408 0.785268036957841 NaN
0.421 -0.60443087244665 -0.154662473849505 0.785268036957841 NaN
0.422 -0.606058220302937 -0.155713679451104 0.785268036957841 NaN
0.423 -0.607709055111698 -0.156774420446744 0.785268036957841 NaN
0.424 -0.609383339264932 -0.157844769480923 0.78526803695784 NaN
0.425 -0.611081044408037 -0.158924802383084 0.785268036957841 NaN
0.426 -0.612802149001362 -0.160014593700533 0.785268036957841 NaN
0.427 -0.614546637723181 -0.161114219236053 0.78526803695784 NaN
0.428 -0.616314504193871 -0.162223756071617 0.78526803695784 NaN
0.429 -0.618105751959306 -0.163343282828549 0.785268036957841 NaN
0.43 -0.619920391088637 -0.164472877611945 0.785268036957841 NaN
0.431 -0.62175843176313 -0.165612620119238 0.78526803695784 NaN
0.432 -0.623619878556695 -0.166762588310429 0.78526803695784 NaN
0.433 -0.625504728443077 -0.167922856859174 0.785268036957841 NaN
0.434 -0.627412971789602 -0.169093499175189 0.785268036957841 NaN
0.435 -0.629344594509176 -0.170274585122162 0.785268036957841 NaN
0.436 -0.631299578330323 -0.1714661839987 0.78526803695784 NaN
0.437 -0.633277898442304 -0.172668360309109 0.785268036957841 NaN
0.438 -0.635279519026729 -0.173881175854734 0.785268036957841 NaN
0.439 -0.637304388610264 -0.175104688109656 0.78526803695784 NaN
0.44 -0.639352435846105 -0.17633894914289 0.785268036957841 NaN
0.441 -0.641423566849301 -0.177584006787187 0.785268036957841 NaN
0.442 -0.643517663710739 -0.178839901990022 0.785268036957841 NaN
0.443 -0.645634584220627 -0.180106667540138 0.785268036957841 NaN
0.444 -0.647774161723727 -0.181384333234393 0.785268036957841 NaN
0.445 -0.649936204951858 -0.182672918988366 0.785268036957841 NaN
0.446 -0.652120497383049 -0.183972438646602 0.785268036957841 NaN
0.447 -0.654326796561259 -0.185282898978408 0.785268036957841 NaN
0.448 -0.6565548331052 -0.186604297473815 0.785268036957841 NaN
0.449 -0.658804310412425 -0.187936626837948 0.785268036957841 NaN
0.45 -0.661074904316563 -0.189279868339647 0.785268036957841 NaN
0.451 -0.663366263302404 -0.190633996254433 0.785268036957841 NaN
0.452 -0.665678008897971 -0.191998978110072 0.785268036957841 NaN
0.453 -0.668009736470793 -0.193374772172491 0.785268036957841 NaN
0.454 -0.670361016120362 -0.194761329201796 0.785268036957841 NaN
0.455 -0.672731393839354 -0.196158591714672 0.785268036957841 NaN
0.456 -0.675120392796286 -0.197566496070161 0.785268036957841 NaN
0.457 -0.677527514621253 -0.198984969705101 0.785268036957841 NaN
0.458 -0.67995224065588 -0.200413934843888 0.785268036957841 NaN
0.459 -0.682394033432191 -0.201853305307428 0.785268036957841 NaN
0.46 -0.684852338313563 -0.2033029891423 0.785268036957841 NaN
0.461 -0.68732658475741 -0.204762888699145 0.785268036957841 NaN
0.462 -0.689816187638281 -0.206232899608948 0.785268036957841 NaN
0.463 -0.692320548600794 -0.207712912665623 0.785268036957841 NaN
0.464 -0.694839057362167 -0.209202812581009 0.785268036957841 NaN
0.465 -0.697371092778504 -0.210702479906902 0.785268036957841 NaN
0.466 -0.699916023736797 -0.212211789459218 0.785268036957841 NaN
0.467 -0.702473210471174 -0.213730611189197 0.785268036957841 NaN
0.468 -0.705042005591969 -0.215258811964843 0.785268036957841 NaN
0.469 -0.707621754914751 -0.216796254003343 0.785268036957841 NaN
0.47 -0.710211797412845 -0.218342794607452 0.785268036957841 NaN
0.471 -0.712811464883698 -0.21989828886901 0.785268036957842 NaN
0.472 -0.715420081700875 -0.221462585087772 0.785268036957841 NaN
0.473 -0.718036964087134 -0.223035529405577 0.785268036957842 NaN
0.474 -0.72066141944657 -0.224616961891429 0.785268036957841 NaN
0.475 -0.723292746520428 -0.226206718880838 0.785268036957842 NaN
0.476 -0.725930235508469 -0.227804630814706 0.785268036957842 NaN
0.477 -0.728573167633651 -0.22941052639125 0.785268036957842 NaN
0.478 -0.731220814165116 -0.231024225051463 0.785268036957841 NaN
0.479 -0.733872435590014 -0.232645543936527 0.785268036957841 NaN
0.48 -0.736527280284134 -0.234274293244934 0.785268036957842 NaN
0.481 -0.739184582410536 -0.235910276531111 0.785268036957842 NaN
0.482 -0.741843559782973 -0.237553289807316 0.785268036957841 NaN
0.483 -0.74450341193081 -0.239203122904349 0.785268036957842 NaN
0.484 -0.747163319376886 -0.240859556752618 0.785268036957841 NaN
0.485 -0.749822443398432 -0.242522362197809 0.785268036957841 NaN
0.486 -0.752479925941283 -0.244191305284954 0.785268036957841 NaN
0.487 -0.755134889153803 -0.245866139173849 0.785268036957841 NaN
0.488 -0.757786434377219 -0.247546609770169 0.785268036957842 NaN
0.489 -0.760433640809711 -0.249232451464241 0.785268036957842 NaN
0.49 -0.763075563975346 -0.250923389499489 0.785268036957842 NaN
0.491 -0.765711234502257 -0.252619137733067 0.785268036957842 NaN
0.492 -0.768339657217342 -0.254319398441877 0.785268036957842 NaN
0.493 -0.770959810851414 -0.256023860471814 0.785268036957841 NaN
0.494 -0.773570648066013 -0.257732204764779 0.785268036957842 NaN
0.495 -0.776171095912006 -0.259444095432885 0.785268036957841 NaN
0.496 -0.77876005661887 -0.261159188121858 0.785268036957842 NaN
0.497 -0.781336408511604 -0.26287712558443 0.785268036957842 NaN
0.498 -0.783899007074698 -0.264597539128826 0.785268036957841 NaN
0.499 -0.786446686254121 -0.266320049294745 0.785268036957842 NaN
0.5 -0.788978259870122 -0.268044263039039 0.785268036957842 NaN
0.501 -0.791492523105522 -0.269769779639274 0.785268036957842 NaN
0.502 -0.793988254225384 -0.2714961882584 0.785268036957842 NaN
0.503 -0.796464216539698 -0.273223065789452 0.785268036957842 NaN
0.504 -0.798919160443576 -0.27494998381079 0.785268036957842 NaN
0.505 -0.801351825691703 -0.276676504237898 0.785268036957841 NaN
0.506 -0.803760943914949 -0.278402180254706 0.785268036957842 NaN
0.507 -0.806145241148189 -0.280126562350676 0.785268036957842 NaN
0.508 -0.808503440808382 -0.281849192488695 0.785268036957841 NaN
0.509 -0.810834266482084 -0.283569610455521 0.785268036957842 NaN
0.51 -0.813136445114319 -0.285287351969953 0.785268036957841 NaN
0.511 -0.815408710179355 -0.287001950646613 0.785268036957841 NaN
0.512 -0.817649804896801 -0.28871294159226 0.785268036957842 NaN
0.513 -0.819858485742584 -0.290419857013714 0.785268036957841 NaN
0.514 -0.822033525766716 -0.292122232434213 0.785268036957841 NaN
0.515 -0.824173718087401 -0.293819608013584 0.785268036957841 NaN
0.516 -0.826277879418832 -0.295511525392902 0.785268036957841 NaN
0.517 -0.82834485351672 -0.297197534969175 0.785268036957841 NaN
0.518 -0.830373514641898 -0.298877191042492 0.785268036957841 NaN
0.519 -0.83236277109378 -0.300550058560458 0.785268036957841 NaN
0.52 -0.834311568582923 -0.302215710097145 0.785268036957842 NaN
0.521 -0.836218893497113 -0.303873730739589 0.785268036957842 NaN
0.522 -0.838083776253852 -0.305523714903588 0.785268036957841 NaN
0.523 -0.839905294315142 -0.307165273253344 0.785268036957841 NaN
0.524 -0.841682575323215 -0.308798026446069 0.785268036957842 NaN
0.525 -0.843414799878176 -0.310421612127472 0.785268036957842 NaN
0.526 -0.845101204161545 -0.312035684359071 0.785268036957841 NaN
0.527 -0.846741082520681 -0.313639913139718 0.785268036957841 NaN
0.528 -0.848333789649055 -0.31523398400932 0.785268036957842 NaN
0.529 -0.849878742624321 -0.31681760411204 0.785268036957842 NaN
0.53 -0.851375422753723 -0.318390495915547 0.785268036957841 NaN
0.531 -0.852823376965334 -0.319952402601732 0.785268036957842 NaN
0.532 -0.85422221904021 -0.321503086075654 0.785268036957842 NaN
0.533 -0.855571630468346 -0.323042327974236 0.785268036957842 NaN
0.534 -0.85687136093015 -0.324569929194991 0.785268036957841 NaN
0.535 -0.858121228571626 -0.326085711331287 0.785268036957841 NaN
0.536 -0.85932111993563 -0.327589515708812 0.785268036957841 NaN
0.537 -0.860470989315461 -0.329081202083456 0.785268036957841 NaN
0.538 -0.861570857865267 -0.330560650309938 0.785268036957841 NaN
0.539 -0.862620812407684 -0.33202775878837 0.785268036957841 NaN
0.54 -0.863621003727499 -0.333482444412111 0.785268036957841 NaN
0.541 -0.864571644619792 -0.334924641582627 0.785268036957841 NaN
0.542 -0.865473007378345 -0.336354302332567 0.785268036957841 NaN
0.543 -0.866325421234649 -0.337771394697901 0.785268036957841 NaN
0.544 -0.867129269471627 -0.339175902474723 0.785268036957841 NaN
0.545 -0.867884986110165 -0.340567822912271 0.785268036957841 NaN
0.546 -0.868593052358185 -0.341947168194263 0.785268036957841 NaN
0.547 -0.86925399287149 -0.34331396189842 0.785268036957841 NaN
0.548 -0.869868371640738 -0.344668240458077 0.785268036957841 NaN
0.549 -0.870436787568199 -0.346010050723278 0.785268036957841 NaN
0.55 -0.870959870059114 -0.3473394466683 0.785268036957841 NaN
0.551 -0.871438274301461 -0.348656492023471 0.785268036957841 NaN
0.552 -0.871872676804493 -0.349961255379569 0.785268036957841 NaN
0.553 -0.872263770614283 -0.351253813742024 0.785268036957841 NaN
0.554 -0.872612260711343 -0.352534245740251 0.785268036957841 NaN
0.555 -0.872918859480857 -0.353802633665216 0.785268036957841 NaN
0.556 -0.873184282069884 -0.355059063267963 0.785268036957841 NaN
0.557 -0.873409242242519 -0.356303619382755 0.785268036957841 NaN
0.558 -0.873594448120848 -0.357536388234045 0.785268036957841 NaN
0.559 -0.873740598165109 -0.358757453219744 0.785268036957841 NaN
0.56 -0.873848377341193 -0.359966897835038 0.785268036957841 NaN
0.561 -0.873918453222842 -0.361164800983555 0.785268036957841 NaN
0.562 -0.873951472670591 -0.362351238967381 0.785268036957841 NaN
0.563 -0.873948058828526 -0.363526282158834 0.785268036957841 NaN
0.564 -0.873908808363943 -0.364689997835336 0.785268036957841 NaN
0.565 -0.873834289275357 -0.365842445791323 0.785268036957841 NaN
0.566 -0.873725039448474 -0.366983681821034 0.785268036957841 NaN
0.567 -0.873581564996403 -0.368113753296431 0.785268036957841 NaN
0.568 -0.873404338950516 -0.369232703150718 0.785268036957841 NaN
0.569 -0.873193800010705 -0.370340566629701 0.785268036957841 NaN
0.57 -0.872950351590348 -0.371437371334122 0.785268036957841 NaN
0.571 -0.872674361473504 -0.372523138958162 0.785268036957841 NaN
0.572 -0.872366161867669 -0.373597883284839 0.785268036957841 NaN
0.573 -0.872026050076521 -0.374661612277286 0.785268036957841 NaN
0.574 -0.871654288855283 -0.375714326296549 0.785268036957841 NaN
0.575 -0.871251107613356 -0.376756018264869 0.785268036957841 NaN
0.576 -0.870816703118368 -0.377786676514961 0.785268036957841 NaN
0.577 -0.870351240098718 -0.378806282478019 0.785268036957841 NaN
0.578 -0.869854854307915 -0.37981481074453 0.785268036957841 NaN
0.579 -0.869327654506235 -0.380812234114308 0.785268036957841 NaN
0.58 -0.86876972204069 -0.38179851593052 0.785268036957841 NaN
0.581 -0.868181111543945 -0.382773615592293 0.785268036957841 NaN
0.582 -0.867561856491138 -0.383737487889324 0.785268036957841 NaN
0.583 -0.866911974825406 -0.384690085729206 0.785268036957841 NaN
0.584 -0.866231468409466 -0.38563135812087 0.785268036957841 NaN
0.585 -0.865520321521069 -0.386561252640658 0.785268036957841 NaN
0.586 -0.864778499255498 -0.387479709020604 0.785268036957841 NaN
0.587 -0.864005951358872 -0.388386663961518 0.785268036957841 NaN
0.588 -0.86320261972139 -0.389282052038425 0.785268036957841 NaN
0.589 -0.862368440817972 -0.390165805228535 0.785268036957841 NaN
0.59 -0.861503342700284 -0.391037855492575 0.785268036957841 NaN
0.591 -0.860607245979271 -0.391898129245504 0.785268036957841 NaN
0.592 -0.859680067799104 -0.392746551800505 0.785268036957841 NaN
0.593 -0.858721726190516 -0.393583046240415 0.785268036957842 NaN
0.594 -0.857732146044933 -0.394407536200058 0.785268036957842 NaN
0.595 -0.856711258225429 -0.395219943126358 0.785268036957841 NaN
0.596 -0.855658995860058 -0.396020188071467 0.785268036957841 NaN
0.597 -0.854575295363559 -0.39680819303659 0.785268036957842 NaN
0.598 -0.853460101908702 -0.397583879790927 0.785268036957841 NaN
0.599 -0.852313375288932 -0.398347170719511 0.785268036957842 NaN
0.6 -0.851135086341042 -0.399097986333751 0.785268036957842 NaN
0.601 -0.849925213930962 -0.399836244376292 0.785268036957842 NaN
0.602 -0.848683749767582 -0.400561864904887 0.785268036957842 NaN
0.603 -0.847410697027074 -0.40127476932336 0.785268036957841 NaN
0.604 -0.846106065996901 -0.401974875913616 0.785268036957842 NaN
0.605 -0.844769878157483 -0.402662104224581 0.785268036957842 NaN
0.606 -0.843402171471982 -0.403336370859466 0.785268036957842 NaN
0.607 -0.84200299986706 -0.403997595906917 0.785268036957842 NaN
0.608 -0.840572431337598 -0.404645700796319 0.785268036957842 NaN
0.609 -0.839110553705064 -0.405280609580296 0.785268036957842 NaN
0.61 -0.837617484675099 -0.405902253290832 0.785268036957842 NaN
0.611 -0.836093380766191 -0.406510571438422 0.785268036957842 NaN
0.612 -0.834538435606539 -0.407105511433152 0.785268036957842 NaN
0.613 -0.832952869367424 -0.407687028762829 0.785268036957842 NaN
0.614 -0.831336908979308 -0.408255076148905 0.785268036957842 NaN
0.615 -0.829690774057081 -0.408809601101199 0.785268036957842 NaN
0.616 -0.828014686094256 -0.409350553136637 0.785268036957842 NaN
0.617 -0.826308883562877 -0.409877885721732 0.785268036957842 NaN
0.618 -0.824573630170674 -0.410391558512299 0.785268036957842 NaN
0.619 -0.822809214760074 -0.410891537662961 0.785268036957842 NaN
0.62 -0.821015960497859 -0.411377803038261 0.785268036957842 NaN
0.621 -0.819194230798249 -0.411850352132256 0.785268036957842 NaN
0.622 -0.817344424181742 -0.412309192907283 0.785268036957842 NaN
0.623 -0.8154669631779 -0.412754347252232 0.785268036957842 NaN
0.624 -0.813562284809165 -0.413185840713497 0.785268036957842 NaN
0.625 -0.811630837362634 -0.413603705478397 0.785268036957842 NaN
0.626 -0.809673080807023 -0.41400798323532 0.785268036957842 NaN
0.627 -0.807689488276925 -0.414398721867916 0.785268036957842 NaN
0.628 -0.805680549116027 -0.414775981729201 0.785268036957842 NaN
0.629 -0.803646771663619 -0.415139834297435 0.785268036957842 NaN
0.63 -0.801588683328676 -0.415490364593149 0.785268036957842 NaN
0.631 -0.79950682892366 -0.415827671376785 0.785268036957842 NaN
0.632 -0.797401772703452 -0.416151866181103 0.785268036957842 NaN
0.633 -0.795274097837694 -0.416463074921159 0.785268036957842 NaN
0.634 -0.793124397289897 -0.416761434129253 0.785268036957842 NaN
0.635 -0.790953278848542 -0.417047096715438 0.785268036957842 NaN
0.636 -0.788761372283011 -0.417320229248005 0.785268036957842 NaN
0.637 -0.786549324490193 -0.417581012018898 0.785268036957842 NaN
0.638 -0.784317790888706 -0.417829638068785 0.785268036957842 NaN
0.639 -0.782067433352143 -0.418066307439661 0.785268036957842 NaN
0.64 -0.779798923991608 -0.418291235809841 0.785268036957842 NaN
0.641 -0.777512949605661 -0.418504651094436 0.785268036957842 NaN
0.642 -0.775210213411888 -0.418706794875836 0.785268036957842 NaN
0.643 -0.772891434502486 -0.418897922598787 0.785268036957842 NaN
0.644 -0.770557347377459 -0.419078302586438 0.785268036957842 NaN
0.645 -0.768208702113318 -0.41924821733932 0.785268036957842 NaN
0.646 -0.765846264383403 -0.419407961046435 0.785268036957842 NaN
0.647 -0.763470815353496 -0.419557841111077 0.785268036957842 NaN
0.648 -0.761083152798 -0.41969817738041 0.785268036957842 NaN
0.649 -0.758684091943633 -0.419829302003243 0.785268036957842 NaN
0.65 -0.756274465261772 -0.419951557580174 0.785268036957842 NaN
0.651 -0.753855122912594 -0.420065299949225 0.785268036957842 NaN
0.652 -0.751426933338846 -0.42017089624759 0.785268036957842 NaN
0.653 -0.748990783487509 -0.420268724296136 0.785268036957842 NaN
0.654 -0.746547578024916 -0.420359170826689 0.785268036957842 NaN
0.655 -0.744098240474673 -0.420442634346409 0.785268036957842 NaN
0.656 -0.741643715229088 -0.420519522754121 0.785268036957842 NaN
0.657 -0.739184965912152 -0.420590255229189 0.785268036957843 NaN
0.658 -0.736722972644294 -0.420655258387168 0.785268036957842 NaN
0.659 -0.734258732857147 -0.420714967533059 0.785268036957842 NaN
0.66 -0.731793264361939 -0.420769827894391 0.785268036957842 NaN
0.661 -0.729327608524716 -0.42082029803453 0.785268036957842 NaN
0.662 -0.726862831169216 -0.42086684862965 0.785268036957842 NaN
0.663 -0.724400020664464 -0.420909960986413 0.785268036957842 NaN
0.664 -0.721940279557648 -0.420950123254276 0.785268036957842 NaN
0.665 -0.719484721051944 -0.420987830773518 0.785268036957842 NaN
0.666 -0.717034470737987 -0.421023588454558 0.785268036957842 NaN
0.667 -0.714590671658861 -0.421057910226662 0.785268036957842 NaN
0.668 -0.712154486831168 -0.421091323590705 0.785268036957842 NaN
0.669 -0.709727097692191 -0.421124370296307 0.785268036957842 NaN
0.67 -0.70730970046468 -0.421157600897108 0.785268036957842 NaN
0.671 -0.704903501992146 -0.421191580630665 0.785268036957842 NaN
0.672 -0.702509716868605 -0.421226881097592 0.785268036957842 NaN
0.673 -0.70012956380657 -0.421264085744732 0.785268036957842 NaN
0.674 -0.697764263822968 -0.421303784872639 0.785268036957842 NaN
0.675 -0.695415040587126 -0.421346580161427 0.785268036957842 NaN
0.676 -0.693083116271521 -0.421393081607057 0.785268036957842 NaN
0.677 -0.690769711414161 -0.421443909590556 0.785268036957842 NaN
0.678 -0.688476049432315 -0.42149969360998 0.785268036957842 NaN
0.679 -0.686203327099542 -0.4215610631478 0.785268036957842 NaN
0.68 -0.683952717859211 -0.421628647293095 0.785268036957842 NaN
0.681 -0.681725400464296 -0.421703090159565 0.785268036957842 NaN
0.682 -0.679522568066347 -0.421785055113911 0.785268036957842 NaN
0.683 -0.677345409206926 -0.421875213479749 0.785268036957842 NaN
0.684 -0.675195084986609 -0.421974236213807 0.785268036957842 NaN
0.685 -0.673072719997842 -0.422082787533122 0.785268036957842 NaN
0.686 -0.670979409160766 -0.422201527955197 0.785268036957842 NaN
0.687 -0.668916228112142 -0.422331118693887 0.785268036957842 NaN
0.688 -0.666884238209174 -0.422472224002057 0.785268036957842 NaN
0.689 -0.664884481722167 -0.422625506304048 0.785268036957843 NaN
0.69 -0.662917964780491 -0.422791620250989 0.785268036957842 NaN
0.691 -0.660985659428195 -0.422971211972188 0.785268036957842 NaN
0.692 -0.659088501291721 -0.423164912915355 0.785268036957842 NaN
0.693 -0.657227388415197 -0.423373340866644 0.785268036957842 NaN
0.694 -0.655403182084903 -0.423597099909828 0.785268036957842 NaN
0.695 -0.653616712567485 -0.423836781504833 0.785268036957842 NaN
0.696 -0.65186883974551 -0.424092991717784 0.785268036957842 NaN
0.697 -0.650160369594472 -0.424366312431469 0.785268036957842 NaN
0.698 -0.648491994744981 -0.424657261016012 0.785268036957843 NaN
0.699 -0.646864373324266 -0.424966333688208 0.785268036957842 NaN
0.7 -0.64527820878145 -0.425294044402243 0.785268036957842 NaN
0.701 -0.643734214248138 -0.425640907817888 0.785268036957842 NaN
0.702 -0.642233058700892 -0.426007414347759 0.785268036957842 NaN
0.703 -0.640775332883582 -0.426394005191601 0.785268036957842 NaN
0.704 -0.639361547800386 -0.426801069633656 0.785268036957842 NaN
0.705 -0.637992161473959 -0.42722896085934 0.785268036957842 NaN
0.706 -0.636667621690421 -0.42767801708502 0.785268036957842 NaN
0.707 -0.635388367007454 -0.428148560400809 0.785268036957843 NaN
0.708 -0.634154825669013 -0.428640898933168 0.785268036957843 NaN
0.709 -0.632967413891593 -0.429155320769893 0.785268036957843 NaN
0.71 -0.63182651789867 -0.429692087878823 0.785268036957842 NaN
0.711 -0.630732485290301 -0.430251436038572 0.785268036957842 NaN
0.712 -0.629685632911593 -0.430833573400062 0.785268036957842 NaN
0.713 -0.628686254268115 -0.43143868525002 0.785268036957842 NaN
0.714 -0.62773462162702 -0.432066935595797 0.785268036957842 NaN
0.715 -0.626830979471401 -0.432718471702797 0.785268036957842 NaN
0.716 -0.625975573465258 -0.433393433324088 0.785268036957842 NaN
0.717 -0.625168646442691 -0.434091955590504 0.785268036957842 NaN
0.718 -0.624410410603953 -0.434814152400781 0.785268036957842 NaN
0.719 -0.623701051657625 -0.435560122336636 0.785268036957842 NaN
0.72 -0.623040751844412 -0.436329960777059 0.785268036957842 NaN
0.721 -0.622429710535655 -0.437123773378175 0.785268036957842 NaN
0.722 -0.621868114658581 -0.437941663055638 0.785268036957842 NaN
0.723 -0.621356113284829 -0.438783717116258 0.785268036957842 NaN
0.724 -0.620893887772795 -0.439650045315216 0.785268036957842 NaN
0.725 -0.620481622325332 -0.440540764648008 0.785268036957842 NaN
0.726 -0.620119514007267 -0.441456013794517 0.785268036957842 NaN
0.727 -0.619807768541979 -0.442395950502857 0.785268036957842 NaN
0.728 -0.619546515130369 -0.443360697845697 0.785268036957842 NaN
0.729 -0.619335842924736 -0.444350355484362 0.785268036957842 NaN
0.73 -0.619175878622582 -0.445365046799583 0.785268036957842 NaN
0.731 -0.619066831865759 -0.446404959563945 0.785268036957842 NaN
0.732 -0.619009016376797 -0.447470364909342 0.785268036957842 NaN
0.733 -0.619002778505587 -0.448561582407928 0.785268036957842 NaN
0.734 -0.619048432447256 -0.44967893665612 0.785268036957842 NaN
0.735 -0.619146246893256 -0.450822737356235 0.785268036957842 NaN
0.736 -0.619296460476695 -0.45199327637621 0.785268036957842 NaN
0.737 -0.619499299639657 -0.453190839523293 0.785268036957842 NaN
0.738 -0.619754956966375 -0.454415697996645 0.785268036957842 NaN
0.739 -0.620063573439492 -0.455668108059926 0.785268036957842 NaN
0.74 -0.620425285605976 -0.456948331546112 0.785268036957842 NaN
0.741 -0.620840298206356 -0.458256666465684 0.785268036957842 NaN
0.742 -0.621308874175221 -0.459593451190136 0.785268036957842 NaN
0.743 -0.621831280199412 -0.460959038543514 0.785268036957842 NaN
0.744 -0.622407756913129 -0.462353785438071 0.785268036957842 NaN
0.745 -0.623038538530784 -0.463778058117066 0.785268036957842 NaN
0.746 -0.623723872647477 -0.465232237012165 0.785268036957842 NaN
0.747 -0.624464042233551 -0.46671672031348 0.785268036957842 NaN
0.748 -0.625259340438648 -0.468231907998371 0.785268036957842 NaN
0.749 -0.626110035750177 -0.46977817737358 0.785268036957842 NaN
0.75 -0.627016359150263 -0.471355872906906 0.785268036957842 NaN
0.751 -0.627978493523188 -0.472965299275237 0.785268036957842 NaN
0.752 -0.628996560365993 -0.47460671100993 0.785268036957842 NaN
0.753 -0.630070588883285 -0.476280297561598 0.785268036957842 NaN
0.754 -0.631200528846733 -0.477986191685965 0.785268036957842 NaN
0.755 -0.63238626724221 -0.479724473880661 0.785268036957842 NaN
0.756 -0.633627655041278 -0.481495191545066 0.785268036957842 NaN
0.757 -0.63492454509017 -0.48329837863942 0.785268036957842 NaN
0.758 -0.636276805512148 -0.485134065100281 0.785268036957842 NaN
0.759 -0.637684286853946 -0.487002255531008 0.785268036957842 NaN
0.76 -0.639146811515794 -0.488902924316234 0.785268036957842 NaN
0.761 -0.640664144298059 -0.490835995901226 0.785268036957842 NaN
0.762 -0.642235966244803 -0.492801331118294 0.785268036957842 NaN
0.763 -0.643861883783632 -0.494798732069305 0.785268036957842 NaN
0.764 -0.645541429713142 -0.496827940744237 0.785268036957842 NaN
0.765 -0.647274047917951 -0.498888631704051 0.785268036957842 NaN
0.766 -0.649059084016613 -0.500980407783928 0.785268036957842 NaN
0.767 -0.650895795858055 -0.503102807629129 0.785268036957841 NaN
0.768 -0.652783373602865 -0.505255313035952 0.785268036957841 NaN
0.769 -0.654720962288851 -0.507437366027522 0.785268036957842 NaN
0.77 -0.656707661487633 -0.509648368832662 0.785268036957841 NaN
0.771 -0.658742476916779 -0.511887667020271 0.785268036957841 NaN
0.772 -0.660824339781157 -0.514154559004145 0.785268036957841 NaN
0.773 -0.662952109305357 -0.516448287996513 0.785268036957842 NaN
0.774 -0.665124580213937 -0.518768048231971 0.785268036957842 NaN
0.775 -0.667340433724769 -0.521112965917539 0.785268036957842 NaN
0.776 -0.669598339770166 -0.523482155396352 0.785268036957841 NaN
0.777 -0.671896775261084 -0.525874636607987 0.785268036957842 NaN
0.778 -0.674233845248921 -0.528289262500684 0.785268036957841 NaN
0.779 -0.676607881323703 -0.530724977976473 0.785268036957842 NaN
0.78 -0.679017642761716 -0.533180887223089 0.785268036957841 NaN
0.781 -0.681461765131563 -0.535656021017064 0.785268036957842 NaN
0.782 -0.683938458879185 -0.538149228886755 0.785268036957841 NaN
0.783 -0.686445517448975 -0.540659189141508 0.785268036957841 NaN
0.784 -0.688980595212671 -0.543184517342866 0.785268036957841 NaN
0.785 -0.691541635871416 -0.545723942718949 0.785268036957841 NaN
0.786 -0.694127002131647 -0.548276382765813 0.785268036957841 NaN
0.787 -0.696735148324726 -0.550840812173159 0.785268036957842 NaN
0.788 -0.699364193812472 -0.553416078431114 0.785268036957841 NaN
0.789 -0.702011795748298 -0.556000822882378 0.785268036957842 NaN
0.79 -0.704675345025177 -0.558593548599173 0.785268036957842 NaN
0.791 -0.707352246262273 -0.561192748001012 0.785268036957842 NaN
0.792 -0.710040097829007 -0.563796991728225 0.785268036957841 NaN
0.793 -0.712736751268232 -0.566404986027598 0.785268036957841 NaN
0.794 -0.715440195901722 -0.569015524943994 0.785268036957841 NaN
0.795 -0.718148404384701 -0.571627427412408 0.785268036957842 NaN
0.796 -0.720859280655941 -0.574239504298772 0.785268036957842 NaN
0.797 -0.723570587826127 -0.576850513822662 0.785268036957842 NaN
0.798 -0.726279944543205 -0.579459150437096 0.785268036957841 NaN
0.799 -0.728984868664651 -0.582064060846833 0.785268036957842 NaN
0.8 -0.731682834875797 -0.584663860745348 0.785268036957842 NaN
0.801 -0.734371319646883 -0.587257162135875 0.785268036957842 NaN
0.802 -0.737047830850338 -0.589842595482876 0.785268036957842 NaN
0.803 -0.739709938919783 -0.592418839878507 0.785268036957842 NaN
0.804 -0.742355280295358 -0.594984620460766 0.785268036957842 NaN
0.805 -0.744981555847988 -0.597538693293443 0.785268036957841 NaN
0.806 -0.747586516402377 -0.60007984183568 0.785268036957842 NaN
0.807 -0.750167941004564 -0.602606861139083 0.785268036957842 NaN
0.808 -0.752723610268894 -0.605118551222356 0.785268036957842 NaN
0.809 -0.75525131174706 -0.607613712666949 0.785268036957842 NaN
0.81 -0.757748855612424 -0.610091155205075 0.785268036957842 NaN
0.811 -0.760214041483926 -0.612549709159288 0.785268036957842 NaN
0.812 -0.762644671822066 -0.614988207284835 0.785268036957842 NaN
0.813 -0.765038544103461 -0.617405478423916 0.785268036957842 NaN
0.814 -0.767393478012319 -0.619800355041119 0.785268036957842 NaN
0.815 -0.769707353872079 -0.622171693356532 0.785268036957842 NaN
0.816 -0.771978126648345 -0.624518374817249 0.785268036957842 NaN
0.817 -0.774203809929013 -0.626839299627269 0.785268036957842 NaN
0.818 -0.776382455936176 -0.629133374303281 0.785268036957842 NaN
0.819 -0.778512140874606 -0.631399509324284 0.785268036957842 NaN
0.82 -0.780590964189063 -0.633636610803432 0.785268036957842 NaN
0.821 -0.78261706315023 -0.635843595570672 0.785268036957842 NaN
0.822 -0.784588624726835 -0.638019388580912 0.785268036957842 NaN
0.823 -0.786503890970552 -0.64016292545525 0.785268036957842 NaN
0.824 -0.788361160946899 -0.64227315305515 0.785268036957842 NaN
0.825 -0.790158793469185 -0.64434902509828 0.785268036957842 NaN
0.826 -0.791895201354723 -0.646389512451611 0.785268036957842 NaN
0.827 -0.793568848515366 -0.648393593366297 0.785268036957842 NaN
0.828 -0.795178246157499 -0.650360253513058 0.785268036957842 NaN
0.829 -0.796721951799937 -0.652288486867552 0.785268036957842 NaN
0.83 -0.798198571509369 -0.654177290466196 0.785268036957842 NaN
0.831 -0.799606764044698 -0.65602566818433 0.785268036957842 NaN
0.832 -0.800945247273192 -0.657832633531047 0.785268036957842 NaN
0.833 -0.802212803424931 -0.659597214323229 0.785268036957842 NaN
0.834 -0.803408281837479 -0.661318453069197 0.785268036957842 NaN
0.835 -0.804530601663729 -0.662995413156411 0.785268036957842 NaN
0.836 -0.805578752113225 -0.664627178716361 0.785268036957842 NaN
0.837 -0.806551791539826 -0.666212859274879 0.785268036957842 NaN
0.838 -0.807448845497402 -0.667751590219616 0.785268036957842 NaN
0.839 -0.808269104638657 -0.669242538651825 0.785268036957842 NaN
0.84 -0.809011818469831 -0.670684894557928 0.785268036957842 NaN
0.841 -0.809676296536114 -0.672077883305136 0.785268036957842 NaN
0.842 -0.810261910380303 -0.673420768804831 0.785268036957842 NaN
0.843 -0.810768089582703 -0.674712852693071 0.785268036957842 NaN
0.844 -0.811194318435828 -0.675953472382964 0.785268036957842 NaN
0.845 -0.811540144551944 -0.677142012414399 0.785268036957842 NaN
0.846 -0.811805178005808 -0.678277899385664 0.785268036957842 NaN
0.847 -0.811989087770521 -0.679360613196144 0.785268036957843 NaN
0.848 -0.812091616029234 -0.680389706442255 0.785268036957842 NaN
0.849 -0.812112591914709 -0.681364805261063 0.785268036957843 NaN
0.85 -0.812051915340916 -0.682285610254279 0.785268036957843 NaN
0.851 -0.811909562139155 -0.683151892067196 0.785268036957842 NaN
0.852 -0.811685593195196 -0.683963500102077 0.785268036957843 NaN
0.853 -0.811380153722558 -0.68472035937045 0.785268036957843 NaN
0.854 -0.810993476113269 -0.685422485197557 0.785268036957843 NaN
0.855 -0.810525883357974 -0.686069988143751 0.785268036957843 NaN
0.856 -0.809977785343659 -0.686663069167907 0.785268036957842 NaN
0.857 -0.809349676626813 -0.687202015910826 0.785268036957843 NaN
0.858 -0.808642130493897 -0.687687198809069 0.785268036957842 NaN
0.859 -0.807855792312295 -0.68811906978122 0.785268036957843 NaN
0.86 -0.806991392997011 -0.688498160871403 0.785268036957842 NaN
0.861 -0.806049752468505 -0.688825078653455 0.785268036957842 NaN
0.862 -0.805031766871867 -0.689100503537608 0.785268036957842 NaN
0.863 -0.803938399808567 -0.689325178076921 0.785268036957842 NaN
0.864 -0.802770677418916 -0.689499906729584 0.785268036957843 NaN
0.865 -0.801529688733258 -0.689625543229608 0.785268036957842 NaN
0.866 -0.800216578948304 -0.689702987661325 0.785268036957842 NaN
0.867 -0.79883254285073 -0.689733183080727 0.785268036957842 NaN
0.868 -0.797378814943982 -0.689717099097997 0.785268036957843 NaN
0.869 -0.795856687457398 -0.689655749447873 0.785268036957842 NaN
0.87 -0.794267506135269 -0.689550178155269 0.785268036957843 NaN
0.871 -0.792612649794201 -0.689401422008912 0.785268036957842 NaN
0.872 -0.790893534818733 -0.689210539456786 0.785268036957842 NaN
0.873 -0.789111641298012 -0.688978634913194 0.785268036957842 NaN
0.874 -0.78726852307293 -0.688706847830269 0.785268036957842 NaN
0.875 -0.785365780159357 -0.688396299023966 0.785268036957842 NaN
0.876 -0.7834050254429 -0.68804807282669 0.785268036957842 NaN
0.877 -0.78138787617601 -0.687663229709588 0.785268036957842 NaN
0.878 -0.779315957028476 -0.68724281348259 0.785268036957843 NaN
0.879 -0.777190923489691 -0.686787876470369 0.785268036957842 NaN
0.88 -0.775014474934606 -0.686299478555112 0.785268036957842 NaN
0.881 -0.772788323572103 -0.685778630573384 0.785268036957842 NaN
0.882 -0.770514159610334 -0.685226276762975 0.785268036957842 NaN
0.883 -0.768193684184619 -0.684643372491386 0.785268036957842 NaN
0.884 -0.765828599941441 -0.684030891267707 0.785268036957842 NaN
0.885 -0.76342059252718 -0.683389765441366 0.785268036957842 NaN
0.886 -0.760971327090631 -0.682720851397284 0.785268036957842 NaN
0.887 -0.758482472487275 -0.682024958991634 0.785268036957842 NaN
0.888 -0.755955725528549 -0.681302898749257 0.785268036957842 NaN
0.889 -0.753392815943415 -0.680555505366963 0.785268036957842 NaN
0.89 -0.750795473766939 -0.679783611909179 0.785268036957842 NaN
0.891 -0.748165413787865 -0.678988033092117 0.785268036957842 NaN
0.892 -0.745504347835898 -0.678169558224371 0.785268036957842 NaN
0.893 -0.742813910684699 -0.677328912127033 0.785268036957842 NaN
0.894 -0.740095609745508 -0.676466745837063 0.785268036957842 NaN
0.895 -0.737350862344697 -0.675583671146754 0.785268036957842 NaN
0.896 -0.734581089958683 -0.674680319526487 0.785268036957842 NaN
0.897 -0.731787757747144 -0.673757354388046 0.785268036957842 NaN
0.898 -0.728972329938352 -0.672815439659163 0.785268036957841 NaN
0.899 -0.726136213801486 -0.671855213200546 0.785268036957841 NaN
0.9 -0.723280731837501 -0.670877284728312 0.785268036957841 NaN
0.901 -0.720407186106858 -0.669882273510611 0.785268036957841 NaN
0.902 -0.717516867189757 -0.668870828408251 0.785268036957842 NaN
0.903 -0.714611112486409 -0.66784366144967 0.785268036957842 NaN
0.904 -0.711691256605609 -0.666801517780617 0.785268036957842 NaN
0.905 -0.708758545511186 -0.665745116208004 0.785268036957842 NaN
0.906 -0.705813997094627 -0.664675082532996 0.785268036957842 NaN
0.907 -0.702858438724217 -0.663591998230095 0.785268036957841 NaN
0.908 -0.699892728398586 -0.662496486506818 0.785268036957842 NaN
0.909 -0.696917823213925 -0.661389234507414 0.785268036957842 NaN
0.91 -0.693934662801154 -0.660270946645224 0.785268036957841 NaN
0.911 -0.690944095495059 -0.65914231045182 0.785268036957842 NaN
0.912 -0.68794689270114 -0.65800399770973 0.785268036957842 NaN
0.913 -0.684943858613067 -0.656856701609496 0.785268036957842 NaN
0.914 -0.681935928652581 -0.655701178926989 0.785268036957842 NaN
0.915 -0.678924123451875 -0.654538239849488 0.785268036957842 NaN
0.916 -0.675909350946676 -0.653368663274375 0.785268036957842 NaN
0.917 -0.672892216393354 -0.652193120788441 0.785268036957842 NaN
0.918 -0.669872994756692 -0.651012158423463 0.785268036957842 NaN
0.919 -0.666851796063098 -0.649826253996928 0.785268036957842 NaN
0.92 -0.663828805771701 -0.648635904325532 0.785268036957842 NaN
0.921 -0.660804460167038 -0.647441689191903 0.785268036957842 NaN
0.922 -0.657779491498409 -0.646244287225126 0.785268036957842 NaN
0.923 -0.654754846537518 -0.645044438521815 0.785268036957842 NaN
0.924 -0.651731541378991 -0.643842895748912 0.785268036957842 NaN
0.925 -0.648710527355753 -0.64264036274687 0.785268036957842 NaN
0.926 -0.645692609978096 -0.641437467503103 0.785268036957842 NaN
0.927 -0.642678423973405 -0.640234750487727 0.785268036957842 NaN
0.928 -0.639668445708549 -0.639032670271864 0.785268036957842 NaN
0.929 -0.636663028243088 -0.637831612891717 0.785268036957842 NaN
0.93 -0.633662448367587 -0.636631910062725 0.785268036957842 NaN
0.931 -0.630666959508915 -0.635433856470452 0.785268036957842 NaN
0.932 -0.627676835875247 -0.634237726292631 0.785268036957842 NaN
0.933 -0.624692406669224 -0.633043784673735 0.785268036957842 NaN
0.934 -0.621714075568405 -0.631852298157436 0.785268036957842 NaN
0.935 -0.618742317132172 -0.630663529727284 0.785268036957842 NaN
0.936 -0.615777663490094 -0.629477741583433 0.785268036957842 NaN
0.937 -0.612820687167221 -0.628295182743917 0.785268036957842 NaN
0.938 -0.609871982569205 -0.627116088601953 0.785268036957842 NaN
0.939 -0.606932149784016 -0.625940677114279 0.785268036957842 NaN
0.94 -0.604001789251459 -0.624769152340648 0.785268036957842 NaN
0.941 -0.601081487288594 -0.62360169792464 0.785268036957842 NaN
0.942 -0.598171777117814 -0.622438450115118 0.785268036957842 NaN
0.943 -0.595273149322878 -0.621279505077966 0.785268036957842 NaN
0.944 -0.592386097109237 -0.620124957382288 0.785268036957842 NaN
0.945 -0.589511136145227 -0.618974918597662 0.785268036957842 NaN
0.946 -0.586648819995986 -0.617829524716791 0.785268036957842 NaN
0.947 -0.583799713848046 -0.616688919568727 0.785268036957842 NaN
0.948 -0.580964359597688 -0.615553231808142 0.785268036957842 NaN
0.949 -0.578143275013373 -0.614422577332325 0.785268036957842 NaN
0.95 -0.575336979234338 -0.613297082787031 0.785268036957842 NaN
0.951 -0.572546012585071 -0.612176902125353 0.785268036957842 NaN
0.952 -0.569770938142063 -0.611062219948264 0.785268036957842 NaN
0.953 -0.567012328798945 -0.609953245738487 0.785268036957842 NaN
0.954 -0.56427075357716 -0.608850207478907 0.785268036957842 NaN
0.955 -0.561546768866047 -0.60775334693181 0.785268036957842 NaN
0.956 -0.558840914301068 -0.606662920070144 0.785268036957842 NaN
0.957 -0.556153725595569 -0.605579208735333 0.785268036957841 NaN
0.958 -0.553485732411828 -0.604502518138483 0.785268036957842 NaN
0.959 -0.550837465609628 -0.603433182551669 0.785268036957842 NaN
0.96 -0.548209450034844 -0.602371561980499 0.785268036957842 NaN
0.961 -0.545602190151636 -0.601318031631464 0.785268036957842 NaN
0.962 -0.543016170826669 -0.600272984751341 0.785268036957842 NaN
0.963 -0.54045187007197 -0.599236839641183 0.785268036957842 NaN
0.964 -0.537909770960876 -0.598210046773169 0.785268036957841 NaN
0.965 -0.535390363549881 -0.597193087984065 0.785268036957842 NaN
0.966 -0.532894138798611 -0.596186471509483 0.785268036957841 NaN
0.967 -0.530421581289617 -0.595190726362395 0.785268036957841 NaN
0.968 -0.527973164830195 -0.594206398248433 0.785268036957842 NaN
0.969 -0.525549351388879 -0.593234047740751 0.785268036957841 NaN
0.97 -0.523150591916969 -0.592274248698854 0.785268036957842 NaN
0.971 -0.520777327965666 -0.591327585929072 0.785268036957841 NaN
0.972 -0.518429991712689 -0.590394654873615 0.785268036957841 NaN
0.973 -0.516109006503739 -0.589476055184898 0.785268036957841 NaN
0.974 -0.513814785448388 -0.588572390696994 0.785268036957841 NaN
0.975 -0.511547730463928 -0.587684263024515 0.785268036957841 NaN
0.976 -0.509308231079409 -0.586812270524018 0.785268036957841 NaN
0.977 -0.507096663117195 -0.585957003418422 0.785268036957842 NaN
0.978 -0.504913387121103 -0.585119037716182 0.785268036957841 NaN
0.979 -0.502758750478323 -0.58429893820063 0.785268036957841 NaN
0.98 -0.50063308614956 -0.583497252672249 0.785268036957841 NaN
0.981 -0.498536712849763 -0.582714507661858 0.785268036957841 NaN
0.982 -0.496469935689163 -0.581951208822705 0.785268036957841 NaN
0.983 -0.494433046785763 -0.581207835657145 0.785268036957841 NaN
0.984 -0.492426326801112 -0.580484844135602 0.785268036957842 NaN
0.985 -0.490450045335394 -0.5797826594527 0.785268036957841 NaN
0.986 -0.488504462385036 -0.579101680335384 0.785268036957841 NaN
0.987 -0.486589829107337 -0.578442273014905 0.785268036957842 NaN
0.988 -0.4847063888644 -0.577804773564869 0.785268036957841 NaN
0.989 -0.482854378129918 -0.577189485770724 0.785268036957841 NaN
0.99 -0.481034026706314 -0.576596680909623 0.785268036957841 NaN
0.991 -0.479245558153769 -0.576026594411429 0.785268036957841 NaN
0.992 -0.477489189655178 -0.575479430690613 0.785268036957841 NaN
0.993 -0.475765131370869 -0.57495535651917 0.785268036957841 NaN
0.994 -0.474073585645135 -0.57445450504116 0.785268036957841 NaN
0.995 -0.472414745780652 -0.573976972685503 0.785268036957841 NaN
0.996 -0.470788794122311 -0.573522819820535 0.785268036957841 NaN
0.997 -0.469195899998747 -0.573092070596114 0.785268036957841 NaN
0.998 -0.467636217605134 -0.572684711471353 0.785268036957841 NaN
0.999 -0.466109882843588 -0.572300691508015 0.785268036957842 NaN
1 -0.46461701073074 -0.571939924184671 0.785268036957841 NaN
