"Time, Y-Force, Work integrand, Mass, Mass error"
1e-05 -3.38095240692837e-09 -3.32480673050683e-11 0.785390488322165 NaN
0.001 -1.66919294226631e-05 -3.45644808822233e-11 0.785390488322165 NaN
0.002 -6.09833522862147e-05 -6.81420210554384e-10 0.785390488322165 2.82718734472309e-16
0.00300000000000001 -0.000131821207036253 -3.0546852549068e-09 0.785390488322165 NaN
0.00400000000000001 -0.000229378601321883 -9.01232787692535e-09 0.785390488322165 NaN
0.00499999999999996 -0.000353407913145531 -2.12947814183019e-08 0.785390488322165 1.41359367236154e-16
0.00599999999999992 -0.000503771992166335 -4.24258079146549e-08 0.785390488322165 2.82718734472309e-16
0.00699999999999988 -0.000680450271872246 -7.63591004096769e-08 0.785390488322165 NaN
0.00799999999999984 -0.000883433553724444 -1.26999397118263e-07 0.785390488322165 2.82718734472309e-16
0.0089999999999998 -0.00111270298452659 -1.99117306723352e-07 0.785390488322165 2.82718734472309e-16
0.00999999999999976 -0.00136829284620354 -2.98000072165719e-07 0.785390488322165 NaN
0.0109999999999997 -0.0016501992535698 -4.29473279831265e-07 0.785390488322165 2.82718734472309e-16
0.0119999999999997 -0.001958470810413 -5.9990378347731e-07 0.785390488322165 1.41359367236154e-16
0.0129999999999996 -0.0022931455774291 -8.16076252750045e-07 0.785390488322165 NaN
0.0139999999999996 -0.00265424741617082 -1.08528766046409e-06 0.785390488322165 2.82718734472309e-16
0.0149999999999996 -0.00304182937846953 -1.4157283447073e-06 0.785390488322165 2.82718734472309e-16
0.0159999999999995 -0.00345593385108245 -1.81565702535302e-06 0.785390488322165 1.41359367236154e-16
0.0169999999999995 -0.00389659871283321 -2.2942614002399e-06 0.785390488322165 1.41359367236154e-16
0.0179999999999994 -0.00436388369162088 -2.86111963602488e-06 0.785390488322165 2.82718734472309e-16
0.0189999999999994 -0.00485784357737984 -3.52624579655347e-06 0.785390488322165 1.41359367236154e-16
0.0199999999999994 -0.00537852064451982 -4.30013365204217e-06 0.785390488322165 1.41359367236154e-16
0.0209999999999993 -0.00592596860492201 -5.19387744843565e-06 0.785390488322165 2.82718734472309e-16
0.0219999999999993 -0.00650024583623754 -6.21941973117691e-06 0.785390488322165 2.82718734472309e-16
0.0229999999999992 -0.00710139932569476 -7.38867204055221e-06 0.785390488322165 4.24078101708463e-16
0.0239999999999992 -0.00772947869658047 -8.71464672626103e-06 0.785390488322165 2.82718734472309e-16
0.0249999999999992 -0.00838454503445085 -1.0210423261622e-05 0.785390488322165 1.41359367236154e-16
0.0259999999999991 -0.00906665631422499 -1.1889439022519e-05 0.785390488322165 NaN
0.0269999999999991 -0.00977586073583581 -1.37664942270257e-05 0.785390488322165 1.41359367236154e-16
0.027999999999999 -0.0105122091001935 -1.5856198117099e-05 0.785390488322165 2.82718734472309e-16
0.028999999999999 -0.0112757584171863 -1.8173713999009e-05 0.785390488322165 1.41359367236154e-16
0.0299999999999989 -0.0120665619353151 -2.07350437855403e-05 0.785390488322165 2.82718734472309e-16
0.0309999999999989 -0.0128846667935729 -2.35563134622294e-05 0.785390488322165 2.82718734472309e-16
0.0319999999999991 -0.0137301231691822 -2.66547952081746e-05 0.785390488322165 NaN
0.0329999999999994 -0.0146029869961648 -3.00478928126312e-05 0.785390488322165 2.82718734472309e-16
0.0339999999999997 -0.0155033122355537 -3.37527198331321e-05 0.785390488322165 2.82718734472309e-16
0.035 -0.0164311463320921 -3.77887965013167e-05 0.785390488322165 2.82718734472309e-16
0.0360000000000004 -0.0173865348029683 -4.21741262150999e-05 0.785390488322165 2.82718734472309e-16
0.0370000000000007 -0.0183695259216705 -4.69288695810963e-05 0.785390488322165 1.41359367236154e-16
0.038000000000001 -0.0193801690872419 -5.20722895980194e-05 0.785390488322165 2.82718734472309e-16
0.0390000000000013 -0.0204185098402707 -5.76255053994154e-05 0.785390488322165 2.82718734472309e-16
0.0400000000000016 -0.0214845900852545 -6.36088846180938e-05 0.785390488322165 2.82718734472309e-16
0.0410000000000019 -0.0225784525773101 -7.00447783171174e-05 0.785390488322165 2.82718734472309e-16
0.0420000000000022 -0.0237001430560415 -7.69539507470378e-05 0.785390488322165 2.82718734472309e-16
0.0430000000000025 -0.0248497066303468 -8.43594513452207e-05 0.785390488322165 2.82718734472309e-16
0.0440000000000028 -0.026027184104235 -9.22846209448352e-05 0.785390488322165 4.24078101708463e-16
0.0450000000000031 -0.0272326120784978 -0.000100752557711109 0.785390488322165 4.24078101708463e-16
0.0460000000000034 -0.0284660267299035 -0.000109787155923663 0.785390488322165 4.24078101708463e-16
0.0470000000000037 -0.0297274654847062 -0.000119412865425245 0.785390488322165 2.82718734472309e-16
0.048000000000004 -0.0310169653335723 -0.000129654765712639 0.785390488322165 2.82718734472309e-16
0.0490000000000043 -0.0323345595108915 -0.000140537918567704 0.785390488322165 4.24078101708463e-16
0.0500000000000046 -0.0336802773229916 -0.000152088560773686 0.785390488322165 4.24078101708463e-16
0.0510000000000049 -0.0350541469577301 -0.000164333551705073 0.785390488322165 2.82718734472309e-16
0.0520000000000053 -0.0364561987617851 -0.00017729866081645 0.785390488322165 2.82718734472309e-16
0.0530000000000056 -0.037886464837678 -0.000191011851819071 0.785390488322165 2.82718734472309e-16
0.0540000000000059 -0.0393449754234982 -0.000205501010751112 0.785390488322165 2.82718734472309e-16
0.0550000000000062 -0.0408317545188073 -0.000220794279460569 0.785390488322165 2.82718734472309e-16
0.0560000000000065 -0.0423468189704543 -0.000236920211345026 0.785390488322165 2.82718734472309e-16
0.0570000000000068 -0.0438901819029773 -0.000253908402013982 0.785390488322165 4.24078101708463e-16
0.0580000000000071 -0.0454618582755906 -0.000271788080994789 0.785390488322165 2.82718734472309e-16
0.0590000000000074 -0.0470618687534898 -0.000290589684922855 0.785390488322165 4.24078101708463e-16
0.0600000000000077 -0.0486902384406118 -0.000310343611992371 0.785390488322165 5.65437468944618e-16
0.061000000000008 -0.0503469913401524 -0.000331080819178972 0.785390488322165 2.82718734472309e-16
0.0620000000000083 -0.0520321443485976 -0.000352833539935066 0.785390488322165 2.82718734472309e-16
0.0630000000000083 -0.0537457029443722 -0.000375632622748673 0.785390488322165 5.65437468944618e-16
0.0640000000000079 -0.0554876621333484 -0.000399511249140075 0.785390488322165 4.24078101708463e-16
0.0650000000000075 -0.0572580108333582 -0.000424501512307177 0.785390488322165 4.24078101708463e-16
0.0660000000000071 -0.059056738080919 -0.000450636276435046 0.785390488322165 2.82718734472309e-16
0.0670000000000067 -0.0608838376023915 -0.000477950162205171 0.785390488322165 4.24078101708463e-16
0.0680000000000063 -0.0627393095456323 -0.000506475688459559 0.785390488322165 5.65437468944618e-16
0.0690000000000059 -0.0646231590351256 -0.000536248636418421 0.785390488322165 4.24078101708463e-16
0.0700000000000056 -0.0665353925652283 -0.000567303231311198 0.785390488322165 1.41359367236154e-16
0.0710000000000052 -0.0684760133032096 -0.000599675070169239 0.785390488322165 5.65437468944618e-16
0.0720000000000048 -0.0704450177555369 -0.000633399611210367 0.785390488322165 2.82718734472309e-16
0.0730000000000044 -0.072442393406476 -0.000668513044524935 0.785390488322165 2.82718734472309e-16
0.074000000000004 -0.0744681190007146 -0.000705051843640461 0.785390488322165 4.24078101708463e-16
0.0750000000000036 -0.0765221657760016 -0.000743052839997066 0.785390488322165 2.82718734472309e-16
0.0760000000000032 -0.0786045000473496 -0.000782552087017704 0.785390488322165 5.65437468944618e-16
0.0770000000000028 -0.0807150857001702 -0.000823587884884847 0.785390488322165 2.82718734472309e-16
0.0780000000000025 -0.0828538862364638 -0.000866197825047557 0.785390488322165 4.24078101708463e-16
0.0790000000000021 -0.0850208659432248 -0.000910419988141536 0.785390488322165 4.24078101708463e-16
0.0800000000000017 -0.0872159898574996 -0.00095629278724299 0.785390488322165 2.82718734472309e-16
0.0810000000000013 -0.0894392233785464 -0.00100385469728306 0.785390488322165 4.24078101708463e-16
0.0820000000000009 -0.0916905305609141 -0.00105314565729353 0.785390488322165 2.82718734472309e-16
0.0830000000000005 -0.0939698730659515 -0.00110420467519327 0.785390488322165 5.65437468944618e-16
0.0840000000000001 -0.0962772083597603 -0.00115707178450632 0.785390488322165 2.82718734472309e-16
0.0849999999999997 -0.0986124885517548 -0.00121178721999053 0.785390488322165 5.65437468944618e-16
0.0859999999999994 -0.100975659506954 -0.0012683908278634 0.785390488322165 5.65437468944618e-16
0.086999999999999 -0.103366660928451 -0.00132692372518396 0.785390488322165 4.24078101708463e-16
0.0879999999999986 -0.105785426292444 -0.0013874267472824 0.785390488322165 2.82718734472309e-16
0.0889999999999982 -0.108231884183802 -0.00144994039348129 0.785390488322165 2.82718734472309e-16
0.0899999999999978 -0.110705959012117 -0.00151450655482793 0.785390488322165 2.82718734472309e-16
0.0909999999999974 -0.113207572289864 -0.00158116671135483 0.785390488322165 4.24078101708463e-16
0.091999999999997 -0.11573664341242 -0.00164996254202884 0.785390488322165 2.82718734472309e-16
0.0929999999999966 -0.118293090131683 -0.00172093600717865 0.785390488322165 2.82718734472309e-16
0.0939999999999963 -0.120876828224532 -0.00179412960414491 0.785390488322165 4.24078101708463e-16
0.0949999999999959 -0.123487771239308 -0.00186958607093854 0.785390488322165 4.24078101708463e-16
0.0959999999999955 -0.126125829463884 -0.0019473473111882 0.785390488322165 4.24078101708463e-16
0.0969999999999951 -0.128790908994675 -0.00202745705830865 0.785390488322165 4.24078101708463e-16
0.0979999999999947 -0.131482910690591 -0.00210995792692648 0.785390488322165 2.82718734472309e-16
0.0989999999999943 -0.1342017296306 -0.00219489311520391 0.785390488322165 2.82718734472309e-16
0.0999999999999939 -0.136947254280949 -0.00228230566813989 0.785390488322165 2.82718734472309e-16
0.100999999999994 -0.139719366304272 -0.00237223952805785 0.785390488322165 2.82718734472309e-16
0.101999999999993 -0.142517940677442 -0.0024647378209188 0.785390488322165 2.82718734472309e-16
0.102999999999993 -0.145342845962913 -0.00255984381636487 0.785390488322165 4.24078101708463e-16
0.103999999999992 -0.148193944802365 -0.00265760166147117 0.785390488322165 5.65437468944618e-16
0.104999999999992 -0.151071094933656 -0.00275805432634352 0.785390488322165 2.82718734472309e-16
0.105999999999992 -0.153974149754053 -0.00286124589870879 0.785390488322165 4.24078101708463e-16
0.106999999999991 -0.156902959177806 -0.00296721969573391 0.785390488322165 4.24078101708463e-16
0.107999999999991 -0.159857369718344 -0.00307601981032679 0.785390488322165 2.82718734472309e-16
0.10899999999999 -0.162837224524029 -0.00318769031390886 0.785390488322165 2.82718734472309e-16
0.10999999999999 -0.16584236271245 -0.00330227443861425 0.785390488322165 2.82718734472309e-16
0.11099999999999 -0.168872618354927 -0.00341981665475419 0.785390488322165 2.82718734472309e-16
0.111999999999989 -0.171927819288442 -0.00354036005187525 0.785390488322165 5.65437468944618e-16
0.112999999999989 -0.175007785689429 -0.00366394886042934 0.785390488322165 4.24078101708463e-16
0.113999999999988 -0.178112329404208 -0.00379062637410793 0.785390488322165 2.82718734472309e-16
0.114999999999988 -0.181241253152638 -0.00392043574240683 0.785390488322165 2.82718734472309e-16
0.115999999999988 -0.184394351082208 -0.00405342088430627 0.785390488322165 2.82718734472309e-16
0.116999999999987 -0.18757140897841 -0.00418962386039817 0.785390488322165 2.82718734472309e-16
0.117999999999987 -0.190772205722203 -0.0043290884805364 0.785390488322165 4.24078101708463e-16
0.118999999999987 -0.193996514057277 -0.00447185707710723 0.785390488322165 4.24078101708463e-16
0.119999999999986 -0.197244101532402 -0.00461797194679375 0.785390488322165 2.82718734472309e-16
0.120999999999986 -0.200514730676472 -0.00476747537495209 0.785390488322165 4.24078101708463e-16
0.121999999999985 -0.203808158479214 -0.00492040944697331 0.785390488322165 2.82718734472309e-16
0.122999999999985 -0.207124135391828 -0.00507681627492293 0.785390488322165 4.24078101708463e-16
0.123999999999985 -0.210462403813089 -0.00523673699632113 0.785390488322165 4.24078101708463e-16
0.124999999999984 -0.21382269654638 -0.00540021315054451 0.785390488322165 4.24078101708463e-16
0.125999999999985 -0.217204735588872 -0.00556728529701822 0.785390488322165 2.82718734472309e-16
0.126999999999986 -0.220608231575135 -0.0057379935370932 0.785390488322165 4.24078101708463e-16
0.127999999999987 -0.224032883800222 -0.00591237823154622 0.785390488322165 1.41359367236154e-16
0.128999999999988 -0.227478381128064 -0.0060904784585788 0.785390488322165 2.82718734472309e-16
0.129999999999989 -0.230944403416133 -0.00627233287336881 0.785390488322165 4.24078101708463e-16
0.13099999999999 -0.234430623185556 -0.00645798029163314 0.785390488322165 5.65437468944618e-16
0.131999999999991 -0.2379367070118 -0.00664745900351044 0.785390488322165 5.65437468944618e-16
0.132999999999992 -0.241462315890065 -0.00684080548447275 0.785390488322165 NaN
0.133999999999993 -0.245007105136114 -0.00703805727554629 0.785390488322165 2.82718734472309e-16
0.134999999999994 -0.248570722707575 -0.00723925095902128 0.785390488322165 4.24078101708463e-16
0.135999999999995 -0.252152806545494 -0.00744442221526948 0.785390488322165 2.82718734472309e-16
0.136999999999996 -0.255752981064649 -0.00765360579294755 0.785390488322165 2.82718734472309e-16
0.137999999999997 -0.259370853879862 -0.00786683637907187 0.785390488322165 4.24078101708463e-16
0.138999999999998 -0.263006012766819 -0.00808414669958979 0.785390488322165 4.24078101708463e-16
0.139999999999999 -0.266658023606579 -0.00830556952176348 0.785390488322165 4.24078101708463e-16
0.141 -0.270326430625333 -0.00853113524710825 0.785390488322165 2.82718734472309e-16
0.142000000000001 -0.274010757532064 -0.00876087444128648 0.785390488322165 2.82718734472309e-16
0.143000000000002 -0.277710511132835 -0.00899481543984665 0.785390488322165 2.82718734472309e-16
0.144000000000003 -0.28142518539094 -0.00923298667036743 0.785390488322165 2.82718734472309e-16
0.145000000000004 -0.285154266165234 -0.00947541456147893 0.785390488322165 4.24078101708463e-16
0.146000000000005 -0.2888972356597 -0.00972212585540899 0.785390488322165 2.82718734472309e-16
0.147000000000006 -0.292653575383943 -0.00997314519899878 0.785390488322165 5.65437468944618e-16
0.148000000000007 -0.29642276729494 -0.0102284975542302 0.785390488322165 2.82718734472309e-16
0.149000000000008 -0.30020429273821 -0.010488206468182 0.785390488322165 2.82718734472309e-16
0.150000000000009 -0.303997628852956 -0.010752294671087 0.785390488322165 2.82718734472309e-16
0.15100000000001 -0.30780224284913 -0.0110207841897152 0.785390488322165 5.65437468944618e-16
0.152000000000011 -0.311617584315378 -0.0112936943817452 0.785390488322165 2.82718734472309e-16
0.153000000000012 -0.315443076436155 -0.0115710448370341 0.785390488322165 2.82718734472309e-16
0.154000000000013 -0.319278106529728 -0.0118528514067452 0.785390488322165 2.82718734472309e-16
0.155000000000014 -0.3231220170596 -0.0121391291094592 0.785390488322165 2.82718734472309e-16
0.156000000000015 -0.326974097576796 -0.0124298890018119 0.785390488322165 2.82718734472309e-16
0.157000000000016 -0.33083357913133 -0.0127251396383214 0.785390488322165 2.82718734472309e-16
0.158000000000017 -0.334699631847199 -0.0130248867488972 0.785390488322165 2.82718734472309e-16
0.159000000000018 -0.338571366291507 -0.0133291329278245 0.785390488322165 2.82718734472309e-16
0.160000000000019 -0.342447840219606 -0.0136378766370954 0.785390488322165 2.82718734472309e-16
0.16100000000002 -0.346328069418149 -0.0139511137377006 0.785390488322165 2.82718734472309e-16
0.162000000000021 -0.350211044041851 -0.0142688385983286 0.785390488322165 2.82718734472309e-16
0.163000000000022 -0.354095747555114 -0.0145910419384826 0.785390488322165 1.41359367236154e-16
0.164000000000023 -0.357981177342698 -0.014917713829303 0.785390488322165 4.24078101708463e-16
0.165000000000024 -0.361866363799077 -0.0152488439591227 0.785390488322165 1.41359367236154e-16
0.166000000000025 -0.365750384182274 -0.0155844216166461 0.785390488322165 2.82718734472309e-16
0.167000000000026 -0.369632368537332 -0.0159244354798467 0.785390488322165 2.82718734472309e-16
0.168000000000027 -0.373511493975068 -0.0162688756329454 0.785390488322165 2.82718734472309e-16
0.169000000000028 -0.377386964884911 -0.0166177307724495 0.785390488322165 2.82718734472309e-16
0.170000000000029 -0.38125797907667 -0.0169709880861008 0.785390488322165 2.82718734472309e-16
0.17100000000003 -0.385123680273821 -0.0173286311241723 0.785390488322165 1.41359367236154e-16
0.172000000000031 -0.388983099422322 -0.017690637801791 0.785390488322165 2.82718734472309e-16
0.173000000000032 -0.392835090652165 -0.0180569771788692 0.785390488322165 2.82718734472309e-16
0.174000000000033 -0.396678266311131 -0.018427607389057 0.785390488322165 4.24078101708463e-16
0.175000000000034 -0.400510939619569 -0.0188024720147496 0.785390488322165 4.24078101708463e-16
0.176000000000035 -0.404331080666035 -0.0191814974120402 0.785390488322165 2.82718734472309e-16
0.177000000000036 -0.408136292231873 -0.019564592236835 0.785390488322165 2.82718734472309e-16
0.178000000000037 -0.41192381050247 -0.0199516460075401 0.785390488322165 4.24078101708463e-16
0.179000000000038 -0.415690532880044 -0.0203425287332488 0.785390488322165 4.24078101708463e-16
0.180000000000039 -0.419433072912714 -0.0207370933410523 0.785390488322165 2.82718734472309e-16
0.18100000000004 -0.423147840059716 -0.0211351780218387 0.785390488322165 2.82718734472309e-16
0.182000000000041 -0.426831139640854 -0.0215366104971825 0.785390488322165 2.82718734472309e-16
0.183000000000042 -0.430479285921875 -0.0219412112415381 0.785390488322165 2.82718734472309e-16
0.184000000000043 -0.434088720872092 -0.0223488005652375 0.785390488322165 2.82718734472309e-16
0.185000000000044 -0.437656129631961 -0.0227592027521343 0.785390488322165 5.65437468944618e-16
0.186000000000045 -0.441178545889844 -0.023172250558777 0.785390488322165 2.82718734472309e-16
0.187000000000046 -0.444653438815362 -0.0235877919626398 0.785390488322165 2.82718734472309e-16
0.188000000000047 -0.448078777531348 -0.0240056920209687 0.785390488322165 2.82718734472309e-16
0.189000000000048 -0.451453069270322 -0.0244258373035082 0.785390488322165 4.24078101708463e-16
0.190000000000049 -0.454775370217682 -0.0248481353249977 0.785390488322165 5.65437468944618e-16
0.19100000000005 -0.458045270407968 -0.0252725180294455 0.785390488322165 2.82718734472309e-16
0.192000000000051 -0.461262854851363 -0.025698937828345 0.785390488322165 5.65437468944618e-16
0.193000000000052 -0.464428646105874 -0.0261273688063475 0.785390488322165 4.24078101708463e-16
0.194000000000053 -0.467543532464637 -0.0265578023647869 0.785390488322165 4.24078101708463e-16
0.195000000000054 -0.470608688293442 -0.0269902448235859 0.785390488322165 5.65437468944618e-16
0.196000000000055 -0.473625491362863 -0.0274247136794046 0.785390488322165 2.82718734472309e-16
0.197000000000056 -0.476595442632176 -0.0278612344838224 0.785390488322165 4.24078101708463e-16
0.198000000000057 -0.479520092507974 -0.0282998369296665 0.785390488322165 2.82718734472309e-16
0.199000000000058 -0.482400976567387 -0.0287405524420912 0.785390488322165 2.82718734472309e-16
0.200000000000059 -0.485239563401313 -0.0291834113010111 0.785390488322165 2.82718734472309e-16
0.20100000000006 -0.488037214632435 -0.0296284396591289 0.785390488322165 5.65437468944618e-16
0.202000000000061 -0.490795157839978 -0.0300756587149934 0.785390488322165 2.82718734472309e-16
0.203000000000062 -0.493514470979466 -0.0305250835188479 0.785390488322165 2.82718734472309e-16
0.204000000000063 -0.496196077414858 -0.0309767228474803 0.785390488322165 2.82718734472309e-16
0.205000000000064 -0.498840749027483 -0.0314305774456138 0.785390488322165 5.65437468944618e-16
0.206000000000065 -0.501449115977174 -0.0318866430812386 0.785390488322165 5.65437468944618e-16
0.207000000000066 -0.50402168079167 -0.0323449078739344 0.785390488322165 2.82718734472309e-16
0.208000000000067 -0.506558835191488 -0.0328053549329953 0.785390488322165 4.24078101708463e-16
0.209000000000068 -0.509060877735152 -0.0332679631175173 0.785390488322165 2.82718734472309e-16
0.210000000000069 -0.511528031284907 -0.0337327060149771 0.785390488322165 5.65437468944618e-16
0.21100000000007 -0.51396045949226 -0.0341995553864887 0.785390488322165 2.82718734472309e-16
0.212000000000071 -0.516358281179336 -0.0346684792198891 0.785390488322165 4.24078101708463e-16
0.213000000000072 -0.518721582549551 -0.0351394443821181 0.785390488322165 5.65437468944618e-16
0.214000000000073 -0.521050427362697 -0.0356124155475375 0.785390488322165 4.24078101708463e-16
0.215000000000074 -0.523344864739377 -0.036087356908801 0.785390488322165 2.82718734472309e-16
0.216000000000075 -0.525604934870298 -0.0365642310480015 0.785390488322165 5.65437468944618e-16
0.217000000000076 -0.527830672917615 -0.0370430012664431 0.785390488322165 4.24078101708463e-16
0.218000000000077 -0.530022111673427 -0.0375236284443237 0.785390488322165 5.65437468944618e-16
0.219000000000078 -0.532179282696847 -0.0380060751717112 0.785390488322165 2.82718734472309e-16
0.220000000000079 -0.534302216780549 -0.0384903020131063 0.785390488322165 5.65437468944618e-16
0.22100000000008 -0.536390943733212 -0.0389762698398217 0.785390488322165 2.82718734472309e-16
0.222000000000081 -0.538445491945948 -0.0394639388667926 0.785390488322165 4.24078101708463e-16
0.223000000000082 -0.540465887368439 -0.0399532688407076 0.785390488322165 2.82718734472309e-16
0.224000000000083 -0.542452153148202 -0.0404442186618343 0.785390488322165 5.65437468944618e-16
0.225000000000084 -0.544404308715359 -0.0409367467117703 0.785390488322165 2.82718734472309e-16
0.226000000000085 -0.546322369431854 -0.0414308113036397 0.785390488322165 4.24078101708463e-16
0.227000000000086 -0.548206346427101 -0.0419263695161135 0.785390488322165 2.82718734472309e-16
0.228000000000087 -0.550056246450076 -0.0424233776349463 0.785390488322165 2.82718734472309e-16
0.229000000000088 -0.551872072228869 -0.0429217913248169 0.785390488322165 2.82718734472309e-16
0.230000000000089 -0.553653822853903 -0.0434215662665114 0.785390488322165 4.24078101708463e-16
0.23100000000009 -0.555401494129775 -0.043922656318242 0.785390488322165 4.24078101708463e-16
0.232000000000091 -0.557115079357542 -0.0444250156254067 0.785390488322165 4.24078101708463e-16
0.233000000000092 -0.558794569862137 -0.0449285972391746 0.785390488322165 2.82718734472309e-16
0.234000000000093 -0.560439955464043 -0.0454333543665656 0.785390488322165 5.65437468944618e-16
0.235000000000094 -0.562051225446362 -0.0459392388362051 0.785390488322165 4.24078101708463e-16
0.236000000000095 -0.563628368550948 -0.0464462027741658 0.785390488322165 4.24078101708463e-16
0.237000000000096 -0.565171373874763 -0.046954197490906 0.785390488322165 2.82718734472309e-16
0.238000000000097 -0.56668023112629 -0.0474631734101468 0.785390488322165 4.24078101708463e-16
0.239000000000098 -0.568154930877551 -0.0479730816121013 0.785390488322165 2.82718734472309e-16
0.240000000000099 -0.569595465237043 -0.0484838720671745 0.785390488322165 4.24078101708463e-16
0.2410000000001 -0.571001827886608 -0.0489954948430333 0.785390488322165 4.24078101708463e-16
0.242000000000101 -0.572374014550682 -0.0495078991807988 0.785390488322165 2.82718734472309e-16
0.243000000000102 -0.573712023365729 -0.0500210344460019 0.785390488322165 5.65437468944618e-16
0.244000000000103 -0.575015855051403 -0.0505348503392835 0.785390488322165 2.82718734472309e-16
0.245000000000104 -0.576285513446642 -0.0510492946396853 0.785390488322165 2.82718734472309e-16
0.246000000000105 -0.577521005583549 -0.051564316926839 0.785390488322165 2.82718734472309e-16
0.247000000000106 -0.578722342123502 -0.0520798652054757 0.785390488322165 2.82718734472309e-16
0.248000000000107 -0.579889537529569 -0.0525958876253313 0.785390488322165 2.82718734472309e-16
0.249000000000108 -0.581022610353275 -0.0531123329871781 0.785390488322165 4.24078101708463e-16
0.250000000000109 -0.582121583411803 -0.0536291492940916 0.785390488322165 4.24078101708463e-16
0.25100000000011 -0.583186483934476 -0.0541462841423318 0.785390488322165 2.82718734472309e-16
0.252000000000111 -0.584217343772325 -0.0546636865330428 0.785390488322165 2.82718734472309e-16
0.253000000000112 -0.585214199537512 -0.055181303915624 0.785390488322165 4.24078101708463e-16
0.254000000000113 -0.586177092844146 -0.0556990847967685 0.785390488322165 1.41359367236154e-16
0.255000000000114 -0.587106070317967 -0.0562169771141564 0.785390488322165 2.82718734472309e-16
0.256000000000115 -0.588001183959124 -0.056734929318792 0.785390488322165 4.24078101708463e-16
0.257000000000116 -0.588862491219539 -0.0572528895051063 0.785390488322165 2.82718734472309e-16
0.258000000000117 -0.589690055285002 -0.0577708067439059 0.785390488322165 2.82718734472309e-16
0.259000000000118 -0.590483945266667 -0.0582886293043345 0.785390488322165 2.82718734472309e-16
0.260000000000119 -0.591244236508047 -0.0588063061479556 0.785390488322165 5.65437468944618e-16
0.26100000000012 -0.591971010706885 -0.0593237864685512 0.785390488322165 4.24078101708463e-16
0.262000000000121 -0.592664356206607 -0.0598410199052803 0.785390488322165 4.24078101708463e-16
0.263000000000122 -0.593324368144078 -0.0603579559443713 0.785390488322165 2.82718734472309e-16
0.264000000000123 -0.59395114873783 -0.0608745449563174 0.785390488322165 2.82718734472309e-16
0.265000000000124 -0.594544807407106 -0.0613907371115229 0.785390488322165 4.24078101708463e-16
0.266000000000125 -0.595105460780443 -0.0619064841897254 0.785390488322165 2.82718734472309e-16
0.267000000000126 -0.595633233061543 -0.0624217369392077 0.785390488322165 4.24078101708463e-16
0.268000000000127 -0.596128255858169 -0.0629364472625078 0.785390488322165 2.82718734472309e-16
0.269000000000128 -0.596590668563477 -0.0634505681384343 0.785390488322165 4.24078101708463e-16
0.270000000000129 -0.597020618246937 -0.0639640526129919 0.785390488322165 2.82718734472309e-16
0.27100000000013 -0.597418259925783 -0.0644768538112557 0.785390488322165 4.24078101708463e-16
0.272000000000131 -0.597783756549303 -0.0649889265164132 0.785390488322165 5.65437468944618e-16
0.273000000000132 -0.598117279463922 -0.0655002255274257 0.785390488322165 4.24078101708463e-16
0.274000000000133 -0.598419008304822 -0.066010706512571 0.785390488322165 2.82718734472309e-16
0.275000000000134 -0.598689131458798 -0.0665203260007696 0.785390488322165 2.82718734472309e-16
0.276000000000135 -0.598927846387154 -0.0670290415392434 0.785390488322165 2.82718734472309e-16
0.277000000000136 -0.599135359767592 -0.0675368110826051 0.785390488322165 2.82718734472309e-16
0.278000000000137 -0.599311887954658 -0.0680435939285258 0.785390488322165 2.82718734472309e-16
0.279000000000138 -0.599457657195465 -0.0685493503376666 0.785390488322165 2.82718734472309e-16
0.280000000000139 -0.599572903908342 -0.0690540414123646 0.785390488322165 2.82718734472309e-16
0.28100000000014 -0.599657874802247 -0.0695576299196066 0.785390488322165 2.82718734472309e-16
0.282000000000141 -0.599712827198962 -0.0700600793645401 0.785390488322165 2.82718734472309e-16
0.283000000000142 -0.599738028893789 -0.0705613544211925 0.785390488322165 2.82718734472309e-16
0.284000000000143 -0.599733758348535 -0.0710614217378156 0.785390488322165 2.82718734472309e-16
0.285000000000144 -0.599700304499642 -0.0715602483004543 0.785390488322165 2.82718734472309e-16
0.286000000000145 -0.599637966805313 -0.0720578030600341 0.785390488322165 2.82718734472309e-16
0.287000000000146 -0.599547055197913 -0.0725540560434015 0.785390488322165 2.82718734472309e-16
0.288000000000147 -0.599427890165586 -0.0730489792446976 0.785390488322165 2.82718734472309e-16
0.289000000000148 -0.59928080264816 -0.0735425451958676 0.785390488322165 1.41359367236154e-16
0.290000000000149 -0.59910613452514 -0.0740347289855439 0.785390488322165 2.82718734472309e-16
0.29100000000015 -0.598904238736715 -0.07452550709636 0.785390488322165 1.41359367236154e-16
0.292000000000151 -0.598675479684859 -0.0750148565528475 0.785390488322165 2.82718734472309e-16
0.293000000000152 -0.59842023384876 -0.0755027571842743 0.785390488322165 4.24078101708463e-16
0.294000000000153 -0.598138890153544 -0.0759891908283992 0.785390488322165 2.82718734472309e-16
0.295000000000154 -0.597831850660638 -0.0764741408667404 0.785390488322165 4.24078101708463e-16
0.296000000000155 -0.597499530850238 -0.0769575933549294 0.785390488322165 2.82718734472309e-16
0.297000000000156 -0.597142360125847 -0.0774395357822071 0.785390488322165 2.82718734472309e-16
0.298000000000157 -0.596760782037055 -0.0779199583765258 0.785390488322165 2.82718734472309e-16
0.299000000000158 -0.596355254164328 -0.0783988542184499 0.785390488322165 4.24078101708463e-16
0.300000000000159 -0.595926248128261 -0.0788762173842854 0.785390488322165 2.82718734472309e-16
0.30100000000016 -0.595474249316716 -0.0793520457701253 0.785390488322165 5.65437468944618e-16
0.302000000000161 -0.594999756350862 -0.0798263394007757 0.785390488322165 4.24078101708463e-16
0.303000000000162 -0.59450328088503 -0.0802991002468669 0.785390488322165 5.65437468944618e-16
0.304000000000163 -0.593985347046015 -0.0807703334593308 0.785390488322165 2.82718734472309e-16
0.305000000000164 -0.593446491176829 -0.0812400457329341 0.785390488322165 2.82718734472309e-16
0.306000000000165 -0.592887261984368 -0.081708247156635 0.785390488322165 4.24078101708463e-16
0.307000000000166 -0.592308220524458 -0.0821749501329558 0.785390488322165 2.82718734472309e-16
0.308000000000167 -0.591709940741428 -0.0826401694387873 0.785390488322165 4.24078101708463e-16
0.309000000000168 -0.591093010415813 -0.0831039231332389 0.785390488322165 4.24078101708463e-16
0.310000000000169 -0.590458032062994 -0.0835662324020876 0.785390488322165 4.24078101708463e-16
0.31100000000017 -0.589805624112593 -0.0840271216094122 0.785390488322165 5.65437468944618e-16
0.312000000000171 -0.589136422356507 -0.0844866176586225 0.785390488322165 4.24078101708463e-16
0.313000000000172 -0.588451080873938 -0.0849447532921732 0.785390488322165 2.82718734472309e-16
0.314000000000173 -0.587750273218784 -0.0854015641522083 0.785390488322165 4.24078101708463e-16
0.315000000000174 -0.587034692796767 -0.0858570890852057 0.785390488322165 2.82718734472309e-16
0.316000000000175 -0.586305053163807 -0.0863113729845135 0.785390488322165 2.82718734472309e-16
0.317000000000176 -0.585562087683297 -0.0867644642149528 0.785390488322165 2.82718734472309e-16
0.318000000000177 -0.584806548534214 -0.0872164153103054 0.785390488322165 4.24078101708463e-16
0.319000000000178 -0.584039205527661 -0.0876672836845256 0.785390488322165 4.24078101708463e-16
0.320000000000179 -0.583260844565977 -0.0881171303007426 0.785390488322165 4.24078101708463e-16
0.32100000000018 -0.582472265872346 -0.0885660203682401 0.785390488322165 4.24078101708463e-16
0.322000000000181 -0.581674282329162 -0.089014022741525 0.785390488322165 2.82718734472309e-16
0.323000000000182 -0.580867718356952 -0.0894612105576484 0.785390488322165 2.82718734472309e-16
0.324000000000183 -0.580053409056124 -0.0899076597572495 0.785390488322165 2.82718734472309e-16
0.325000000000184 -0.579232200224805 -0.0903534506521224 0.785390488322165 2.82718734472309e-16
0.326000000000185 -0.578404948974852 -0.0907986667363141 0.785390488322165 2.82718734472309e-16
0.327000000000186 -0.577572525514272 -0.091243396473085 0.785390488322165 4.24078101708463e-16
0.328000000000187 -0.576735815353754 -0.0916877324995655 0.785390488322165 4.24078101708463e-16
0.329000000000188 -0.575895722161292 -0.0921317723609003 0.785390488322165 4.24078101708463e-16
0.330000000000189 -0.575053171465768 -0.0925756195571319 0.785390488322165 5.65437468944618e-16
0.33100000000019 -0.574209113663134 -0.0930193837993429 0.785390488322165 4.24078101708463e-16
0.332000000000191 -0.573364527497587 -0.0934631823163667 0.785390488322165 4.24078101708463e-16
0.333000000000192 -0.572520422657863 -0.0939071384146082 0.785390488322165 4.24078101708463e-16
0.334000000000193 -0.57167784159369 -0.0943513851938573 0.785390488322165 5.65437468944618e-16
0.335000000000194 -0.570837860175256 -0.0947960629246738 0.785390488322165 5.65437468944618e-16
0.336000000000195 -0.57000158723603 -0.0952413202124829 0.785390488322165 5.65437468944618e-16
0.337000000000196 -0.569170162577697 -0.0956873145790005 0.785390488322165 5.65437468944618e-16
0.338000000000197 -0.568344753517119 -0.096134211091792 0.785390488322165 4.24078101708463e-16
0.339000000000198 -0.567526550724537 -0.0965821824665332 0.785390488322165 4.24078101708463e-16
0.340000000000199 -0.566716762695291 -0.0970314075521097 0.785390488322165 4.24078101708463e-16
0.3410000000002 -0.565916609582949 -0.0974820716231721 0.785390488322165 5.65437468944618e-16
0.342000000000201 -0.565127317549885 -0.0979343651715696 0.785390488322165 5.65437468944618e-16
0.343000000000202 -0.564350112811919 -0.0983884825419568 0.785390488322165 4.24078101708463e-16
0.344000000000203 -0.563586217158202 -0.0988446214920868 0.785390488322165 2.82718734472309e-16
0.345000000000204 -0.562836845158477 -0.0993029828330101 0.785390488322165 2.82718734472309e-16
0.346000000000205 -0.562103203108943 -0.0997637703513314 0.785390488322165 4.24078101708463e-16
0.347000000000206 -0.561386491000752 -0.100227190764227 0.785390488322165 2.82718734472309e-16
0.348000000000207 -0.560687907129894 -0.100693455641123 0.785390488322165 5.65437468944618e-16
0.349000000000208 -0.560008655858047 -0.101162780879393 0.785390488322165 5.65437468944618e-16
0.350000000000209 -0.559349957945884 -0.10163538924663 0.785390488322165 5.65437468944618e-16
0.35100000000021 -0.558713063441575 -0.102111513841711 0.785390488322165 5.65437468944618e-16
0.352000000000211 -0.558099266154922 -0.102591398474656 0.785390488322165 4.24078101708463e-16
0.353000000000212 -0.55750991856044 -0.103075301730584 0.785390488322165 5.65437468944618e-16
0.354000000000213 -0.556946446221522 -0.103563500672516 0.785390488322165 5.65437468944618e-16
0.355000000000214 -0.55641035972949 -0.104056290433878 0.785390488322165 5.65437468944618e-16
0.356000000000215 -0.555903263092901 -0.104553988935481 0.785390488322165 2.82718734472309e-16
0.357000000000216 -0.555426856994 -0.105056935642343 0.785390488322165 2.82718734472309e-16
0.358000000000217 -0.554982935262062 -0.105565494102044 0.785390488322165 5.65437468944618e-16
0.359000000000218 -0.554573373633747 -0.106080047585791 0.785390488322165 2.82718734472309e-16
0.360000000000219 -0.554200110563498 -0.106600998985162 0.785390488322165 4.24078101708463e-16
0.36100000000022 -0.553865119310187 -0.107128764775212 0.785390488322165 2.82718734472309e-16
0.362000000000221 -0.553570372220992 -0.107663769987762 0.785390488322165 4.24078101708463e-16
0.363000000000222 -0.553317798091138 -0.108206440568303 0.785390488322165 2.82718734472309e-16
0.364000000000223 -0.553109234263152 -0.108757196308429 0.785390488322165 5.65437468944618e-16
0.365000000000224 -0.552946375652851 -0.109316439380583 0.785390488322165 1.41359367236154e-16
0.366000000000225 -0.552830723091105 -0.109884546662166 0.785390488322165 5.65437468944618e-16
0.367000000000226 -0.552763533819698 -0.110461860680958 0.785390488322165 4.24078101708463e-16
0.368000000000227 -0.55274577702872 -0.111048678296656 0.785390488322165 5.65437468944618e-16
0.369000000000228 -0.5527780967016 -0.111645246005429 0.785390488322165 5.65437468944618e-16
0.370000000000229 -0.552860784387958 -0.1122517505924 0.785390488322165 5.65437468944618e-16
0.37100000000023 -0.552993763692953 -0.112868317735724 0.785390488322165 2.82718734472309e-16
0.372000000000231 -0.5531765872986 -0.113495006651776 0.785390488322165 5.65437468944618e-16
0.373000000000232 -0.553408447261777 -0.114131812277344 0.785390488322165 2.82718734472309e-16
0.374000000000233 -0.553688198274044 -0.11477866673445 0.785390488322165 5.65437468944618e-16
0.375000000000234 -0.55401439271513 -0.115435444272929 0.785390488322165 4.24078101708463e-16
0.376000000000235 -0.554385325702514 -0.116101967805386 0.785390488322165 5.65437468944618e-16
0.377000000000236 -0.554799088419475 -0.116778016181463 0.785390488322165 5.65437468944618e-16
0.378000000000237 -0.555253626583683 -0.117463335164978 0.785390488322165 2.82718734472309e-16
0.379000000000238 -0.555746801549621 -0.11815764793418 0.785390488322165 5.65437468944618e-16
0.380000000000239 -0.556276451378732 -0.118860663877756 0.785390488322165 2.82718734472309e-16
0.38100000000024 -0.556840448658829 -0.119572091083404 0.785390488322165 1.41359367236154e-16
0.382000000000241 -0.557436753487476 -0.120291645828565 0.785390488322165 4.24078101708463e-16
0.383000000000242 -0.55806345913166 -0.121019059973058 0.785390488322165 4.24078101708463e-16
0.384000000000243 -0.558718829029095 -0.121754091056258 0.785390488322165 2.82718734472309e-16
0.385000000000244 -0.559401324380175 -0.122496525696139 0.785390488322165 2.82718734472309e-16
0.386000000000245 -0.560109622073149 -0.123246186207469 0.785390488322165 4.24078101708463e-16
0.387000000000246 -0.560842622824669 -0.124002931846299 0.785390488322165 4.24078101708463e-16
0.388000000000247 -0.561599450754061 -0.124766660194033 0.785390488322165 2.82718734472309e-16
0.389000000000248 -0.562379444798969 -0.125537306757422 0.785390488322165 4.24078101708463e-16
0.390000000000249 -0.56318214377607 -0.126314843687093 0.785390488322165 2.82718734472309e-16
0.39100000000025 -0.564007266623285 -0.12709927527416 0.785390488322165 2.82718734472309e-16
0.392000000000251 -0.564854688860816 -0.127890637556038 0.785390488322165 2.82718734472309e-16
0.393000000000252 -0.565724417480236 -0.128688990505619 0.785390488322165 2.82718734472309e-16
0.394000000000253 -0.566616564885287 -0.129494416320692 0.785390488322165 2.82718734472309e-16
0.395000000000254 -0.567531324108005 -0.130307013568615 0.785390488322165 4.24078101708463e-16
0.396000000000255 -0.568468945152635 -0.131126894029403 0.785390488322165 4.24078101708463e-16
0.397000000000256 -0.569429714286798 -0.131954178026787 0.785390488322165 2.82718734472309e-16
0.398000000000257 -0.570413935689103 -0.132788991186759 0.785390488322165 2.82718734472309e-16
0.399000000000258 -0.571421917038949 -0.133631461681823 0.785390488322165 1.41359367236154e-16
0.400000000000259 -0.572453957566283 -0.134481718389675 0.785390488322165 4.24078101708463e-16
0.40100000000026 -0.573510339848745 -0.135339886704009 0.785390488322165 1.41359367236154e-16
0.402000000000261 -0.57459132393892 -0.136206091675636 0.785390488322165 2.82718734472309e-16
0.403000000000262 -0.575697144391292 -0.137080452152764 0.785390488322165 1.41359367236154e-16
0.404000000000263 -0.576828008884931 -0.137963084280347 0.785390488322165 1.41359367236154e-16
0.405000000000264 -0.57798409881779 -0.138854099102016 0.785390488322165 1.41359367236154e-16
0.406000000000265 -0.579165570735309 -0.139753604211278 0.785390488322165 2.82718734472309e-16
0.407000000000266 -0.580372558736242 -0.140661702891148 0.785390488322165 NaN
0.408000000000267 -0.581605176973039 -0.141578495090111 0.785390488322165 1.41359367236154e-16
0.409000000000268 -0.582863522669946 -0.142504077746485 0.785390488322165 2.82718734472309e-16
0.410000000000269 -0.58414767858824 -0.143438545622143 0.785390488322165 1.41359367236154e-16
0.41100000000027 -0.58545771546928 -0.144381991529962 0.785390488322165 2.82718734472309e-16
0.412000000000271 -0.586793693966831 -0.145334506081661 0.785390488322165 2.82718734472309e-16
0.413000000000272 -0.588155666121091 -0.146296178730136 0.785390488322165 1.41359367236154e-16
0.414000000000273 -0.589543676659234 -0.147267098354213 0.785390488322165 2.82718734472309e-16
0.415000000000274 -0.590957763335814 -0.148247351179025 0.785390488322165 2.82718734472309e-16
0.416000000000275 -0.592397957631068 -0.149237024387609 0.785390488322165 2.82718734472309e-16
0.417000000000276 -0.593864284291435 -0.150236202479657 0.785390488322165 2.82718734472309e-16
0.418000000000277 -0.595356761527787 -0.151244969579925 0.785390488322165 2.82718734472309e-16
0.419000000000278 -0.596875400305811 -0.152263408562642 0.785390488322165 4.24078101708463e-16
0.420000000000279 -0.59842020400079 -0.153291600727834 0.785390488322165 2.82718734472309e-16
0.42100000000028 -0.59999116769832 -0.154329625846827 0.785390488322165 2.82718734472309e-16
0.422000000000281 -0.601588277604829 -0.155377561597662 0.785390488322165 1.41359367236154e-16
0.423000000000282 -0.603211510545785 -0.156435484290248 0.785390488322165 4.24078101708463e-16
0.424000000000283 -0.604860833364462 -0.157503468193304 0.785390488322165 4.24078101708463e-16
0.425000000000284 -0.606536202448927 -0.158581584767605 0.785390488322165 1.41359367236154e-16
0.426000000000285 -0.608237563303092 -0.159669903123502 0.785390488322165 2.82718734472309e-16
0.427000000000286 -0.609964850138599 -0.160768490153016 0.785390488322165 4.24078101708463e-16
0.428000000000287 -0.611717985685058 -0.161877410392445 0.785390488322165 2.82718734472309e-16
0.429000000000288 -0.613496880870649 -0.162996724332372 0.785390488322165 5.65437468944618e-16
0.430000000000289 -0.615301434495072 -0.164126490632075 0.785390488322165 5.65437468944618e-16
0.43100000000029 -0.61713153334698 -0.165266764388652 0.785390488322165 2.82718734472309e-16
0.432000000000291 -0.618987051739927 -0.166417597849392 0.785390488322165 2.82718734472309e-16
0.433000000000292 -0.620867851724187 -0.167579039868036 0.785390488322165 2.82718734472309e-16
0.434000000000293 -0.622773782672956 -0.16875113588712 0.785390488322165 4.24078101708463e-16
0.435000000000294 -0.624704681360276 -0.169933927905485 0.785390488322165 2.82718734472309e-16
0.436000000000295 -0.626660371904622 -0.171127454490104 0.785390488322165 5.65437468944618e-16
0.437000000000296 -0.628640665565381 -0.172331750662609 0.785390488322165 5.65437468944618e-16
0.438000000000297 -0.630645360633912 -0.173546847538639 0.785390488322165 4.24078101708463e-16
0.439000000000298 -0.632674242471065 -0.174772772007284 0.785390488322165 1.41359367236154e-16
0.440000000000299 -0.634727083402971 -0.176009548414203 0.785390488322165 2.82718734472309e-16
0.4410000000003 -0.63680364251308 -0.177257195515967 0.785390488322165 4.24078101708463e-16
0.442000000000301 -0.638903665733833 -0.178515728801196 0.785390488322165 4.24078101708463e-16
0.443000000000302 -0.641026885592744 -0.179785158961277 0.785390488322165 4.24078101708463e-16
0.444000000000303 -0.643173021347184 -0.181065493838532 0.785390488322165 5.65437468944618e-16
0.445000000000304 -0.645341778749051 -0.182356735239726 0.785390488322165 2.82718734472309e-16
0.446000000000305 -0.647532850121058 -0.183658881371196 0.785390488322165 2.82718734472309e-16
0.447000000000306 -0.649745914104294 -0.184971925597665 0.785390488322165 5.65437468944618e-16
0.448000000000307 -0.651980635690766 -0.186295856966244 0.785390488322165 4.24078101708463e-16
0.449000000000308 -0.654236666122983 -0.187630658773909 0.785390488322165 5.65437468944618e-16
0.450000000000309 -0.656513642698728 -0.188976311186793 0.785390488322165 4.24078101708463e-16
0.45100000000031 -0.658811188626746 -0.190332787640973 0.785390488322165 5.65437468944618e-16
0.452000000000311 -0.661128912939734 -0.191700057541919 0.785390488322165 2.82718734472309e-16
0.453000000000312 -0.66346641025515 -0.193078084312098 0.785390488322165 2.82718734472309e-16
0.454000000000313 -0.665823260659053 -0.194466826744847 0.785390488322165 2.82718734472309e-16
0.455000000000314 -0.668199029585676 -0.195866237803823 0.785390488322165 5.65437468944618e-16
0.456000000000315 -0.670593267604582 -0.197276264951561 0.785390488322165 4.24078101708463e-16
0.457000000000316 -0.673005510471587 -0.198696849743183 0.785390488322165 4.24078101708463e-16
0.458000000000317 -0.675435279030575 -0.200127928616389 0.785390488322165 2.82718734472309e-16
0.459000000000318 -0.677882079150123 -0.201569431048046 0.785390488322165 2.82718734472309e-16
0.460000000000319 -0.680345401793019 -0.203021282144543 0.785390488322165 1.41359367236154e-16
0.46100000000032 -0.682824723188187 -0.20448340001917 0.785390488322165 2.82718734472309e-16
0.462000000000321 -0.685319504710591 -0.205955695928333 0.785390488322165 2.82718734472309e-16
0.463000000000322 -0.687829193067257 -0.207438076900647 0.785390488322165 2.82718734472309e-16
0.464000000000323 -0.690353220253257 -0.208930442840201 0.785390488322165 2.82718734472309e-16
0.465000000000324 -0.692891003736186 -0.210432687254559 0.785390488322165 4.24078101708463e-16
0.466000000000325 -0.695441946159754 -0.211944697283002 0.785390488322165 1.41359367236154e-16
0.467000000000326 -0.698005435387408 -0.213466353909499 0.785390488322165 2.82718734472309e-16
0.468000000000327 -0.700580844447281 -0.21499753133856 0.785390488322165 2.82718734472309e-16
0.469000000000328 -0.703167531250891 -0.216538097375121 0.785390488322165 2.82718734472309e-16
0.470000000000329 -0.705764838420455 -0.218087912776565 0.785390488322165 4.24078101708463e-16
0.47100000000033 -0.70837209328427 -0.219646831317156 0.785390488322165 2.82718734472309e-16
0.472000000000331 -0.71098860755272 -0.221214699991621 0.785390488322165 4.24078101708463e-16
0.473000000000332 -0.713613677453433 -0.222791359114276 0.785390488322165 2.82718734472309e-16
0.474000000000333 -0.716246583777467 -0.224376640504262 0.785390488322165 2.82718734472309e-16
0.475000000000334 -0.7188865918686 -0.225970370747435 0.785390488322165 5.65437468944618e-16
0.476000000000335 -0.721532952013 -0.227572367177701 0.785390488322165 2.82718734472309e-16
0.477000000000336 -0.72418489984768 -0.229182441437489 0.785390488322165 2.82718734472309e-16
0.478000000000337 -0.726841656511986 -0.230800397763928 0.785390488322165 2.82718734472309e-16
0.479000000000338 -0.729502429394659 -0.232426033024724 0.785390488322165 2.82718734472309e-16
0.480000000000339 -0.73216641220997 -0.23405913698278 0.785390488322165 2.82718734472309e-16
0.48100000000034 -0.734832785740974 -0.235699492568172 0.785390488322165 2.82718734472309e-16
0.482000000000341 -0.737500717816175 -0.237346875964073 0.785390488322165 2.82718734472309e-16
0.483000000000342 -0.740169363518325 -0.239001056180292 0.785390488322165 NaN
0.484000000000343 -0.742837865305896 -0.240661795249168 0.785390488322165 4.24078101708463e-16
0.485000000000344 -0.745505352786029 -0.242328847866036 0.785390488322165 2.82718734472309e-16
0.486000000000345 -0.748170942493168 -0.244001961343898 0.785390488322165 2.82718734472309e-16
0.487000000000346 -0.750833737523795 -0.245680876270031 0.785390488322165 2.82718734472309e-16
0.488000000000347 -0.753492827276457 -0.247365325034919 0.785390488322165 2.82718734472309e-16
0.489000000000348 -0.756147287064168 -0.249055032891034 0.785390488322165 2.82718734472309e-16
0.490000000000349 -0.758796177945289 -0.250749716791873 0.785390488322165 4.24078101708463e-16
0.49100000000035 -0.761438546632606 -0.252449086337851 0.785390488322165 5.65437468944618e-16
0.492000000000351 -0.764073425845501 -0.254152843478467 0.785390488322165 2.82718734472309e-16
0.493000000000352 -0.766699834531858 -0.255860681555364 0.785390488322165 5.65437468944618e-16
0.494000000000353 -0.769316778790508 -0.257572287690539 0.785390488322165 2.82718734472309e-16
0.495000000000354 -0.771923252877537 -0.259287340437974 0.785390488322165 5.65437468944618e-16
0.496000000000355 -0.774518240214848 -0.261005512696621 0.785390488322165 7.06796836180772e-16
0.497000000000356 -0.777100714910809 -0.262726469527455 0.785390488322165 5.65437468944618e-16
0.498000000000357 -0.779669643145773 -0.264449870293583 0.785390488322165 5.65437468944618e-16
0.499000000000358 -0.782223984301568 -0.266175368625845 0.785390488322165 5.65437468944618e-16
0.500000000000359 -0.784762692382364 -0.267902611996705 0.785390488322165 5.65437468944618e-16
0.501000000000355 -0.787284716737201 -0.269631243391583 0.785390488322165 4.24078101708463e-16
0.50200000000035 -0.789789002722976 -0.271360899647402 0.785390488322165 4.24078101708463e-16
0.503000000000346 -0.792274491869065 -0.273091212724599 0.785390488322165 7.06796836180772e-16
0.504000000000341 -0.794740121621457 -0.274821810105555 0.785390488322165 5.65437468944618e-16
0.505000000000337 -0.797184824895933 -0.276552312751249 0.785390488322165 4.24078101708463e-16
0.506000000000332 -0.799607529184174 -0.278282337344578 0.785390488322165 5.65437468944618e-16
0.507000000000327 -0.802007155656323 -0.280011493365759 0.785390488322165 5.65437468944618e-16
0.508000000000323 -0.804382618050459 -0.281739385818358 0.785390488322165 5.65437468944618e-16
0.509000000000318 -0.806732821998889 -0.283465612079297 0.785390488322165 4.24078101708463e-16
0.510000000000314 -0.809056664444324 -0.285189763676952 0.785390488322165 5.65437468944618e-16
0.511000000000309 -0.811353033683082 -0.286911425747367 0.785390488322165 5.65437468944618e-16
0.512000000000305 -0.813620809946601 -0.288630177518949 0.785390488322165 5.65437468944618e-16
0.5130000000003 -0.815858866767453 -0.290345591628429 0.785390488322165 4.24078101708463e-16
0.514000000000296 -0.818066072924994 -0.292057236878518 0.785390488322165 5.65437468944618e-16
0.515000000000291 -0.820241295247977 -0.293764677217614 0.785390488322165 2.82718734472309e-16
0.516000000000286 -0.822383401987903 -0.295467472605687 0.785390488322165 5.65437468944618e-16
0.517000000000282 -0.824491266516437 -0.297165182551711 0.785390488322165 4.24078101708463e-16
0.518000000000277 -0.826563771650463 -0.29885736497172 0.785390488322165 5.65437468944618e-16
0.519000000000273 -0.828599813462205 -0.300543578216161 0.785390488322165 5.65437468944618e-16
0.520000000000268 -0.830598305381661 -0.302223382316992 0.785390488322165 2.82718734472309e-16
0.521000000000264 -0.83255818153431 -0.303896340977656 0.785390488322165 5.65437468944618e-16
0.522000000000259 -0.834478399445524 -0.305562021623122 0.785390488322165 5.65437468944618e-16
0.523000000000255 -0.836357941885693 -0.307219994705864 0.785390488322165 5.65437468944618e-16
0.52400000000025 -0.838195817711041 -0.308869837176929 0.785390488322165 4.24078101708463e-16
0.525000000000245 -0.839991061704549 -0.310511130362251 0.785390488322165 7.06796836180772e-16
0.526000000000241 -0.841742733133652 -0.312143459830151 0.785390488322165 5.65437468944618e-16
0.527000000000236 -0.84344991386196 -0.313766414857873 0.785390488322165 5.65437468944618e-16
0.528000000000232 -0.845111705390174 -0.315379588956803 0.785390488322165 5.65437468944618e-16
0.529000000000227 -0.846727225785974 -0.316982577908907 0.785390488322165 5.65437468944618e-16
0.530000000000223 -0.84829560657073 -0.318574978815959 0.785390488322165 7.06796836180772e-16
0.531000000000218 -0.849815989887272 -0.320156390187363 0.785390488322165 4.24078101708463e-16
0.532000000000214 -0.851287526572541 -0.321726410725708 0.785390488322165 4.24078101708463e-16
0.533000000000209 -0.852709375771683 -0.323284640125159 0.785390488322165 5.65437468944618e-16
0.534000000000205 -0.854080705875269 -0.324830679119406 0.785390488322165 4.24078101708463e-16
0.5350000000002 -0.855400697962775 -0.32636413030132 0.785390488322165 5.65437468944618e-16
0.536000000000195 -0.856668551416428 -0.327884601471493 0.785390488322165 5.65437468944618e-16
0.537000000000191 -0.857883492146803 -0.329391706739631 0.785390488322165 5.65437468944618e-16
0.538000000000186 -0.859044783656609 -0.330885071339706 0.785390488322165 4.24078101708463e-16
0.539000000000182 -0.860151740568227 -0.33236433568265 0.785390488322165 5.65437468944618e-16
0.540000000000177 -0.861203744459056 -0.333829161210308 0.785390488322165 5.65437468944618e-16
0.541000000000173 -0.862200262079121 -0.335279234814915 0.785390488322165 5.65437468944618e-16
0.542000000000168 -0.863140864578314 -0.336714277364535 0.785390488322165 4.24078101708463e-16
0.543000000000164 -0.864025247872342 -0.338134049248813 0.785390488322165 5.65437468944618e-16
0.544000000000159 -0.864853252783542 -0.339538356776115 0.785390488322165 5.65437468944618e-16
0.545000000000154 -0.865624884647486 -0.340927060653244 0.785390488322165 5.65437468944618e-16
0.54600000000015 -0.866340330624491 -0.342300078859133 0.785390488322165 5.65437468944618e-16
0.547000000000145 -0.86699997456512 -0.343657396151785 0.785390488322165 5.65437468944618e-16
0.548000000000141 -0.867604408214547 -0.344999063870964 0.785390488322165 7.06796836180772e-16
0.549000000000136 -0.868154437526705 -0.346325205532995 0.785390488322165 5.65437468944618e-16
0.550000000000132 -0.868651084058888 -0.347636016279905 0.785390488322165 5.65437468944618e-16
0.551000000000127 -0.869095580512131 -0.348931762221041 0.785390488322165 4.24078101708463e-16
0.552000000000123 -0.869489360075408 -0.350212778516865 0.785390488322165 5.65437468944618e-16
0.553000000000118 -0.86983403972018 -0.351479463646416 0.785390488322165 5.65437468944618e-16
0.554000000000114 -0.870131397618655 -0.352732271799425 0.785390488322165 4.24078101708463e-16
0.555000000000109 -0.870383345101199 -0.35397170670229 0.785390488322165 5.65437468944618e-16
0.556000000000104 -0.87059189365303 -0.355198307184193 0.785390488322165 2.82718734472309e-16
0.5570000000001 -0.870759118752126 -0.35641264050779 0.785390488322165 5.65437468944618e-16
0.558000000000095 -0.87088712043206 -0.357615285338404 0.785390488322165 8.48156203416927e-16
0.559000000000091 -0.870977983238799 -0.358806820707458 0.785390488322165 5.65437468944618e-16
0.560000000000086 -0.871033735917354 -0.359987812462919 0.785390488322165 5.65437468944618e-16
0.561000000000082 -0.871056312701236 -0.361158800307511 0.785390488322165 5.65437468944618e-16
0.562000000000077 -0.871047517817217 -0.362320284852914 0.785390488322165 5.65437468944618e-16
0.563000000000073 -0.871008993470271 -0.363472717430149 0.785390488322165 5.65437468944618e-16
0.564000000000068 -0.870942193854552 -0.364616491314228 0.785390488322165 5.65437468944618e-16
0.565000000000063 -0.870848364273629 -0.365751932794693 0.785390488322165 5.65437468944618e-16
0.566000000000059 -0.870728527511645 -0.366879296905151 0.785390488322165 5.65437468944618e-16
0.567000000000054 -0.870583476677357 -0.367998764129707 0.785390488322165 5.65437468944618e-16
0.56800000000005 -0.870413774920863 -0.369110440151283 0.785390488322165 5.65437468944618e-16
0.569000000000045 -0.870219761718939 -0.370214355795432 0.785390488322165 5.65437468944618e-16
0.570000000000041 -0.870001564952209 -0.371310472104844 0.785390488322165 7.06796836180772e-16
0.571000000000036 -0.869759118471048 -0.372398684573211 0.785390488322165 5.65437468944618e-16
0.572000000000032 -0.869492183538907 -0.373478829698976 0.785390488322165 5.65437468944618e-16
0.573000000000027 -0.869200373722155 -0.374550694163068 0.785390488322165 5.65437468944618e-16
0.574000000000022 -0.868883181735959 -0.375614021897569 0.785390488322165 5.65437468944618e-16
0.575000000000018 -0.868540007222829 -0.376668525034321 0.785390488322165 5.65437468944618e-16
0.576000000000013 -0.868170184525853 -0.377713890942608 0.785390488322165 5.65437468944618e-16
0.577000000000009 -0.86777300928679 -0.378749794227925 0.785390488322165 7.06796836180772e-16
0.578000000000004 -0.867347763257401 -0.379775901703173 0.785390488322165 5.65437468944618e-16
0.579 -0.866893736325421 -0.380791882446701 0.785390488322165 5.65437468944618e-16
0.579999999999995 -0.86641024583197 -0.381797414187079 0.785390488322165 5.65437468944618e-16
0.580999999999991 -0.865896652111855 -0.382792187510878 0.785390488322165 5.65437468944618e-16
0.581999999999986 -0.865352370900154 -0.383775911737983 0.785390488322165 5.65437468944618e-16
0.582999999999982 -0.864776882107917 -0.38474831747799 0.785390488322165 5.65437468944618e-16
0.583999999999977 -0.864169735461413 -0.385709158854261 0.785390488322165 7.06796836180772e-16
0.584999999999972 -0.863530552965218 -0.386658215101711 0.785390488322165 7.06796836180772e-16
0.585999999999968 -0.862859029061649 -0.387595289629322 0.785390488322165 8.48156203416927e-16
0.586999999999963 -0.862154928434999 -0.388520210935849 0.785390488322165 7.06796836180772e-16
0.587999999999959 -0.86141808236705 -0.38943283034839 0.785390488322165 7.06796836180772e-16
0.588999999999954 -0.860648383562949 -0.390333021355421 0.785390488322165 7.06796836180772e-16
0.58999999999995 -0.859845780661703 -0.391220676008507 0.785390488322165 5.65437468944618e-16
0.590999999999945 -0.859010272162249 -0.392095705795568 0.785390488322165 8.48156203416927e-16
0.591999999999941 -0.858141900273757 -0.392958037196587 0.785390488322165 8.48156203416927e-16
0.592999999999936 -0.857240745229899 -0.393807610306421 0.785390488322165 8.48156203416927e-16
0.593999999999931 -0.856306920058424 -0.394644378160903 0.785390488322165 8.48156203416927e-16
0.594999999999927 -0.855340565931649 -0.395468303709469 0.785390488322165 5.65437468944618e-16
0.595999999999922 -0.85434184842144 -0.39627935912482 0.785390488322164 9.89515570653082e-16
0.596999999999918 -0.85331095426015 -0.397077525549644 0.785390488322165 8.48156203416927e-16
0.597999999999913 -0.852248089026348 -0.39786279069466 0.785390488322165 8.48156203416927e-16
0.598999999999909 -0.851153475638641 -0.398635149920476 0.785390488322165 7.06796836180772e-16
0.599999999999904 -0.850027353011197 -0.399394604192116 0.785390488322165 8.48156203416927e-16
0.6009999999999 -0.84886997586668 -0.400141162732071 0.785390488322165 5.65437468944618e-16
0.601999999999895 -0.847681614264031 -0.400874839578597 0.785390488322165 7.06796836180772e-16
0.602999999999891 -0.846462554128944 -0.40159565651625 0.785390488322165 8.48156203416927e-16
0.603999999999886 -0.845213097300668 -0.402303641705525 0.785390488322165 7.06796836180772e-16
0.604999999999881 -0.843933562241674 -0.402998830372513 0.785390488322165 8.48156203416927e-16
0.605999999999877 -0.842624284486641 -0.403681265860045 0.785390488322165 7.06796836180772e-16
0.606999999999872 -0.841285617317198 -0.404350998708856 0.785390488322165 8.48156203416927e-16
0.607999999999868 -0.839917932048784 -0.405008087475756 0.785390488322165 7.06796836180772e-16
0.608999999999863 -0.838521618580931 -0.405652599077436 0.785390488322165 7.06796836180772e-16
0.609999999999859 -0.837097085476406 -0.406284608569378 0.785390488322165 5.65437468944618e-16
0.610999999999854 -0.83564476038257 -0.406904199594722 0.785390488322165 5.65437468944618e-16
0.61199999999985 -0.834165089844994 -0.407511464804972 0.785390488322165 5.65437468944618e-16
0.612999999999845 -0.832658539493172 -0.408106505071297 0.785390488322165 7.06796836180772e-16
0.61399999999984 -0.831125593743676 -0.408689429929439 0.785390488322165 5.65437468944618e-16
0.614999999999836 -0.829566755641482 -0.409260358217659 0.785390488322165 5.65437468944618e-16
0.615999999999831 -0.827982546592272 -0.409819416548854 0.785390488322165 5.65437468944618e-16
0.616999999999827 -0.826373506088287 -0.410366741079224 0.785390488322165 7.06796836180772e-16
0.617999999999822 -0.824740191446136 -0.41090247533962 0.785390488322165 8.48156203416927e-16
0.618999999999818 -0.823083177519184 -0.411426773111442 0.785390488322165 5.65437468944618e-16
0.619999999999813 -0.821403056200795 -0.411939794589149 0.785390488322165 7.06796836180772e-16
0.620999999999809 -0.819700436395048 -0.412441710699435 0.785390488322165 8.48156203416927e-16
0.621999999999804 -0.817975943467445 -0.412932698609796 0.785390488322165 7.06796836180772e-16
0.622999999999799 -0.816230219446306 -0.413412945111006 0.785390488322165 8.48156203416927e-16
0.623999999999795 -0.814463922225746 -0.413882645398106 0.785390488322165 5.65437468944618e-16
0.62499999999979 -0.812677725904787 -0.414342002339363 0.785390488322165 7.06796836180772e-16
0.625999999999786 -0.810872320227864 -0.414791227822947 0.785390488322165 5.65437468944618e-16
0.626999999999781 -0.809048410597447 -0.415230541585711 0.785390488322165 8.48156203416927e-16
0.627999999999777 -0.807206717789349 -0.415660171652087 0.785390488322165 7.06796836180772e-16
0.628999999999772 -0.805347977887311 -0.416080355179406 0.785390488322165 8.48156203416927e-16
0.629999999999768 -0.803472942093549 -0.41649133711514 0.785390488322165 8.48156203416927e-16
0.630999999999763 -0.801582376439248 -0.416893370513889 0.785390488322165 8.48156203416927e-16
0.631999999999759 -0.799677061563863 -0.417286717518732 0.785390488322165 7.06796836180772e-16
0.632999999999754 -0.797757792576673 -0.417671647681093 0.785390488322165 7.06796836180772e-16
0.633999999999749 -0.795825378727635 -0.418048439735411 0.785390488322165 5.65437468944618e-16
0.634999999999745 -0.793880643098504 -0.418417379824787 0.785390488322165 8.48156203416927e-16
0.63599999999974 -0.791924422455842 -0.41877876313342 0.785390488322165 7.06796836180772e-16
0.636999999999736 -0.789957566794622 -0.419132892022858 0.785390488322165 4.24078101708463e-16
0.637999999999731 -0.787980939179039 -0.419480078119766 0.785390488322165 5.65437468944618e-16
0.638999999999727 -0.785995415526485 -0.419820640338052 0.785390488322165 7.06796836180772e-16
0.639999999999722 -0.784001884034764 -0.420154905545975 0.785390488322165 7.06796836180772e-16
0.640999999999718 -0.782001245175727 -0.42048320937266 0.785390488322165 7.06796836180772e-16
0.641999999999713 -0.779994411327723 -0.420805894307776 0.785390488322165 5.65437468944618e-16
0.642999999999708 -0.77798230644765 -0.421123311612211 0.785390488322165 7.06796836180772e-16
0.643999999999704 -0.775965865843081 -0.4214358206146 0.785390488322165 8.48156203416927e-16
0.644999999999699 -0.773946035763457 -0.421743787569213 0.785390488322165 7.06796836180772e-16
0.645999999999695 -0.771923773046289 -0.422047586535105 0.785390488322165 5.65437468944618e-16
0.64699999999969 -0.769900044779101 -0.422347599951116 0.785390488322165 7.06796836180772e-16
0.647999999999686 -0.767875827798954 -0.422644216923571 0.785390488322165 5.65437468944618e-16
0.648999999999681 -0.76585210819439 -0.422937834805153 0.785390488322165 5.65437468944618e-16
0.649999999999677 -0.763829880712835 -0.423228857371047 0.785390488322165 8.48156203416927e-16
0.650999999999672 -0.761810148240689 -0.423517695771161 0.785390488322165 5.65437468944618e-16
0.651999999999668 -0.759793921090676 -0.423804768247267 0.785390488322165 8.48156203416927e-16
0.652999999999663 -0.757782216453539 -0.424090498991536 0.785390488322165 8.48156203416927e-16
0.653999999999658 -0.755776057648732 -0.424375319036025 0.785390488322165 5.65437468944618e-16
0.654999999999654 -0.753776473519068 -0.424659665550655 0.785390488322165 8.48156203416927e-16
0.655999999999649 -0.751784497793777 -0.42494398127607 0.785390488322165 7.06796836180772e-16
0.656999999999645 -0.749801168521034 -0.425228715422042 0.785390488322165 5.65437468944618e-16
0.65799999999964 -0.747827527406105 -0.425514322686332 0.785390488322165 5.65437468944618e-16
0.658999999999636 -0.745864619388499 -0.425801262162635 0.785390488322164 9.89515570653082e-16
0.659999999999631 -0.743913492335401 -0.426089999684931 0.785390488322165 7.06796836180772e-16
0.660999999999627 -0.741975196110961 -0.426381004896961 0.785390488322165 8.48156203416927e-16
0.661999999999622 -0.740050782657935 -0.426674753662282 0.785390488322165 8.48156203416927e-16
0.662999999999617 -0.738141305142328 -0.426971725448239 0.785390488322165 7.06796836180772e-16
0.663999999999613 -0.736247817667917 -0.427272405673321 0.785390488322165 5.65437468944618e-16
0.664999999999608 -0.734371374470391 -0.42757728310685 0.785390488322165 7.06796836180772e-16
0.665999999999604 -0.732513029438987 -0.427886851437083 0.785390488322165 7.06796836180772e-16
0.666999999999599 -0.730673835117653 -0.428201607557499 0.785390488322165 5.65437468944618e-16
0.667999999999595 -0.72885484186371 -0.428522053112109 0.785390488322165 7.06796836180772e-16
0.66899999999959 -0.727057096718697 -0.428848691161488 0.785390488322165 7.06796836180772e-16
0.669999999999586 -0.72528164233384 -0.429182028478711 0.785390488322165 7.06796836180772e-16
0.670999999999581 -0.7235295156095 -0.429522573463832 0.785390488322165 8.48156203416927e-16
0.671999999999576 -0.72180174629045 -0.429870835686061 0.785390488322165 5.65437468944618e-16
0.672999999999572 -0.720099355820904 -0.430227326110334 0.785390488322165 5.65437468944618e-16
0.673999999999567 -0.718423355826412 -0.430592555054754 0.785390488322165 7.06796836180772e-16
0.674999999999563 -0.716774746895096 -0.430967032827929 0.785390488322165 4.24078101708463e-16
0.675999999999558 -0.715154517581362 -0.431351268994778 0.785390488322165 8.48156203416927e-16
0.676999999999554 -0.713563643070649 -0.43174577135125 0.785390488322165 5.65437468944618e-16
0.677999999999549 -0.712003084642614 -0.432151045550096 0.785390488322165 5.65437468944618e-16
0.678999999999545 -0.710473788892434 -0.432567595744604 0.785390488322165 5.65437468944618e-16
0.67999999999954 -0.708976686975665 -0.432995923105076 0.785390488322165 8.48156203416927e-16
0.680999999999536 -0.707512694382469 -0.43343652559176 0.785390488322165 8.48156203416927e-16
0.681999999999531 -0.706082710390912 -0.433889899721452 0.785390488322165 7.06796836180772e-16
0.682999999999526 -0.704687617761548 -0.43435653679522 0.785390488322165 7.06796836180772e-16
0.683999999999522 -0.703328282074851 -0.43483692636114 0.785390488322165 7.06796836180772e-16
0.684999999999517 -0.702005551022967 -0.435331553597609 0.785390488322165 5.65437468944618e-16
0.685999999999513 -0.700720253796015 -0.435840898733826 0.785390488322165 8.48156203416927e-16
0.686999999999508 -0.699473199333413 -0.436365438010639 0.785390488322165 8.48156203416927e-16
0.687999999999504 -0.698265175017961 -0.436905640575204 0.785390488322165 7.06796836180772e-16
0.688999999999499 -0.697096944703998 -0.437461969794033 0.785390488322165 5.65437468944618e-16
0.689999999999495 -0.695969246307589 -0.438034880658902 0.785390488322165 7.06796836180772e-16
0.69099999999949 -0.694882789247679 -0.438624818227059 0.785390488322165 5.65437468944618e-16
0.691999999999485 -0.693838251379517 -0.439232216826983 0.785390488322165 7.06796836180772e-16
0.692999999999481 -0.692836276345684 -0.439857497958316 0.785390488322165 8.48156203416927e-16
0.693999999999476 -0.691877470181824 -0.440501068682741 0.785390488322165 8.48156203416927e-16
0.694999999999472 -0.690962398842875 -0.441163320300165 0.785390488322165 8.48156203416927e-16
0.695999999999467 -0.690091585322095 -0.441844626693185 0.785390488322165 8.48156203416927e-16
0.696999999999463 -0.689265507619468 -0.442545342719098 0.785390488322165 8.48156203416927e-16
0.697999999999458 -0.688484596961621 -0.443265803298234 0.785390488322165 5.65437468944618e-16
0.698999999999454 -0.687749236842326 -0.444006323025433 0.785390488322165 7.06796836180772e-16
0.699999999999449 -0.687059762442574 -0.444767195602951 0.785390488322165 7.06796836180772e-16
0.700999999999445 -0.686416460694144 -0.445548692923938 0.785390488322165 5.65437468944618e-16
0.70199999999944 -0.685819570869074 -0.446351065211491 0.785390488322165 8.48156203416927e-16
0.702999999999435 -0.685269285446 -0.447174542914873 0.785390488322165 8.48156203416927e-16
0.703999999999431 -0.684765751378529 -0.448019334312117 0.785390488322165 8.48156203416927e-16
0.704999999999426 -0.684309070814136 -0.448885628198773 0.785390488322164 9.89515570653082e-16
0.705999999999422 -0.683899302131649 -0.449773592242103 0.785390488322165 8.48156203416927e-16
0.706999999999417 -0.683536459814486 -0.450683373873814 0.785390488322165 8.48156203416927e-16
0.707999999999413 -0.68322051390232 -0.451615099065661 0.785390488322165 8.48156203416927e-16
0.708999999999408 -0.682951388433503 -0.452568871972599 0.785390488322165 8.48156203416927e-16
0.709999999999404 -0.682728958437449 -0.453544771996246 0.785390488322165 8.48156203416927e-16
0.710999999999399 -0.682553045923771 -0.45454285298547 0.785390488322164 1.13087493788924e-15
0.711999999999394 -0.682423414276212 -0.455563138282842 0.785390488322164 9.89515570653082e-16
0.71299999999939 -0.682339762383447 -0.456605619278625 0.785390488322165 8.48156203416927e-16
0.713999999999385 -0.682301716537026 -0.457670248824805 0.785390488322165 8.48156203416927e-16
0.714999999999381 -0.68230882272372 -0.458756938172246 0.785390488322165 8.48156203416927e-16
0.715999999999376 -0.682360538233242 -0.459865551936824 0.785390488322164 1.13087493788924e-15
0.716999999999372 -0.682456223417577 -0.460995902988786 0.785390488322165 8.48156203416927e-16
0.717999999999367 -0.682595134227211 -0.462147748735285 0.785390488322164 1.13087493788924e-15
0.718999999999363 -0.682776416199487 -0.463320785797194 0.785390488322164 1.13087493788924e-15
0.719999999999358 -0.682999099977804 -0.464514649949435 0.785390488322164 9.89515570653082e-16
0.720999999999353 -0.68326209893545 -0.465728911430995 0.785390488322164 1.13087493788924e-15
0.721999999999349 -0.683564209808725 -0.466963076021241 0.785390488322164 9.89515570653082e-16
0.722999999999344 -0.683904116431306 -0.468216586296727 0.785390488322164 1.13087493788924e-15
0.72399999999934 -0.684280396210976 -0.469488824470393 0.785390488322164 1.13087493788924e-15
0.724999999999335 -0.684691530498592 -0.470779117651139 0.785390488322164 1.27223430512539e-15
0.725999999999331 -0.685135918006767 -0.472086743050158 0.785390488322164 9.89515570653082e-16
0.726999999999326 -0.685611891567417 -0.473410938353308 0.785390488322164 1.13087493788924e-15
0.727999999999322 -0.686117737108846 -0.474750910143922 0.785390488322164 1.27223430512539e-15
0.728999999999317 -0.686651715644769 -0.476105845501327 0.785390488322164 1.27223430512539e-15
0.729999999999313 -0.687212086614628 -0.477474924577395 0.785390488322164 1.13087493788924e-15
0.730999999999308 -0.687797131967144 -0.478857333004555 0.785390488322164 1.13087493788924e-15
0.731999999999303 -0.688405181032109 -0.480252275522221 0.785390488322164 1.13087493788924e-15
0.732999999999299 -0.689034635003135 -0.481658988909682 0.785390488322164 9.89515570653082e-16
0.733999999999294 -0.689683989864545 -0.483076754686548 0.785390488322164 1.13087493788924e-15
0.73499999999929 -0.690351857312454 -0.484504910273231 0.785390488322164 1.13087493788924e-15
0.735999999999285 -0.691036983312171 -0.485942860704197 0.785390488322164 1.13087493788924e-15
0.736999999999281 -0.691738263585987 -0.487390085354499 0.785390488322164 9.89515570653082e-16
0.737999999999276 -0.692454755055 -0.488846146081964 0.785390488322164 1.13087493788924e-15
0.738999999999272 -0.69318568430297 -0.490310693335769 0.785390488322164 1.41359367236154e-15
0.739999999999267 -0.693930450788963 -0.491783465401234 0.785390488322164 1.41359367236154e-15
0.740999999999262 -0.694688626548306 -0.493264292896166 0.785390488322164 1.27223430512539e-15
0.741999999999258 -0.695459952208235 -0.494753094150591 0.785390488322164 1.27223430512539e-15
0.742999999999253 -0.696244328570962 -0.496249872845291 0.785390488322164 1.13087493788924e-15
0.743999999999249 -0.697041805280262 -0.497754712167207 0.785390488322164 1.27223430512539e-15
0.744999999999244 -0.697852566547165 -0.499267767619727 0.785390488322164 1.27223430512539e-15
0.74599999999924 -0.69867691436251 -0.500789258112308 0.785390488322164 1.41359367236154e-15
0.746999999999235 -0.699515250043938 -0.502319457057066 0.785390488322164 1.13087493788924e-15
0.747999999999231 -0.700368054559654 -0.503858681143853 0.785390488322164 1.13087493788924e-15
0.748999999999226 -0.701235868335484 -0.505407280179822 0.785390488322164 1.41359367236154e-15
0.749999999999222 -0.702119271181875 -0.506965625924507 0.785390488322164 1.13087493788924e-15
0.750999999999217 -0.70301886282149 -0.508534102222156 0.785390488322164 1.41359367236154e-15
0.751999999999212 -0.703935244214837 -0.510113093290192 0.785390488322164 1.27223430512539e-15
0.752999999999208 -0.704869000788683 -0.511702976604047 0.785390488322164 1.27223430512539e-15
0.753999999999203 -0.705820687326772 -0.513304113042753 0.785390488322164 1.41359367236154e-15
0.754999999999199 -0.706790814847247 -0.514916839380466 0.785390488322164 1.27223430512539e-15
0.755999999999194 -0.707779839776476 -0.516541463514952 0.785390488322164 1.27223430512539e-15
0.75699999999919 -0.708788155587805 -0.518178258212118 0.785390488322164 1.27223430512539e-15
0.757999999999185 -0.709816086063665 -0.519827457671253 0.785390488322164 1.41359367236154e-15
0.758999999999181 -0.710863881615676 -0.521489255725897 0.785390488322164 1.41359367236154e-15
0.759999999999176 -0.711931716592905 -0.523163803751963 0.785390488322164 1.5549530395977e-15
0.760999999999171 -0.713019689227314 -0.524851209967031 0.785390488322164 1.41359367236154e-15
0.761999999999167 -0.71412782263875 -0.526551540621172 0.785390488322164 1.41359367236154e-15
0.762999999999162 -0.715256067110739 -0.528264820120153 0.785390488322164 1.41359367236154e-15
0.763999999999158 -0.71640430350784 -0.529991034002785 0.785390488322164 1.5549530395977e-15
0.764999999999153 -0.717572347613038 -0.531730129503963 0.785390488322164 1.5549530395977e-15
0.765999999999149 -0.718759954228007 -0.53348201966326 0.785390488322164 1.41359367236154e-15
0.766999999999144 -0.71996682230178 -0.535246583660269 0.785390488322164 1.41359367236154e-15
0.76799999999914 -0.721192599761668 -0.537023672093282 0.785390488322164 1.41359367236154e-15
0.768999999999135 -0.722436887956679 -0.538813106476152 0.785390488322164 1.5549530395977e-15
0.76999999999913 -0.723699246263823 -0.540614684125287 0.785390488322164 1.41359367236154e-15
0.770999999999126 -0.724979196155625 -0.542428178451594 0.785390488322164 1.5549530395977e-15
0.771999999999121 -0.726276224664589 -0.544253342518287 0.785390488322164 1.41359367236154e-15
0.772999999999117 -0.72758978761849 -0.546089908673673 0.785390488322164 1.27223430512539e-15
0.773999999999112 -0.728919312350121 -0.54793759166043 0.785390488322164 1.41359367236154e-15
0.774999999999108 -0.730264199909444 -0.549796088815 0.785390488322164 1.41359367236154e-15
0.775999999999103 -0.731623826935905 -0.551665080943613 0.785390488322164 1.41359367236154e-15
0.776999999999099 -0.732997547005128 -0.553544233577733 0.785390488322164 1.41359367236154e-15
0.777999999999094 -0.734384692000873 -0.555433196313059 0.785390488322164 1.41359367236154e-15
0.77899999999909 -0.735784572923949 -0.557331604300782 0.785390488322164 1.41359367236154e-15
0.779999999999085 -0.737196480771085 -0.559239077944175 0.785390488322164 1.41359367236154e-15
0.78099999999908 -0.738619687102132 -0.561155223203313 0.785390488322164 1.41359367236154e-15
0.781999999999076 -0.740053444722196 -0.563079631643038 0.785390488322164 1.13087493788924e-15
0.782999999999071 -0.741496988231447 -0.565011880873321 0.785390488322164 1.41359367236154e-15
0.783999999999067 -0.742949534515971 -0.566951534158072 0.785390488322164 1.41359367236154e-15
0.784999999999062 -0.744410283708612 -0.568898141265526 0.785390488322164 1.27223430512539e-15
0.785999999999058 -0.745878419180301 -0.570851238105726 0.785390488322164 1.27223430512539e-15
0.786999999999053 -0.747353108758912 -0.572810347055233 0.785390488322164 1.27223430512539e-15
0.787999999999049 -0.748833505102682 -0.574774978161547 0.785390488322164 1.41359367236154e-15
0.788999999999044 -0.750318746779607 -0.57674462824278 0.785390488322164 1.41359367236154e-15
0.789999999999039 -0.751807959007252 -0.578718781982913 0.785390488322164 1.13087493788924e-15
0.790999999999035 -0.753300254329418 -0.580696912279313 0.785390488322164 1.41359367236154e-15
0.79199999999903 -0.754794733374651 -0.582678480181748 0.785390488322164 1.41359367236154e-15
0.792999999999026 -0.756290485898026 -0.58466293650377 0.785390488322164 1.27223430512539e-15
0.793999999999021 -0.757786591491276 -0.586649720827015 0.785390488322164 1.41359367236154e-15
0.794999999999017 -0.759282120124261 -0.588638262947559 0.785390488322164 1.41359367236154e-15
0.795999999999012 -0.76077613320447 -0.590627982479023 0.785390488322164 1.41359367236154e-15
0.796999999999008 -0.762267684195729 -0.592618290704674 0.785390488322164 1.41359367236154e-15
0.797999999999003 -0.763755819106085 -0.594608588919405 0.785390488322164 1.41359367236154e-15
0.798999999998999 -0.765239577231399 -0.596598270706007 0.785390488322164 1.41359367236154e-15
0.799999999998994 -0.766717991942461 -0.598586721832943 0.785390488322164 1.27223430512539e-15
0.800999999998989 -0.768190091228482 -0.600573319343047 0.785390488322164 1.13087493788924e-15
0.801999999998985 -0.769654898211553 -0.60255743424642 0.785390488322164 1.27223430512539e-15
0.80299999999898 -0.771111431368916 -0.604538429392336 0.785390488322164 1.27223430512539e-15
0.803999999998976 -0.772558705133893 -0.606515662267769 0.785390488322164 1.13087493788924e-15
0.804999999998971 -0.77399573077183 -0.608488482718438 0.785390488322164 1.27223430512539e-15
0.805999999998967 -0.775421516680438 -0.610456235580236 0.785390488322164 1.27223430512539e-15
0.806999999998962 -0.776835069410486 -0.612418260581374 0.785390488322164 1.41359367236154e-15
0.807999999998958 -0.77823539339188 -0.614373891351167 0.785390488322164 1.27223430512539e-15
0.808999999998953 -0.779621491534119 -0.616322457224244 0.785390488322164 1.27223430512539e-15
0.809999999998948 -0.780992366218427 -0.618263283130394 0.785390488322164 1.41359367236154e-15
0.810999999998944 -0.78234701924535 -0.620195690450454 0.785390488322164 1.13087493788924e-15
0.811999999998939 -0.783684453098824 -0.622118995197511 0.785390488322164 1.41359367236154e-15
0.812999999998935 -0.785003671160924 -0.624032512984754 0.785390488322164 1.27223430512539e-15
0.81399999999893 -0.786303678400755 -0.625935554779315 0.785390488322164 1.41359367236154e-15
0.814999999998926 -0.787583481973218 -0.627827430221817 0.785390488322164 1.41359367236154e-15
0.815999999998921 -0.788842092036885 -0.629707446667255 0.785390488322164 1.41359367236154e-15
0.816999999998917 -0.790078522438542 -0.631574911693242 0.785390488322164 1.27223430512539e-15
0.817999999998912 -0.791291791540489 -0.633429130841807 0.785390488322164 1.27223430512539e-15
0.818999999998907 -0.792480922931153 -0.635269411200563 0.785390488322164 1.27223430512539e-15
0.819999999998903 -0.793644946160985 -0.637095059002754 0.785390488322164 1.41359367236154e-15
0.820999999998898 -0.794782897822499 -0.638905383603735 0.785390488322164 1.41359367236154e-15
0.821999999998894 -0.795893821998684 -0.640699694491579 0.785390488322164 1.27223430512539e-15
0.822999999998889 -0.796976771357039 -0.642477305028557 0.785390488322164 1.5549530395977e-15
0.823999999998885 -0.798030807793104 -0.644237531099624 0.785390488322164 1.5549530395977e-15
0.82499999999888 -0.799055003413281 -0.64597969255369 0.785390488322164 1.41359367236154e-15
0.825999999998876 -0.800048441043065 -0.647703113993311 0.785390488322164 1.27223430512539e-15
0.826999999998871 -0.801010215077568 -0.649407124576918 0.785390488322164 1.69631240683385e-15
0.827999999998867 -0.801939432175342 -0.651091059003492 0.785390488322164 1.41359367236154e-15
0.828999999998862 -0.802835212171953 -0.652754258986869 0.785390488322164 1.41359367236154e-15
0.829999999998857 -0.80369668862974 -0.654396072033246 0.785390488322164 1.41359367236154e-15
0.830999999998853 -0.80452300985535 -0.656015853971149 0.785390488322164 1.13087493788924e-15
0.831999999998848 -0.80531333933666 -0.657612968423333 0.785390488322164 1.41359367236154e-15
0.832999999998844 -0.806066856930634 -0.659186787618856 0.785390488322164 1.41359367236154e-15
0.833999999998839 -0.806782759555981 -0.660736693750855 0.785390488322164 1.27223430512539e-15
0.834999999998835 -0.807460262293882 -0.662262079161475 0.785390488322164 1.41359367236154e-15
0.83599999999883 -0.808098599297232 -0.663762347283303 0.785390488322164 1.27223430512539e-15
0.836999999998826 -0.808697024806861 -0.665236912877298 0.785390488322164 1.27223430512539e-15
0.837999999998821 -0.809254814144182 -0.666685204014815 0.785390488322164 1.41359367236154e-15
0.838999999998816 -0.80977126499357 -0.668106661861864 0.785390488322164 1.27223430512539e-15
0.839999999998812 -0.810245698102706 -0.669500741514975 0.785390488322164 1.13087493788924e-15
0.840999999998807 -0.810677458824422 -0.670866913882959 0.785390488322164 1.41359367236154e-15
0.841999999998803 -0.811065917405823 -0.672204664613913 0.785390488322164 1.41359367236154e-15
0.842999999998798 -0.811410470636902 -0.673513496859543 0.785390488322164 1.27223430512539e-15
0.843999999998794 -0.811710542133108 -0.674792929743404 0.785390488322164 1.5549530395977e-15
0.844999999998789 -0.811965583447446 -0.676042501070201 0.785390488322164 1.27223430512539e-15
0.845999999998785 -0.812175074740543 -0.677261766667394 0.785390488322164 1.41359367236154e-15
0.84699999999878 -0.812338525380714 -0.678450301278779 0.785390488322164 1.41359367236154e-15
0.847999999998776 -0.812455474671607 -0.679607699163209 0.785390488322164 1.27223430512539e-15
0.848999999998771 -0.812525492505346 -0.680733574487772 0.785390488322164 1.41359367236154e-15
0.849999999998766 -0.812548180014247 -0.681827561996893 0.785390488322164 1.41359367236154e-15
0.850999999998762 -0.812523170321285 -0.682889317874488 0.785390488322164 1.41359367236154e-15
0.851999999998757 -0.812450129179496 -0.683918518984107 0.785390488322164 1.27223430512539e-15
0.852999999998753 -0.812328756079308 -0.684914865741072 0.785390488322164 1.41359367236154e-15
0.853999999998748 -0.812158785012416 -0.685878081042596 0.785390488322164 1.5549530395977e-15
0.854999999998744 -0.811939985673213 -0.686807911234967 0.785390488322164 1.41359367236154e-15
0.855999999998739 -0.811672164425005 -0.687704128132669 0.785390488322164 1.27223430512539e-15
0.856999999998735 -0.811355165659737 -0.688566527867013 0.785390488322164 1.41359367236154e-15
0.85799999999873 -0.81098887290749 -0.689394933826214 0.785390488322164 1.13087493788924e-15
0.858999999998725 -0.810573210211002 -0.690189194781799 0.785390488322164 1.27223430512539e-15
0.859999999998721 -0.810108143163738 -0.690949188740472 0.785390488322164 1.41359367236154e-15
0.860999999998716 -0.809593680021447 -0.691674820891831 0.785390488322164 1.41359367236154e-15
0.861999999998712 -0.809029872811175 -0.692366026123515 0.785390488322164 1.5549530395977e-15
0.862999999998707 -0.808416817984099 -0.693022768054738 0.785390488322164 1.27223430512539e-15
0.863999999998703 -0.807754657086649 -0.693645040816933 0.785390488322164 1.41359367236154e-15
0.864999999998698 -0.807043577352983 -0.694232868297358 0.785390488322164 1.41359367236154e-15
0.865999999998694 -0.80628381152348 -0.694786303998466 0.785390488322164 1.13087493788924e-15
0.866999999998689 -0.805475638501731 -0.695305432518782 0.785390488322164 1.13087493788924e-15
0.867999999998684 -0.804619382572474 -0.695790367908442 0.785390488322164 1.13087493788924e-15
0.86899999999868 -0.803715413661815 -0.696241254607751 0.785390488322164 1.27223430512539e-15
0.869999999998675 -0.802764146508121 -0.696658266099731 0.785390488322164 1.41359367236154e-15
0.870999999998671 -0.801766040678547 -0.697041606518086 0.785390488322164 1.41359367236154e-15
0.871999999998666 -0.800721599727822 -0.697391507576814 0.785390488322164 1.41359367236154e-15
0.872999999998662 -0.799631371041233 -0.697708230968686 0.785390488322164 1.41359367236154e-15
0.873999999998657 -0.798495945163891 -0.697992066520126 0.785390488322164 1.41359367236154e-15
0.874999999998653 -0.797315956204471 -0.698243332907709 0.785390488322164 1.41359367236154e-15
0.875999999998648 -0.796092080928492 -0.698462376305094 0.785390488322164 1.41359367236154e-15
0.876999999998644 -0.794825039235883 -0.698649571937733 0.785390488322164 1.41359367236154e-15
0.877999999998639 -0.793515594138059 -0.698805322886939 0.785390488322164 1.41359367236154e-15
0.878999999998634 -0.792164551714816 -0.698930060363375 0.785390488322164 1.41359367236154e-15
0.87999999999863 -0.79077276160413 -0.699024243953456 0.785390488322164 1.13087493788924e-15
0.880999999998625 -0.789341116917615 -0.699088361237644 0.785390488322164 1.41359367236154e-15
0.881999999998621 -0.787870554451722 -0.699122928169927 0.785390488322164 1.27223430512539e-15
0.882999999998616 -0.78636205431129 -0.699128488697866 0.785390488322164 1.27223430512539e-15
0.883999999998612 -0.78481663954423 -0.699105614486067 0.785390488322164 1.41359367236154e-15
0.884999999998607 -0.783235375198934 -0.699054904709799 0.785390488322164 1.41359367236154e-15
0.885999999998603 -0.781619367069755 -0.698976985028524 0.785390488322164 1.41359367236154e-15
0.886999999998598 -0.77996975952566 -0.698872506503486 0.785390488322164 1.13087493788924e-15
0.887999999998593 -0.778287732647051 -0.698742144964524 0.785390488322164 1.13087493788924e-15
0.888999999998589 -0.776574499023711 -0.698586598449279 0.785390488322164 1.41359367236154e-15
0.889999999998584 -0.774831298639583 -0.698406584263142 0.785390488322164 1.13087493788924e-15
0.89099999999858 -0.773059394344584 -0.698202838440718 0.785390488322164 1.13087493788924e-15
0.891999999998575 -0.771260064858478 -0.697976110367862 0.785390488322164 1.13087493788924e-15
0.892999999998571 -0.769434597728253 -0.697727159442139 0.785390488322164 1.27223430512539e-15
0.893999999998566 -0.767584280730576 -0.697456751631047 0.785390488322164 1.27223430512539e-15
0.894999999998562 -0.765710393287616 -0.69716565237233 0.785390488322164 1.13087493788924e-15
0.895999999998557 -0.763814196189101 -0.696854623270357 0.785390488322164 1.13087493788924e-15
0.896999999998553 -0.761896921583782 -0.696524415576409 0.785390488322164 1.13087493788924e-15
0.897999999998548 -0.759959762413047 -0.696175763242473 0.785390488322164 1.27223430512539e-15
0.898999999998543 -0.758003861266507 -0.695809377900018 0.785390488322164 1.27223430512539e-15
0.899999999998539 -0.756030299656377 -0.695425941388293 0.785390488322164 1.27223430512539e-15
0.900999999998534 -0.754040088027287 -0.695026099866173 0.785390488322164 1.27223430512539e-15
0.90199999999853 -0.752034156026577 -0.694610457193582 0.785390488322164 1.13087493788924e-15
0.902999999998525 -0.75001334431291 -0.694179570443496 0.785390488322164 1.13087493788924e-15
0.903999999998521 -0.747978397079923 -0.693733945062725 0.785390488322164 1.41359367236154e-15
0.904999999998516 -0.745929956990519 -0.693274029569646 0.785390488322164 1.41359367236154e-15
0.905999999998512 -0.743868560829727 -0.692800213274522 0.785390488322164 1.27223430512539e-15
0.906999999998507 -0.741794637939227 -0.692312824932581 0.785390488322164 1.27223430512539e-15
0.907999999998502 -0.739708510928176 -0.69181213076573 0.785390488322164 1.27223430512539e-15
0.908999999998498 -0.737610398560317 -0.691298337129313 0.785390488322164 1.27223430512539e-15
0.909999999998493 -0.735500419862865 -0.69077158968322 0.785390488322164 1.13087493788924e-15
0.910999999998489 -0.733378601062338 -0.690231979843441 0.785390488322164 1.13087493788924e-15
0.911999999998484 -0.731244885073886 -0.689679547241896 0.785390488322164 1.41359367236154e-15
0.91299999999848 -0.729099142195525 -0.689114286838931 0.785390488322164 1.13087493788924e-15
0.913999999998475 -0.726941182244137 -0.688536154818249 0.785390488322164 1.27223430512539e-15
0.914999999998471 -0.72477076756982 -0.687945076848007 0.785390488322164 1.41359367236154e-15
0.915999999998466 -0.722587627474747 -0.687340956587848 0.785390488322164 1.41359367236154e-15
0.916999999998461 -0.72039147275571 -0.686723683756697 0.785390488322164 1.41359367236154e-15
0.917999999998457 -0.718182009875344 -0.68609314269494 0.785390488322164 1.27223430512539e-15
0.918999999998452 -0.715958955356522 -0.68544922272225 0.785390488322164 1.13087493788924e-15
0.919999999998448 -0.713722049197363 -0.684791824784821 0.785390488322164 1.27223430512539e-15
0.920999999998443 -0.711471067119279 -0.684120869291532 0.785390488322164 1.13087493788924e-15
0.921999999998439 -0.709205831440824 -0.683436304863789 0.785390488322164 1.13087493788924e-15
0.922999999998434 -0.706926220409078 -0.682738113031542 0.785390488322164 9.89515570653082e-16
0.92399999999843 -0.704632175486517 -0.682026312627102 0.785390488322164 1.13087493788924e-15
0.924999999998425 -0.702323707264591 -0.681300965583728 0.785390488322164 1.13087493788924e-15
0.925999999998421 -0.700000898794698 -0.680562178563521 0.785390488322164 1.13087493788924e-15
0.926999999998416 -0.69766390825619 -0.679810104317961 0.785390488322164 1.13087493788924e-15
0.927999999998411 -0.695312968363617 -0.67904494308967 0.785390488322164 1.13087493788924e-15
0.928999999998407 -0.692948385431405 -0.678266940512734 0.785390488322164 1.13087493788924e-15
0.929999999998402 -0.690570536121337 -0.677476388415452 0.785390488322164 1.13087493788924e-15
0.930999999998398 -0.688179863767306 -0.676673619824657 0.785390488322164 1.41359367236154e-15
0.931999999998393 -0.685776873138202 -0.67585900840943 0.785390488322164 1.13087493788924e-15
0.932999999998389 -0.683362124863891 -0.675032963473903 0.785390488322164 1.27223430512539e-15
0.933999999998384 -0.680936229424619 -0.674195926758685 0.785390488322164 1.13087493788924e-15
0.93499999999838 -0.678499840443052 -0.673348368530673 0.785390488322164 1.13087493788924e-15
0.935999999998375 -0.676053648603561 -0.672490783438389 0.785390488322164 1.13087493788924e-15
0.93699999999837 -0.673598375577548 -0.671623686743807 0.785390488322165 8.48156203416927e-16
0.937999999998366 -0.671134768293411 -0.670747610271519 0.785390488322165 8.48156203416927e-16
0.938999999998361 -0.668663593223659 -0.669863099323922 0.785390488322164 1.27223430512539e-15
0.939999999998357 -0.666185631937379 -0.668970709788029 0.785390488322164 1.13087493788924e-15
0.940999999998352 -0.663701676859176 -0.66807100440825 0.785390488322164 1.13087493788924e-15
0.941999999998348 -0.661212527454941 -0.667164551025567 0.785390488322164 1.13087493788924e-15
0.942999999998343 -0.65871898772663 -0.666251921419368 0.785390488322164 9.89515570653082e-16
0.943999999998339 -0.656221863207788 -0.665333687273657 0.785390488322164 1.13087493788924e-15
0.944999999998334 -0.653721959980651 -0.664410422231077 0.785390488322164 9.89515570653082e-16
0.94599999999833 -0.651220082012832 -0.663482698161558 0.785390488322164 1.27223430512539e-15
0.946999999998325 -0.648717031459398 -0.662551085289588 0.785390488322164 1.13087493788924e-15
0.94799999999832 -0.646213607156947 -0.661616153152366 0.785390488322164 1.13087493788924e-15
0.948999999998316 -0.643710604230663 -0.660678467276454 0.785390488322164 9.89515570653082e-16
0.949999999998311 -0.641208814019657 -0.659738591664503 0.785390488322164 1.13087493788924e-15
0.950999999998307 -0.638709023759684 -0.658797087446596 0.785390488322164 1.13087493788924e-15
0.951999999998302 -0.636212016487356 -0.657854512752853 0.785390488322164 9.89515570653082e-16
0.952999999998298 -0.633718570979969 -0.656911422482987 0.785390488322165 8.48156203416927e-16
0.953999999998293 -0.631229461639394 -0.655968370158304 0.785390488322164 1.13087493788924e-15
0.954999999998289 -0.628745458260466 -0.655025903900976 0.785390488322164 1.13087493788924e-15
0.955999999998284 -0.626267326076571 -0.654084570724896 0.785390488322164 1.13087493788924e-15
0.956999999998279 -0.623795825275462 -0.653144913393966 0.785390488322164 9.89515570653082e-16
0.957999999998275 -0.621331711139608 -0.652207471481513 0.785390488322164 1.13087493788924e-15
0.95899999999827 -0.61887573327174 -0.651272780877894 0.785390488322164 9.89515570653082e-16
0.959999999998266 -0.616428635912052 -0.650341373603075 0.785390488322164 9.89515570653082e-16
0.960999999998261 -0.613991156693578 -0.649413777860228 0.785390488322164 1.13087493788924e-15
0.961999999998257 -0.611564027531063 -0.64849051801417 0.785390488322164 1.13087493788924e-15
0.962999999998252 -0.609147973486444 -0.64757211407917 0.785390488322164 1.13087493788924e-15
0.963999999998248 -0.606743712476916 -0.646659080945365 0.785390488322164 1.13087493788924e-15
0.964999999998243 -0.60435195555098 -0.645751929695346 0.785390488322164 1.13087493788924e-15
0.965999999998238 -0.601973406329726 -0.644851166911302 0.785390488322164 9.89515570653082e-16
0.966999999998234 -0.59960876052132 -0.643957293850144 0.785390488322164 9.89515570653082e-16
0.967999999998229 -0.597258706417368 -0.643070807572002 0.785390488322164 9.89515570653082e-16
0.968999999998225 -0.594923923980333 -0.642192199356244 0.785390488322164 1.13087493788924e-15
0.96999999999822 -0.592605085168912 -0.641321957200601 0.785390488322164 9.89515570653082e-16
0.970999999998216 -0.590302853508772 -0.640460562541301 0.785390488322164 9.89515570653082e-16
0.971999999998211 -0.588017883763166 -0.639608492655797 0.785390488322164 1.13087493788924e-15
0.972999999998207 -0.585750822008424 -0.638766219655489 0.785390488322164 1.13087493788924e-15
0.973999999998202 -0.583502304801725 -0.637934209366525 0.785390488322165 5.65437468944618e-16
0.974999999998198 -0.581272959585097 -0.637112923880722 0.785390488322164 9.89515570653082e-16
0.975999999998193 -0.57906340335436 -0.636302817897498 0.785390488322164 1.13087493788924e-15
0.976999999998188 -0.576874242919486 -0.635504341630293 0.785390488322164 1.13087493788924e-15
0.977999999998184 -0.574706073973352 -0.634717937918102 0.785390488322164 9.89515570653082e-16
0.978999999998179 -0.572559480490132 -0.633944042820425 0.785390488322164 1.13087493788924e-15
0.979999999998175 -0.570435034292951 -0.633183086627271 0.785390488322164 1.27223430512539e-15
0.98099999999817 -0.568333293821843 -0.63243549075988 0.785390488322164 9.89515570653082e-16
0.981999999998166 -0.566254804012989 -0.631701669414815 0.785390488322164 9.89515570653082e-16
0.982999999998161 -0.564200095068889 -0.63098202823514 0.785390488322164 1.27223430512539e-15
0.983999999998157 -0.562169681680199 -0.630276962771697 0.785390488322165 8.48156203416927e-16
0.984999999998152 -0.560164062365401 -0.629586860359849 0.785390488322164 1.13087493788924e-15
0.985999999998147 -0.558183718498197 -0.628912097228015 0.785390488322164 9.89515570653082e-16
0.986999999998143 -0.556229113279558 -0.628253038980998 0.785390488322164 9.89515570653082e-16
0.987999999998138 -0.554300691541363 -0.627610040509782 0.785390488322165 8.48156203416927e-16
0.988999999998134 -0.552398878257312 -0.626983444220414 0.785390488322164 1.13087493788924e-15
0.989999999998129 -0.550524078389493 -0.62637358030225 0.785390488322165 8.48156203416927e-16
0.990999999998125 -0.548676675432301 -0.625780766295037 0.785390488322164 1.13087493788924e-15
0.99199999999812 -0.546857031573293 -0.625205306202553 0.785390488322164 9.89515570653082e-16
0.992999999998116 -0.545065486338634 -0.624647490849227 0.785390488322164 9.89515570653082e-16
0.993999999998111 -0.543302356105342 -0.6241075953323 0.785390488322164 1.13087493788924e-15
0.994999999998107 -0.541567933734581 -0.623585881245087 0.785390488322164 9.89515570653082e-16
0.995999999998102 -0.539862487667941 -0.623082594935234 0.785390488322164 1.13087493788924e-15
0.996999999998097 -0.538186261377141 -0.622597966198381 0.785390488322164 1.13087493788924e-15
0.997999999998093 -0.53653947305355 -0.622132209845492 0.785390488322164 1.13087493788924e-15
0.998999999998088 -0.534922315188849 -0.621685524161168 0.785390488322164 1.13087493788924e-15
0.999999999998084 -0.533334953799948 -0.621258089852216 0.785390488322165 8.48156203416927e-16
0.999999999998084 -0.533334953799948 -0.621258089852216 0.785390488322165 8.48156203416927e-16
