"Time, Y-Force, Work integrand, Mass, Mass error"
1e-05 0.000709966118901375 -2.76108912589404e-11 0.78526803695784 NaN
0.001 0.000342416980324936 3.59278601860558e-10 0.78526803695784 NaN
0.002 0.000305746574532464 1.09245383360356e-09 0.78526803695784 NaN
0.003 0.000351723181274423 1.71441594746803e-09 0.78526803695784 NaN
0.004 0.000389007845452132 1.65442387936331e-09 0.78526803695784 NaN
0.005 0.000274255395356194 -4.54626143828375e-09 0.78526803695784 NaN
0.006 7.63268982980418e-06 -2.350675342406e-08 0.78526803695784 NaN
0.007 -0.000263655491807469 -5.63215048643989e-08 0.78526803695784 NaN
0.008 -0.000469594474116117 -1.01356759831402e-07 0.78526803695784 NaN
0.009 -0.000652877815800378 -1.63059238402191e-07 0.78526803695784 NaN
0.01 -0.000856332187329631 -2.49210098024149e-07 0.78526803695784 NaN
0.011 -0.00108166221903414 -3.64111318023479e-07 0.78526803695784 NaN
0.012 -0.00133601934501401 -5.12060167021679e-07 0.78526803695784 NaN
0.013 -0.00165854359439075 -7.05382136943149e-07 0.78526803695784 NaN
0.014 -0.00208595088955431 -9.64527655970844e-07 0.78526803695784 NaN
0.015 -0.0026063394152295 -1.30751973276263e-06 0.78526803695784 NaN
0.016 -0.00315489853441806 -1.73711341115782e-06 0.78526803695784 NaN
0.017 -0.00365339174265947 -2.23943444477838e-06 0.78526803695784 NaN
0.018 -0.00405750630844639 -2.79460823068242e-06 0.78526803695784 NaN
0.019 -0.00437975903637863 -3.39236867864282e-06 0.78526803695784 NaN
0.02 -0.00468042987164288 -4.04400753090292e-06 0.78526803695784 NaN
0.021 -0.005038334014557 -4.78473338176342e-06 0.78526803695784 NaN
0.022 -0.0055188945836529 -5.66535578498032e-06 0.785268036957839 NaN
0.023 -0.00615296748219686 -6.73789447478237e-06 0.78526803695784 NaN
0.024 -0.00693188363881439 -8.0430333616878e-06 0.78526803695784 NaN
0.025 -0.00781634952529071 -9.60099369978261e-06 0.78526803695784 NaN
0.026 -0.00875240128810854 -1.14110104857503e-05 0.78526803695784 NaN
0.027 -0.00968736746212071 -1.34571808892236e-05 0.78526803695784 NaN
0.028 -0.0105813059212449 -1.57156906465868e-05 0.78526803695784 NaN
0.029 -0.0114124879410741 -1.81638025751229e-05 0.785268036957839 NaN
0.03 -0.0121776480779545 -2.07878013228817e-05 0.78526803695784 NaN
0.031 -0.0128886511462175 -2.35866702527319e-05 0.78526803695784 NaN
0.032 -0.0135673599023492 -2.65745429906578e-05 0.78526803695784 NaN
0.033 -0.0142401717773116 -2.97785774414058e-05 0.78526803695784 NaN
0.034 -0.0149332480213687 -3.32352512257406e-05 0.78526803695784 NaN
0.035 -0.0156689980679721 -3.69889421737986e-05 0.785268036957839 NaN
0.036 -0.0164640137708806 -4.10834040806662e-05 0.78526803695784 NaN
0.037 -0.0173283472705171 -4.55621069464797e-05 0.78526803695784 NaN
0.038 -0.0182658523949556 -5.04623056406102e-05 0.78526803695784 NaN
0.039 -0.0192752246480687 -5.58169369571176e-05 0.78526803695784 NaN
0.04 -0.0203513844081374 -6.16515478912656e-05 0.78526803695784 NaN
0.041 -0.0214869208560442 -6.79879263438133e-05 0.78526803695784 NaN
0.042 -0.0226734015662922 -7.4841669033539e-05 0.78526803695784 NaN
0.043 -0.0239024408646967 -8.22276011707519e-05 0.78526803695784 NaN
0.044 -0.0251664762522076 -9.01592444784839e-05 0.78526803695784 NaN
0.045 -0.0264592441129277 -9.86500337137066e-05 0.78526803695784 NaN
0.046 -0.027775986124475 -0.000107714937185653 0.78526803695784 NaN
0.047 -0.0291134329399224 -0.00011737128484234 0.78526803695784 NaN
0.048 -0.0304696282763893 -0.000127638945538257 0.78526803695784 NaN
0.049 -0.0318436648004746 -0.000138539403120145 0.78526803695784 NaN
0.05 -0.03323539633256 -0.000150096754863293 0.78526803695784 NaN
0.051 -0.034645176539109 -0.000162336641287359 0.78526803695784 NaN
0.052 -0.036073650656065 -0.000175284120084203 0.78526803695784 NaN
0.053 -0.0375216053602052 -0.000188966499394181 0.78526803695784 NaN
0.054 -0.0389898703325697 -0.000203411098000588 0.78526803695784 NaN
0.055 -0.0404792601843802 -0.000218645256516284 0.78526803695784 NaN
0.056 -0.0419905465800554 -0.000234696722141436 0.78526803695784 NaN
0.057 -0.0435244523772986 -0.000251593921945306 0.78526803695784 NaN
0.058 -0.0450816637078162 -0.000269364767864841 0.78526803695784 NaN
0.059 -0.0466628568629221 -0.000288038448142578 0.785268036957839 NaN
0.06 -0.0482687343027339 -0.000307644042148124 0.78526803695784 NaN
0.061 -0.0499000627946753 -0.000328211818858733 0.78526803695784 NaN
0.062 -0.0515577033487587 -0.000349774041150002 0.785268036957839 NaN
0.063 -0.0532426253330642 -0.000372362972452183 0.78526803695784 NaN
0.064 -0.0549558988542096 -0.000396014598426528 0.78526803695784 NaN
0.065 -0.0566986627458637 -0.000420765316837476 0.78526803695784 NaN
0.066 -0.0584720695525608 -0.000446653594306995 0.785268036957839 NaN
0.067 -0.0602772129254349 -0.000473720799169814 0.78526803695784 NaN
0.068 -0.0621150447255961 -0.00050200627587421 0.78526803695784 NaN
0.069 -0.0639862929931395 -0.000531552607159939 0.78526803695784 NaN
0.07 -0.0658913921592745 -0.000562399553832895 0.78526803695784 NaN
0.071 -0.0678304384745856 -0.000594586618286818 0.78526803695784 NaN
0.072 -0.0698031806317483 -0.000628151118136077 0.78526803695784 NaN
0.073 -0.0718090481450593 -0.000663128645338216 0.78526803695784 NaN
0.074 -0.0738472111049376 -0.000699552919209984 0.78526803695784 NaN
0.075 -0.0759166632127811 -0.000737456059689127 0.785268036957839 NaN
0.076 -0.0780163165479967 -0.00077686809042547 0.785268036957839 NaN
0.077 -0.0801450950227685 -0.000817820622757701 0.78526803695784 NaN
0.078 -0.082302015726556 -0.000860344398843963 0.785268036957839 NaN
0.079 -0.0844862490564214 -0.000904471409181766 0.785268036957839 NaN
0.08 -0.0866971548010557 -0.000950234978190535 0.785268036957839 NaN
0.081 -0.088934292839699 -0.000997669873978786 0.785268036957839 NaN
0.082 -0.0911974127810018 -0.00104681404269469 0.785268036957839 NaN
0.083 -0.0934864266087306 -0.00109770564108369 0.785268036957839 NaN
0.084 -0.0958013716365636 -0.00115038553579961 0.785268036957839 NaN
0.085 -0.0981423696326465 -0.00120489559019451 0.785268036957839 NaN
0.086 -0.1005095870236 -0.00126127794676811 0.785268036957839 NaN
0.087 -0.102903200826224 -0.00131957660140143 0.785268036957839 NaN
0.088 -0.105323372054363 -0.00137983507484747 0.785268036957839 NaN
0.089 -0.107770227742754 -0.00144209639822013 0.785268036957839 NaN
0.09 -0.110243850806144 -0.00150640446210925 0.785268036957839 NaN
0.091 -0.112744277281953 -0.00157280228761949 0.785268036957839 NaN
0.092 -0.115271499513669 -0.00164133231602882 0.785268036957839 NaN
0.093 -0.117825473152228 -0.00171203669237004 0.785268036957839 NaN
0.094 -0.12040612792557 -0.00178495738751021 0.785268036957839 NaN
0.095 -0.123013380556808 -0.0018601363814035 0.785268036957839 NaN
0.096 -0.125647147105925 -0.0019376143929716 0.785268036957839 NaN
0.097 -0.128307355312875 -0.00201743397385527 0.785268036957839 NaN
0.098 -0.130993953976329 -0.00209963669572597 0.785268036957839 NaN
0.099 -0.133706918814632 -0.00218426498213849 0.785268036957839 NaN
0.1 -0.136446253684215 -0.00227136160985543 0.785268036957839 NaN
0.101 -0.139211987071941 -0.00236097065504896 0.785268036957839 NaN
0.102 -0.142004164226258 -0.00245313588834057 0.785268036957839 NaN
0.103 -0.144822835935213 -0.00254790170549931 0.785268036957839 NaN
0.104 -0.147668044389375 -0.00264531352112971 0.785268036957839 NaN
0.105 -0.150539808947178 -0.00274541574232088 0.785268036957839 NaN
0.106 -0.15343811249801 -0.00284825364646618 0.785268036957839 NaN
0.107 -0.156362891055006 -0.00295387152383691 0.785268036957839 NaN
0.108 -0.159314027931406 -0.00306231395517623 0.785268036957839 NaN
0.109 -0.162291353359055 -0.00317362512408915 0.785268036957839 NaN
0.11 -0.165294649264855 -0.00328784766428295 0.785268036957839 NaN
0.111 -0.168323658372812 -0.00340502514531349 0.785268036957839 NaN
0.112 -0.171378096067662 -0.00352519950474565 0.785268036957839 NaN
0.113 -0.174457663687237 -0.00364841388882956 0.785268036957839 NaN
0.114 -0.177562062105201 -0.00377471035730757 0.785268036957839 NaN
0.115 -0.18069100301065 -0.00390413150162642 0.785268036957839 NaN
0.116 -0.183844215846529 -0.00403672074563374 0.785268036957839 NaN
0.117 -0.187021452652146 -0.00417252058377075 0.785268036957839 NaN
0.118 -0.190222486732506 -0.00431157539577977 0.785268036957839 NaN
0.119 -0.193447106272794 -0.0044539285102322 0.785268036957839 NaN
0.12 -0.196695105178357 -0.00459962334081173 0.785268036957839 NaN
0.121 -0.199966271716429 -0.00474870331540693 0.785268036957839 NaN
0.122 -0.203260375499 -0.00490121122757805 0.785268036957839 NaN
0.123 -0.206577155510594 -0.00505718919225008 0.785268036957839 NaN
0.124 -0.209916311097794 -0.00521667765140414 0.785268036957839 NaN
0.125 -0.21327749560968 -0.0053797165338776 0.785268036957839 NaN
0.126 -0.216660313024604 -0.00554634370450892 0.785268036957838 NaN
0.127 -0.22006431966796 -0.00571659542753892 0.785268036957839 NaN
0.128 -0.223489031733541 -0.00589050756281625 0.785268036957839 NaN
0.129 -0.226933937409209 -0.00606811387630228 0.785268036957839 NaN
0.13 -0.230398512015335 -0.00624944727503193 0.785268036957838 NaN
0.131 -0.233882235031072 -0.00643454109913035 0.785268036957839 NaN
0.132 -0.237384608425066 -0.00662342854770358 0.785268036957839 NaN
0.133 -0.240905175233119 -0.00681614191943851 0.785268036957839 NaN
0.134 -0.244443536932825 -0.00701271620782989 0.785268036957838 NaN
0.135 -0.247999367527152 -0.00721318739011955 0.785268036957839 NaN
0.136 -0.251572422662312 -0.00741759311864211 0.785268036957839 NaN
0.137 -0.255162542643932 -0.00762597280411506 0.785268036957839 NaN
0.138 -0.258769649017945 -0.00783836867423602 0.785268036957839 NaN
0.139 -0.262393734696885 -0.00805482401288014 0.785268036957838 NaN
0.14 -0.266034848410752 -0.0082753848759572 0.785268036957839 NaN
0.141 -0.26969307476866 -0.00850009696478961 0.785268036957839 NaN
0.142 -0.273368510722133 -0.00872900806178177 0.785268036957839 NaN
0.143 -0.277061240482032 -0.0089621645794548 0.785268036957839 NaN
0.144 -0.280771309815766 -0.00919961299608837 0.785268036957839 NaN
0.145 -0.284498701538031 -0.00944139698813944 0.785268036957839 NaN
0.146 -0.288243313428125 -0.00968755873002121 0.785268036957839 NaN
0.147 -0.29200493966121 -0.00993813593987385 0.785268036957839 NaN
0.148 -0.295783256511607 -0.0101931633110567 0.785268036957839 NaN
0.149 -0.299577812811833 -0.0104526703698988 0.785268036957839 NaN
0.15 -0.303388025466929 -0.0107166820820367 0.785268036957839 NaN
0.151 -0.307213179995554 -0.0109852183474664 0.785268036957839 NaN
0.152 -0.311052435450484 -0.0112582926985273 0.785268036957839 NaN
0.153 -0.314904833089108 -0.0115359151810051 0.785268036957839 NaN
0.154 -0.318769307830508 -0.0118180889766493 0.785268036957839 NaN
0.155 -0.322644701881564 -0.0121048138800424 0.785268036957839 NaN
0.156 -0.326529779636078 -0.0123960839199173 0.785268036957839 NaN
0.157 -0.330423243031308 -0.0126918894956405 0.785268036957839 NaN
0.158 -0.334323746546655 -0.0129922174737887 0.785268036957839 NaN
0.159 -0.338229910757756 -0.0132970516656398 0.785268036957839 NaN
0.16 -0.342140334213667 -0.0136063721898604 0.785268036957839 NaN
0.161 -0.346053602435264 -0.0139201568384579 0.785268036957839 NaN
0.162 -0.349968294514519 -0.0142383822687394 0.785268036957839 NaN
0.163 -0.353882986514679 -0.0145610214115369 0.785268036957839 NaN
0.164 -0.357796251779672 -0.0148880458599149 0.785268036957839 NaN
0.165 -0.361706658824076 -0.0152194253305078 0.78526803695784 NaN
0.166 -0.365612767094152 -0.0155551271611786 0.785268036957839 NaN
0.167 -0.369513120731796 -0.0158951153034385 0.785268036957839 NaN
0.168 -0.373406240850645 -0.0162393523137978 0.785268036957839 NaN
0.169 -0.37729061721127 -0.0165877966831592 0.785268036957839 NaN
0.17 -0.38116470055526 -0.0169404035388147 0.785268036957839 NaN
0.171 -0.385026896276781 -0.0172971237254065 0.785268036957839 NaN
0.172 -0.388875559466477 -0.017657904237506 0.785268036957839 NaN
0.173 -0.392708992596465 -0.0180226867714408 0.785268036957839 NaN
0.174 -0.396525445391357 -0.0183914090502648 0.785268036957839 NaN
0.175 -0.400323117666468 -0.0187640031911775 0.785268036957839 NaN
0.176 -0.404100165730213 -0.0191403961107917 0.785268036957839 NaN
0.177 -0.407854712598873 -0.0195205104911605 0.785268036957839 NaN
0.178 -0.411584861373869 -0.019904264789868 0.785268036957839 NaN
0.179 -0.415288711085113 -0.0202915729688682 0.785268036957839 NaN
0.18 -0.418964374714677 -0.0206823460562118 0.785268036957839 NaN
0.181 -0.422609999137407 -0.0210764926225621 0.785268036957839 NaN
0.182 -0.426223786237927 -0.0214739198882426 0.785268036957839 NaN
0.183 -0.429804014178781 -0.0218745336891132 0.785268036957839 NaN
0.184 -0.433349057960179 -0.0222782409731545 0.785268036957839 NaN
0.185 -0.436857408027587 -0.022684950011617 0.785268036957839 NaN
0.186 -0.44032768738814 -0.0230945705184732 0.785268036957839 NaN
0.187 -0.443758665765249 -0.0235070163578949 0.785268036957839 NaN
0.188 -0.447149270866865 -0.0239222051605106 0.785268036957839 NaN
0.189 -0.450498596466061 -0.0243400598122093 0.785268036957839 NaN
0.19 -0.453805906870502 -0.024760507517366 0.785268036957839 NaN
0.191 -0.457070637543559 -0.0251834829276093 0.785268036957839 NaN
0.192 -0.460292391975377 -0.0256089252832062 0.785268036957839 NaN
0.193 -0.463470935093237 -0.0260367812963205 0.785268036957839 NaN
0.194 -0.466606183188411 -0.0264670035050357 0.785268036957839 NaN
0.195 -0.469698191409558 -0.0268995503693337 0.785268036957839 NaN
0.196 -0.472747138700716 -0.0273343860510864 0.785268036957839 NaN
0.197 -0.475753311196395 -0.027771480005702 0.785268036957839 NaN
0.198 -0.478717084423577 -0.0282108060388238 0.785268036957839 NaN
0.199 -0.481638904949665 -0.0286523423171555 0.785268036957839 NaN
0.2 -0.484519272118054 -0.0290960704152587 0.785268036957839 NaN
0.201 -0.487358720061526 -0.0295419738793136 0.785268036957839 NaN
0.202 -0.490157800821413 -0.0299900380457206 0.785268036957839 NaN
0.203 -0.492917068701599 -0.0304402493537642 0.785268036957839 NaN
0.204 -0.495637066403394 -0.0308925950052881 0.785268036957839 NaN
0.205 -0.498318312901958 -0.0313470605652735 0.785268036957839 NaN
0.206 -0.500961293500249 -0.0318036324971833 0.785268036957839 NaN
0.207 -0.503566451985842 -0.0322622942498921 0.785268036957839 NaN
0.208 -0.506134184942663 -0.0327230278150789 0.785268036957839 NaN
0.209 -0.508664838214638 -0.0331858136975968 0.785268036957839 NaN
0.21 -0.511158705440541 -0.0336506285355393 0.785268036957839 NaN
0.211 -0.513616028383559 -0.0341174478408818 0.785268036957839 NaN
0.212 -0.516036998889026 -0.0345862434006779 0.785268036957839 NaN
0.213 -0.5184217622198 -0.0350569850381158 0.785268036957839 NaN
0.214 -0.520770421745064 -0.0355296394059574 0.785268036957839 NaN
0.215 -0.523083044441079 -0.0360041714449842 0.785268036957839 NaN
0.216 -0.525359666878709 -0.03648054316727 0.785268036957839 NaN
0.217 -0.527600301426573 -0.0369587158761807 0.785268036957839 NaN
0.218 -0.529804942834894 -0.037438647351622 0.785268036957839 NaN
0.219 -0.531973574509252 -0.0379202960610473 0.785268036957839 NaN
0.22 -0.534106174290935 -0.0384036178185978 0.785268036957839 NaN
0.221 -0.536202719667496 -0.0388885682675925 0.785268036957839 NaN
0.222 -0.538263192650944 -0.0393751023125782 0.785268036957839 NaN
0.223 -0.540287584209809 -0.0398631746231179 0.785268036957839 NaN
0.224 -0.542275898005777 -0.0403527395003575 0.785268036957839 NaN
0.225 -0.544228153196694 -0.0408437513836955 0.785268036957839 NaN
0.226 -0.546144386310169 -0.0413361657582296 0.785268036957839 NaN
0.227 -0.548024652160209 -0.0418299377569172 0.785268036957839 NaN
0.228 -0.549869024378358 -0.0423250231084621 0.785268036957839 NaN
0.229 -0.551677595522746 -0.0428213781268039 0.785268036957839 NaN
0.23 -0.553450476845906 -0.0433189603716503 0.785268036957839 NaN
0.231 -0.555187797543333 -0.043817727151937 0.785268036957839 NaN
0.232 -0.556889703799614 -0.0443176373002709 0.785268036957839 NaN
0.233 -0.558556357202474 -0.0448186499591868 0.785268036957839 NaN
0.234 -0.560187932795567 -0.0453207257479225 0.785268036957839 NaN
0.235 -0.56178461707027 -0.0458238250091769 0.785268036957839 NaN
0.236 -0.563346605495664 -0.0463279096848698 0.785268036957839 NaN
0.237 -0.564874100332892 -0.0468329417472631 0.785268036957839 NaN
0.238 -0.566367308265651 -0.0473388833098303 0.785268036957839 NaN
0.239 -0.567826438222817 -0.0478456979332718 0.785268036957839 NaN
0.24 -0.569251699332569 -0.0483533488070454 0.785268036957839 NaN
0.241 -0.570643298530967 -0.0488617996717258 0.785268036957839 NaN
0.242 -0.572001438725606 -0.0493710140785379 0.785268036957839 NaN
0.243 -0.573326317252551 -0.0498809559152947 0.785268036957839 NaN
0.244 -0.574618124001357 -0.0503915895578339 0.785268036957839 NaN
0.245 -0.575877039012432 -0.0509028773982622 0.785268036957839 NaN
0.246 -0.577103230783196 -0.0514147835209815 0.785268036957839 NaN
0.247 -0.578296854977337 -0.0519272699194147 0.785268036957839 NaN
0.248 -0.579458053908402 -0.0524402982851013 0.785268036957839 NaN
0.249 -0.580586955599995 -0.0529538303085331 0.785268036957839 NaN
0.25 -0.581683672686943 -0.0534678258485205 0.785268036957839 NaN
0.251 -0.582748301240436 -0.0539822435929745 0.785268036957839 NaN
0.252 -0.583780919835809 -0.0544970421757992 0.785268036957839 NaN
0.253 -0.584781589422131 -0.0550121773542641 0.785268036957839 NaN
0.254 -0.585750354089283 -0.0555276044517992 0.785268036957839 NaN
0.255 -0.586687242229978 -0.0560432766856271 0.785268036957839 NaN
0.256 -0.587592268341782 -0.0565591463154021 0.785268036957839 NaN
0.257 -0.58846543454222 -0.0570751637089386 0.78526803695784 NaN
0.258 -0.589306732176319 -0.0575912786497858 0.785268036957839 NaN
0.259 -0.590116143371043 -0.0581074386028119 0.785268036957839 NaN
0.26 -0.590893642670243 -0.0586235903045239 0.785268036957839 NaN
0.261 -0.59163919887747 -0.0591396791007341 0.785268036957839 NaN
0.262 -0.592352777241639 -0.0596556495068634 0.785268036957839 NaN
0.263 -0.593034341857132 -0.0601714445576131 0.785268036957839 NaN
0.264 -0.593683858296057 -0.0606870070241243 0.78526803695784 NaN
0.265 -0.594301296293201 -0.061202278405228 0.785268036957839 NaN
0.266 -0.594886632416028 -0.0617172013051544 0.785268036957839 NaN
0.267 -0.595439852704015 -0.0622317161860323 0.785268036957839 NaN
0.268 -0.595960955049531 -0.0627457647480155 0.785268036957839 NaN
0.269 -0.59644995148448 -0.0632592893964462 0.78526803695784 NaN
0.27 -0.596906869983578 -0.0637722322964595 0.785268036957839 NaN
0.271 -0.597331756208302 -0.064284536200299 0.78526803695784 NaN
0.272 -0.597724674822687 -0.0647961455176117 0.78526803695784 NaN
0.273 -0.598085710581465 -0.0653070054055321 0.785268036957839 NaN
0.274 -0.598414969023428 -0.0658170621112243 0.78526803695784 NaN
0.275 -0.598712577051781 -0.0663262636052745 0.785268036957839 NaN
0.276 -0.59897868319069 -0.066834559520805 0.78526803695784 NaN
0.277 -0.599213457567216 -0.0673419006503637 0.78526803695784 NaN
0.278 -0.599417091759501 -0.0678482399204501 0.78526803695784 NaN
0.279 -0.59958979850463 -0.068353532303995 0.785268036957839 NaN
0.28 -0.599731810890975 -0.068857734180828 0.78526803695784 NaN
0.281 -0.599843381690294 -0.0693608045356394 0.78526803695784 NaN
0.282 -0.599924782998373 -0.0698627039960642 0.78526803695784 NaN
0.283 -0.599976304642608 -0.0703633952207245 0.785268036957839 NaN
0.284 -0.599998252370833 -0.0708628434243458 0.78526803695784 NaN
0.285 -0.599990946765149 -0.0713610148717444 0.785268036957839 NaN
0.286 -0.599954723492355 -0.0718578785273754 0.785268036957839 NaN
0.287 -0.599889932532717 -0.07235340517557 0.785268036957839 NaN
0.288 -0.599796935632536 -0.0728475682228661 0.785268036957839 NaN
0.289 -0.59967610438224 -0.0733403417430778 0.785268036957839 NaN
0.29 -0.599527818613984 -0.0738317029649316 0.785268036957839 NaN
0.291 -0.599352464966792 -0.074321630186581 0.785268036957839 NaN
0.292 -0.599150436626312 -0.0748101022079079 0.78526803695784 NaN
0.293 -0.598922133669876 -0.0752971004770502 0.785268036957839 NaN
0.294 -0.598667962707489 -0.0757826082077208 0.785268036957839 NaN
0.295 -0.598388335622419 -0.0762666097544871 0.785268036957839 NaN
0.296 -0.598083668174031 -0.0767490914278807 0.785268036957839 NaN
0.297 -0.597754378683987 -0.0772300400933166 0.785268036957839 NaN
0.298 -0.59740088769891 -0.0777094441302409 0.785268036957839 NaN
0.299 -0.597023618554454 -0.0781872937851553 0.785268036957839 NaN
0.3 -0.596622998343901 -0.0786635790378864 0.785268036957839 NaN
0.301 -0.596199459052491 -0.0791382926540365 0.785268036957839 NaN
0.302 -0.595753438010561 -0.0796114284924147 0.785268036957839 NaN
0.303 -0.595285378467689 -0.0800829813310339 0.785268036957839 NaN
0.304 -0.594795730456813 -0.0805529482513289 0.785268036957839 NaN
0.305 -0.594284951787891 -0.0810213271201712 0.785268036957839 NaN
0.306 -0.593753509239629 -0.0814881184557808 0.785268036957839 NaN
0.307 -0.593201879936563 -0.0819533244653637 0.785268036957839 NaN
0.308 -0.59263055310957 -0.0824169491559471 0.785268036957839 NaN
0.309 -0.592040032152911 -0.0828789995286015 0.785268036957839 NaN
0.31 -0.591430836474479 -0.0833394852845452 0.785268036957839 NaN
0.311 -0.590803503324713 -0.083798418962031 0.785268036957839 NaN
0.312 -0.59015858969227 -0.0842558154667403 0.785268036957839 NaN
0.313 -0.589496673999871 -0.0847116953684601 0.785268036957839 NaN
0.314 -0.588818358020592 -0.0851660820749214 0.785268036957839 NaN
0.315 -0.588124268600055 -0.085619002372777 0.785268036957839 NaN
0.316 -0.587415059411632 -0.0860704893240355 0.785268036957839 NaN
0.317 -0.586691412521372 -0.0865205802992371 0.785268036957839 NaN
0.318 -0.585954039860531 -0.0869693176516559 0.785268036957839 NaN
0.319 -0.58520368479708 -0.0874167504289046 0.785268036957839 NaN
0.32 -0.584441123639383 -0.0878629329520521 0.785268036957839 NaN
0.321 -0.583667166958896 -0.0883079265293431 0.785268036957839 NaN
0.322 -0.58288266078368 -0.0887517991298223 0.785268036957839 NaN
0.323 -0.58208848760288 -0.089194626476285 0.785268036957839 NaN
0.324 -0.581285567106714 -0.0896364911795951 0.785268036957839 NaN
0.325 -0.580474856916472 -0.0900774843407508 0.785268036957839 NaN
0.326 -0.579657352967541 -0.0905177044547091 0.785268036957839 NaN
0.327 -0.578834090160727 -0.0909572594205126 0.785268036957839 NaN
0.328 -0.578006142711537 -0.0913962654753562 0.785268036957839 NaN
0.329 -0.577174624059844 -0.0918348475992936 0.785268036957839 NaN
0.33 -0.576340686696072 -0.0922731404781866 0.785268036957839 NaN
0.331 -0.575505521655026 -0.0927112877858932 0.785268036957839 NaN
0.332 -0.574670358075671 -0.0931494432312838 0.785268036957839 NaN
0.333 -0.573836462297412 -0.0935877687133524 0.785268036957839 NaN
0.334 -0.573005136613286 -0.0940264375031906 0.785268036957839 NaN
0.335 -0.572177717678047 -0.0944656312520975 0.785268036957839 NaN
0.336 -0.571355574639493 -0.0949055409898592 0.785268036957839 NaN
0.337 -0.570540106848459 -0.0953463677530841 0.785268036957839 NaN
0.338 -0.569732741202996 -0.0957883210176312 0.785268036957839 NaN
0.339 -0.568934929168123 -0.096231619377701 0.785268036957839 NaN
0.34 -0.56814814324897 -0.0966764890183837 0.785268036957839 NaN
0.341 -0.567373873022972 -0.0971231644655591 0.785268036957839 NaN
0.342 -0.566613620896632 -0.0975718878752396 0.785268036957839 NaN
0.343 -0.565868897248849 -0.0980229074260603 0.785268036957839 NaN
0.344 -0.565141215286437 -0.0984764772963259 0.785268036957839 NaN
0.345 -0.564432085601798 -0.0989328566022603 0.785268036957839 NaN
0.346 -0.563743010224933 -0.0993923087439018 0.785268036957839 NaN
0.347 -0.563075476570463 -0.0998550999345152 0.785268036957839 NaN
0.348 -0.562430950980379 -0.100321499572232 0.785268036957839 NaN
0.349 -0.561810872272403 -0.10079177717971 0.785268036957839 NaN
0.35 -0.561216644946339 -0.101266201832969 0.785268036957839 NaN
0.351 -0.560649632510486 -0.101745042664473 0.785268036957839 NaN
0.352 -0.560111150926713 -0.10222856498638 0.785268036957839 NaN
0.353 -0.559602462127213 -0.102717030683052 0.785268036957839 NaN
0.354 -0.559124767880798 -0.10321069791603 0.785268036957839 NaN
0.355 -0.558679203680425 -0.103709817195855 0.785268036957839 NaN
0.356 -0.558266833048247 -0.104214632964551 0.785268036957839 NaN
0.357 -0.557888642740239 -0.104725380108791 0.785268036957839 NaN
0.358 -0.557545538304588 -0.105242285834353 0.785268036957839 NaN
0.359 -0.557238340109212 -0.105765565241688 0.785268036957839 NaN
0.36 -0.556967780211168 -0.106295423654851 0.785268036957839 NaN
0.361 -0.55673449991903 -0.106832053530439 0.785268036957839 NaN
0.362 -0.556539048322509 -0.107375635236443 0.785268036957839 NaN
0.363 -0.556381881484269 -0.107926335552819 0.785268036957839 NaN
0.364 -0.556263362660802 -0.108484308855191 0.785268036957839 NaN
0.365 -0.556183763520654 -0.109049694698173 0.785268036957839 NaN
0.366 -0.556143265456153 -0.109622619024288 0.785268036957839 NaN
0.367 -0.556141962570956 -0.110203195084883 0.785268036957839 NaN
0.368 -0.556179865075958 -0.110791521169192 0.785268036957839 NaN
0.369 -0.556256903231058 -0.111387683726035 0.785268036957839 NaN
0.37 -0.556372932191475 -0.111991755152617 0.785268036957839 NaN
0.371 -0.556527737344211 -0.112603797197101 0.785268036957839 NaN
0.372 -0.556721040125866 -0.113223858720987 0.785268036957839 NaN
0.373 -0.556952504211919 -0.113851978642013 0.785268036957839 NaN
0.374 -0.557221742251424 -0.114488186055622 0.785268036957839 NaN
0.375 -0.557528322685961 -0.115132501214034 0.785268036957839 NaN
0.376 -0.557871776562466 -0.115784936909612 0.785268036957839 NaN
0.377 -0.5582516043011 -0.116445498155491 0.785268036957839 NaN
0.378 -0.55866728241968 -0.117114184718852 0.785268036957839 NaN
0.379 -0.559118270120244 -0.11779099240276 0.785268036957839 NaN
0.38 -0.559604015649936 -0.118475912125154 0.785268036957839 NaN
0.381 -0.56012396211975 -0.119168932799594 0.785268036957839 NaN
0.382 -0.560677553065843 -0.119870042236411 0.785268036957839 NaN
0.383 -0.561264237270673 -0.12057922603372 0.785268036957839 NaN
0.384 -0.561883473201685 -0.121296471452774 0.785268036957839 NaN
0.385 -0.562534732843328 -0.122021765305681 0.785268036957839 NaN
0.386 -0.563217504896023 -0.122755096695711 0.785268036957839 NaN
0.387 -0.56393129763205 -0.123496456691824 0.785268036957839 NaN
0.388 -0.564675641050213 -0.1242458388293 0.785268036957839 NaN
0.389 -0.565450088034626 -0.12500323973277 0.785268036957839 NaN
0.39 -0.566254215123622 -0.125768659711252 0.785268036957839 NaN
0.391 -0.567087623051429 -0.126542101356734 0.785268036957839 NaN
0.392 -0.567949936759623 -0.12732357298958 0.785268036957839 NaN
0.393 -0.568840805034133 -0.128113084865398 0.785268036957839 NaN
0.394 -0.569759899441279 -0.128910651957498 0.785268036957839 NaN
0.395 -0.570706913209162 -0.129716292376101 0.785268036957839 NaN
0.396 -0.57168155961847 -0.130530028218409 0.785268036957839 NaN
0.397 -0.572683570488378 -0.13135188462068 0.785268036957839 NaN
0.398 -0.573712694414397 -0.132181890004506 0.785268036957839 NaN
0.399 -0.574768695271042 -0.133020075430828 0.785268036957839 NaN
0.4 -0.575851350225932 -0.13386647563027 0.785268036957839 NaN
0.401 -0.576960447942507 -0.134721125661115 0.785268036957839 NaN
0.402 -0.578095787296602 -0.135584065628061 0.785268036957839 NaN
0.403 -0.579257175856533 -0.13645533509684 0.785268036957839 NaN
0.404 -0.580444428081146 -0.137334976984917 0.785268036957839 NaN
0.405 -0.581657364769538 -0.138223034610939 0.785268036957839 NaN
0.406 -0.582895812472558 -0.13911955379873 0.785268036957839 NaN
0.407 -0.584159602931936 -0.14002458110883 0.785268036957839 NaN
0.408 -0.585448572488662 -0.140938164792366 0.785268036957839 NaN
0.409 -0.586762561475987 -0.141860353660956 0.785268036957839 NaN
0.41 -0.588101413694442 -0.142791198059921 0.785268036957839 NaN
0.411 -0.589464976742877 -0.143730749232914 0.785268036957839 NaN
0.412 -0.590853103125278 -0.144679059054137 0.785268036957839 NaN
0.413 -0.592265651530303 -0.145636181006646 0.785268036957839 NaN
0.414 -0.593702488055011 -0.146602170905779 0.785268036957839 NaN
0.415 -0.595163486479208 -0.147577084741556 0.785268036957839 NaN
0.416 -0.596648529263151 -0.148560981877185 0.785268036957839 NaN
0.417 -0.598157507625637 -0.149553922301221 0.785268036957839 NaN
0.418 -0.599690321091988 -0.150555967916912 0.785268036957839 NaN
0.419 -0.601246878058833 -0.151567182664051 0.785268036957839 NaN
0.42 -0.6028270974907 -0.152587631553669 0.785268036957839 NaN
0.421 -0.604430910244812 -0.153617382105494 0.785268036957839 NaN
0.422 -0.606058258009408 -0.154656503592398 0.785268036957839 NaN
0.423 -0.607709092733256 -0.155705067464719 0.785268036957839 NaN
0.424 -0.609383376774522 -0.156763147044654 0.785268036957839 NaN
0.425 -0.611081081845176 -0.157830816185508 0.785268036957839 NaN
0.426 -0.612802186336095 -0.158908149860884 0.785268036957839 NaN
0.427 -0.614546674959523 -0.159995224054144 0.785268036957839 NaN
0.428 -0.616314541331631 -0.161092116005893 0.785268036957839 NaN
0.429 -0.618105789012624 -0.162198903015687 0.785268036957839 NaN
0.43 -0.619920428067178 -0.163315664243583 0.785268036957839 NaN
0.431 -0.621758468670833 -0.164442478455495 0.785268036957839 NaN
0.432 -0.623619915386867 -0.165579423310284 0.785268036957839 NaN
0.433 -0.625504765202164 -0.166726574209381 0.785268036957839 NaN
0.434 -0.627413008499019 -0.167884004048451 0.785268036957839 NaN
0.435 -0.629344631146411 -0.169051783214975 0.785268036957839 NaN
0.436 -0.631299614920572 -0.170229979767723 0.785268036957839 NaN
0.437 -0.633277934975799 -0.171418658955664 0.785268036957839 NaN
0.438 -0.635279555528545 -0.172617882653424 0.785268036957839 NaN
0.439 -0.63730442506884 -0.173827707972045 0.785268036957839 NaN
0.44 -0.639352472287453 -0.175048188194816 0.785268036957839 NaN
0.441 -0.641423603245735 -0.176279370431806 0.785268036957839 NaN
0.442 -0.643517700081944 -0.177521295051068 0.785268036957839 NaN
0.443 -0.645634620546083 -0.178773996511257 0.785268036957839 NaN
0.444 -0.647774198018793 -0.180037503803594 0.785268036957839 NaN
0.445 -0.64993624119622 -0.181311837441879 0.785268036957839 NaN
0.446 -0.652120533596198 -0.182597011652975 0.785268036957839 NaN
0.447 -0.654326832701163 -0.183893032933478 0.785268036957839 NaN
0.448 -0.656554869197974 -0.185199900551009 0.785268036957839 NaN
0.449 -0.658804346435389 -0.186517604850541 0.785268036957839 NaN
0.45 -0.661074940260817 -0.187846129810503 0.785268036957839 NaN
0.451 -0.663366299154392 -0.18918544975095 0.785268036957839 NaN
0.452 -0.665678044663323 -0.190535531988873 0.785268036957839 NaN
0.453 -0.668009772127467 -0.191896335073233 0.78526803695784 NaN
0.454 -0.670361051647297 -0.193267810526101 0.785268036957839 NaN
0.455 -0.672731429232566 -0.194649901762017 0.785268036957839 NaN
0.456 -0.675120428028633 -0.196042544838618 0.785268036957839 NaN
0.457 -0.677527549676504 -0.197445668361261 0.785268036957839 NaN
0.458 -0.679952275526377 -0.198859194466753 0.785268036957839 NaN
0.459 -0.682394068111862 -0.200283037602947 0.785268036957839 NaN
0.46 -0.684852372762904 -0.201717107285841 0.785268036957839 NaN
0.461 -0.687326618983671 -0.203161305706358 0.785268036957839 NaN
0.462 -0.689816221627605 -0.204615528622181 0.78526803695784 NaN
0.463 -0.692320582333904 -0.206079667791759 0.785268036957839 NaN
0.464 -0.694839090822199 -0.20755360901169 0.785268036957839 NaN
0.465 -0.697371125944622 -0.209037232654298 0.785268036957839 NaN
0.466 -0.699916056619274 -0.210530414318273 0.785268036957839 NaN
0.467 -0.702473243046638 -0.212033025305959 0.785268036957839 NaN
0.468 -0.705042037866877 -0.213544932377817 0.785268036957839 NaN
0.469 -0.707621786856029 -0.21506599852581 0.785268036957839 NaN
0.47 -0.710211829022885 -0.216596082411847 0.78526803695784 NaN
0.471 -0.712811496168099 -0.21813503824522 0.78526803695784 NaN
0.472 -0.715420112641948 -0.219682716452422 0.78526803695784 NaN
0.473 -0.718036994688421 -0.221238963502741 0.78526803695784 NaN
0.474 -0.720661449703194 -0.222803619943196 0.78526803695784 NaN
0.475 -0.723292776416274 -0.224376523519053 0.78526803695784 NaN
0.476 -0.72593026505351 -0.22595750557937 0.78526803695784 NaN
0.477 -0.728573196822928 -0.227546393872628 0.78526803695784 NaN
0.478 -0.731220842980143 -0.229143011000721 0.785268036957839 NaN
0.479 -0.733872464046742 -0.23074717363221 0.78526803695784 NaN
0.48 -0.736527308357729 -0.232358692760893 0.785268036957839 NaN
0.481 -0.739184610139165 -0.23397737290415 0.78526803695784 NaN
0.482 -0.741843587137505 -0.235603011886622 0.78526803695784 NaN
0.483 -0.744503438911153 -0.237235399582251 0.785268036957839 NaN
0.484 -0.747163345987353 -0.238874317842083 0.785268036957839 NaN
0.485 -0.749822469637951 -0.240519539962475 0.785268036957839 NaN
0.486 -0.75247995179745 -0.242170830499564 0.785268036957839 NaN
0.487 -0.755134914615871 -0.243827945501462 0.785268036957839 NaN
0.488 -0.757786459449039 -0.245490631109844 0.785268036957839 NaN
0.489 -0.760433665481345 -0.247158623939191 0.785268036957839 NaN
0.49 -0.763075588244944 -0.248831649478832 0.78526803695784 NaN
0.491 -0.765711258342559 -0.250509422621947 0.78526803695784 NaN
0.492 -0.768339680644969 -0.252191647053061 0.785268036957839 NaN
0.493 -0.770959833840889 -0.253878013703204 0.785268036957839 NaN
0.494 -0.773570670593414 -0.255568203000653 0.78526803695784 NaN
0.495 -0.776171117985549 -0.257261882145872 0.78526803695784 NaN
0.496 -0.778760078214496 -0.25895870774552 0.785268036957839 NaN
0.497 -0.781336429593385 -0.260658323323336 0.78526803695784 NaN
0.498 -0.783899027638837 -0.262360361635948 0.78526803695784 NaN
0.499 -0.786446706287632 -0.264064444153175 0.785268036957839 NaN
0.5 -0.788978279340871 -0.265770180863495 0.785268036957839 NaN
0.501 -0.79149254198186 -0.267477172043394 0.785268036957839 NaN
0.502 -0.793988272500359 -0.269185007167128 0.785268036957839 NaN
0.503 -0.796464234187039 -0.270893266504308 0.785268036957839 NaN
0.504 -0.79891917743159 -0.272601522094803 0.785268036957839 NaN
0.505 -0.801351841994585 -0.274309337149665 0.785268036957839 NaN
0.506 -0.803760959479437 -0.276016268757211 0.785268036957839 NaN
0.507 -0.806145255978929 -0.277721866596321 0.785268036957839 NaN
0.508 -0.808503454860701 -0.279425676450811 0.785268036957839 NaN
0.509 -0.810834279740363 -0.281127238997917 0.78526803695784 NaN
0.51 -0.813136457539261 -0.282826091917888 0.785268036957839 NaN
0.511 -0.815408721716665 -0.284521771785948 0.785268036957839 NaN
0.512 -0.81764981553246 -0.286213813939146 0.785268036957839 NaN
0.513 -0.819858495444673 -0.287901753766355 0.785268036957839 NaN
0.514 -0.822033534504695 -0.289585129925379 0.785268036957839 NaN
0.515 -0.824173725829772 -0.291263483476423 0.785268036957839 NaN
0.516 -0.826277886128269 -0.292936359038764 0.78526803695784 NaN
0.517 -0.828344859135817 -0.294603308639525 0.785268036957839 NaN
0.518 -0.830373519164803 -0.296263890400588 0.78526803695784 NaN
0.519 -0.83236277449375 -0.297917670612929 0.78526803695784 NaN
0.52 -0.834311570804947 -0.299564224854251 0.78526803695784 NaN
0.521 -0.836218894529831 -0.301203140219712 0.78526803695784 NaN
0.522 -0.838083776042782 -0.302834015690369 0.78526803695784 NaN
0.523 -0.839905292848892 -0.304456461457416 0.78526803695784 NaN
0.524 -0.841682572564054 -0.306070103681046 0.78526803695784 NaN
0.525 -0.843414795790199 -0.307674582775708 0.78526803695784 NaN
0.526 -0.845101198721003 -0.309269554829372 0.78526803695784 NaN
0.527 -0.846741075708756 -0.310854692000705 0.78526803695784 NaN
0.528 -0.848333781436495 -0.312429684997584 0.78526803695784 NaN
0.529 -0.849878732994819 -0.313994242016842 0.78526803695784 NaN
0.53 -0.851375411684787 -0.315548089654973 0.78526803695784 NaN
0.531 -0.852823364433972 -0.317090973865719 0.78526803695784 NaN
0.532 -0.854222205020339 -0.318622659616023 0.78526803695784 NaN
0.533 -0.855571614957648 -0.320142931819796 0.78526803695784 NaN
0.534 -0.856871343906427 -0.321651595055032 0.78526803695784 NaN
0.535 -0.85812121004048 -0.323148473256941 0.78526803695784 NaN
0.536 -0.859321099887093 -0.324633410797338 0.78526803695784 NaN
0.537 -0.860470967729429 -0.326106271524704 0.78526803695784 NaN
0.538 -0.861570834748703 -0.327566937755711 0.78526803695784 NaN
0.539 -0.862620787765713 -0.329015311233347 0.78526803695784 NaN
0.54 -0.863620977554306 -0.330451312527124 0.78526803695784 NaN
0.541 -0.864571616911303 -0.331874878756267 0.78526803695784 NaN
0.542 -0.865472978152817 -0.333285965081545 0.78526803695784 NaN
0.543 -0.866325390501155 -0.334684542755948 0.78526803695784 NaN
0.544 -0.86712923723102 -0.336070598099759 0.78526803695784 NaN
0.545 -0.867884952391539 -0.337444132895603 0.78526803695784 NaN
0.546 -0.868593017172867 -0.338805161033577 0.78526803695784 NaN
0.547 -0.869253956218953 -0.340153710757473 0.78526803695784 NaN
0.548 -0.869868333538965 -0.341489820404669 0.78526803695784 NaN
0.549 -0.870436748052969 -0.342813539567981 0.78526803695784 NaN
0.55 -0.870959829123782 -0.3441249261575 0.78526803695784 NaN
0.551 -0.871438231998265 -0.345424046869767 0.78526803695784 NaN
0.552 -0.871872633142064 -0.346710974058515 0.78526803695784 NaN
0.553 -0.872263725593833 -0.34798578674401 0.78526803695784 NaN
0.554 -0.872612214354322 -0.349248567003345 0.78526803695784 NaN
0.555 -0.872918811823067 -0.350499401656702 0.78526803695784 NaN
0.556 -0.873184233126124 -0.351738377558017 0.78526803695784 NaN
0.557 -0.873409192027973 -0.352965584533765 0.78526803695784 NaN
0.558 -0.873594396656331 -0.354181111137403 0.78526803695784 NaN
0.559 -0.873740545447161 -0.355385045099597 0.78526803695784 NaN
0.56 -0.873848323393152 -0.356577472360393 0.78526803695784 NaN
0.561 -0.873918398045804 -0.357758476587141 0.78526803695784 NaN
0.562 -0.87395141630327 -0.358928136628226 0.78526803695784 NaN
0.563 -0.873948001258572 -0.360086527442023 0.78526803695784 NaN
0.564 -0.873908749585078 -0.361233719563167 0.78526803695784 NaN
0.565 -0.873834229319817 -0.362369777328666 0.78526803695784 NaN
0.566 -0.873724978289661 -0.363494759384061 0.78526803695784 NaN
0.567 -0.873581502641289 -0.364608718285317 0.78526803695784 NaN
0.568 -0.873404275396303 -0.365711700985148 0.78526803695784 NaN
0.569 -0.873193735267124 -0.366803746575715 0.78526803695784 NaN
0.57 -0.872950285645793 -0.367884888211401 0.78526803695784 NaN
0.571 -0.872674294313783 -0.368955151590905 0.78526803695784 NaN
0.572 -0.872366093479011 -0.37001455519935 0.78526803695784 NaN
0.573 -0.872025980451634 -0.371063111536216 0.78526803695784 NaN
0.574 -0.871654217981075 -0.372100825611108 0.78526803695784 NaN
0.575 -0.871251035479906 -0.373127696935557 0.78526803695784 NaN
0.576 -0.870816629697101 -0.37414371744393 0.78526803695784 NaN
0.577 -0.870351165388639 -0.375148874782324 0.78526803695784 NaN
0.578 -0.869854778289333 -0.376143149076115 0.78526803695784 NaN
0.579 -0.869327577166759 -0.377126517028746 0.78526803695784 NaN
0.58 -0.868769643373693 -0.378098949317003 0.78526803695784 NaN
0.581 -0.868181031513283 -0.379060410317256 0.78526803695784 NaN
0.582 -0.867561775091305 -0.380010860760039 0.78526803695784 NaN
0.583 -0.866911892034214 -0.380950258739895 0.785268036957839 NaN
0.584 -0.866231384222457 -0.381878560540727 0.78526803695784 NaN
0.585 -0.865520235911259 -0.382795718418191 0.785268036957839 NaN
0.586 -0.864778412228559 -0.383701679060381 0.78526803695784 NaN
0.587 -0.864005862877603 -0.384596384712532 0.78526803695784 NaN
0.588 -0.8632025298029 -0.385479775485666 0.785268036957839 NaN
0.589 -0.862368349449633 -0.386351791558639 0.78526803695784 NaN
0.59 -0.861503249871764 -0.387212369104748 0.78526803695784 NaN
0.591 -0.860607151679093 -0.388061442420254 0.78526803695784 NaN
0.592 -0.859679972017676 -0.388898942039854 0.785268036957839 NaN
0.593 -0.858721628912029 -0.389724797418708 0.785268036957839 NaN
0.594 -0.857732047300341 -0.390538938904657 0.78526803695784 NaN
0.595 -0.856711157971936 -0.391341294576148 0.78526803695784 NaN
0.596 -0.855658894123872 -0.392131791886618 0.78526803695784 NaN
0.597 -0.854575192166183 -0.392910358847255 0.785268036957839 NaN
0.598 -0.853459997232113 -0.393676923943825 0.78526803695784 NaN
0.599 -0.852313269154481 -0.394431416622738 0.78526803695784 NaN
0.6 -0.851134978752246 -0.39517376260801 0.78526803695784 NaN
0.601 -0.849925104895824 -0.395903887541337 0.78526803695784 NaN
0.602 -0.84868363926743 -0.396621717170901 0.78526803695784 NaN
0.603 -0.84741058513057 -0.397327179759304 0.78526803695784 NaN
0.604 -0.846105952717146 -0.39802020100442 0.78526803695784 NaN
0.605 -0.84476976347855 -0.398700705304386 0.78526803695784 NaN
0.606 -0.843402055439967 -0.399368617878382 0.78526803695784 NaN
0.607 -0.84200288251678 -0.400023865040796 0.78526803695784 NaN
0.608 -0.840572312660192 -0.400666374886862 0.78526803695784 NaN
0.609 -0.839110433751925 -0.40129607882606 0.78526803695784 NaN
0.61 -0.837617363464636 -0.401912913902123 0.78526803695784 NaN
0.611 -0.836093258314255 -0.402516826581419 0.78526803695784 NaN
0.612 -0.834538311981404 -0.403107772697273 0.78526803695784 NaN
0.613 -0.832952744587477 -0.403685713977909 0.78526803695784 NaN
0.614 -0.83133678309646 -0.404250609890454 0.785268036957839 NaN
0.615 -0.829690647125374 -0.404802416408773 0.78526803695784 NaN
0.616 -0.828014558155611 -0.405341089719796 0.78526803695784 NaN
0.617 -0.82630875465444 -0.405866591113024 0.78526803695784 NaN
0.618 -0.824573500348551 -0.406378887130433 0.78526803695784 NaN
0.619 -0.822809084110638 -0.40687795263276 0.78526803695784 NaN
0.62 -0.821015829039564 -0.407363774633412 0.78526803695784 NaN
0.621 -0.819194098592965 -0.407836358595837 0.78526803695784 NaN
0.622 -0.817344291292201 -0.408295720836054 0.78526803695784 NaN
0.623 -0.815466829680631 -0.408741890568618 0.78526803695784 NaN
0.624 -0.813562150770693 -0.409174902048367 0.78526803695784 NaN
0.625 -0.811630702860582 -0.409594796171891 0.78526803695784 NaN
0.626 -0.809672945901116 -0.410001622086672 0.78526803695784 NaN
0.627 -0.807689353042613 -0.410395436809624 0.78526803695784 NaN
0.628 -0.805680413622436 -0.410776308682352 0.78526803695784 NaN
0.629 -0.803646636031429 -0.411144318646056 0.78526803695784 NaN
0.63 -0.801588547615588 -0.41149956059124 0.78526803695784 NaN
0.631 -0.799506693245587 -0.411842141084733 0.78526803695784 NaN
0.632 -0.797401637124292 -0.41217218180043 0.78526803695784 NaN
0.633 -0.795273962466726 -0.412489816614181 0.78526803695784 NaN
0.634 -0.793124262222266 -0.412795193505686 0.78526803695784 NaN
0.635 -0.790953144166156 -0.413088472026266 0.78526803695784 NaN
0.636 -0.788761238113297 -0.413369829316641 0.78526803695784 NaN
0.637 -0.786549190920717 -0.413639455024422 0.78526803695784 NaN
0.638 -0.784317658010205 -0.413897550874937 0.78526803695784 NaN
0.639 -0.782067301275844 -0.414144328314848 0.78526803695784 NaN
0.64 -0.779798792836383 -0.414380010948331 0.78526803695784 NaN
0.641 -0.777512819470903 -0.41460483679508 0.78526803695784 NaN
0.642 -0.775210084397419 -0.414819056832645 0.78526803695784 NaN
0.643 -0.772891306749122 -0.415022936521496 0.78526803695784 NaN
0.644 -0.770557220978304 -0.415216754921727 0.78526803695784 NaN
0.645 -0.768208577206083 -0.41540080347053 0.78526803695784 NaN
0.646 -0.765846141083693 -0.415575386453273 0.78526803695784 NaN
0.647 -0.763470693776552 -0.415740821203744 0.78526803695784 NaN
0.648 -0.761083033097897 -0.415897437131901 0.78526803695784 NaN
0.649 -0.758683974243843 -0.416045576294829 0.78526803695784 NaN
0.65 -0.756274349696192 -0.416185592328565 0.78526803695784 NaN
0.651 -0.753855009615268 -0.416317850406501 0.78526803695784 NaN
0.652 -0.751426822434575 -0.41644272781619 0.78526803695784 NaN
0.653 -0.748990675124059 -0.416560611648621 0.78526803695784 NaN
0.654 -0.746547472330066 -0.416671899668491 0.78526803695784 NaN
0.655 -0.744098137594425 -0.416776999662205 0.78526803695784 NaN
0.656 -0.741643615307355 -0.416876330009345 0.78526803695784 NaN
0.657 -0.739184869116564 -0.416970319374321 0.78526803695784 NaN
0.658 -0.736722879077086 -0.417059404485437 0.78526803695784 NaN
0.659 -0.734258642676092 -0.417144030375842 0.78526803695784 NaN
0.66 -0.731793177754459 -0.417224652526993 0.78526803695784 NaN
0.661 -0.729327525587244 -0.417301738728305 0.78526803695784 NaN
0.662 -0.726862752082669 -0.41737577013412 0.78526803695784 NaN
0.663 -0.724399945566866 -0.417447236824628 0.78526803695784 NaN
0.664 -0.72194020858977 -0.417516637412029 0.78526803695784 NaN
0.665 -0.719484654368557 -0.417584476487293 0.78526803695784 NaN
0.666 -0.7170344084896 -0.41765126760928 0.78526803695784 NaN
0.667 -0.714590614008308 -0.417717534600944 0.78526803695784 NaN
0.668 -0.712154433915872 -0.417783815049773 0.78526803695784 NaN
0.669 -0.709727049666268 -0.417850657965831 0.78526803695784 NaN
0.67 -0.707309657454596 -0.417918625149898 0.78526803695784 NaN
0.671 -0.70490346415526 -0.417988288675638 0.78526803695784 NaN
0.672 -0.702509684328825 -0.418060230471474 0.78526803695784 NaN
0.673 -0.700129536708244 -0.418135041660233 0.78526803695784 NaN
0.674 -0.697764242305079 -0.418213321848029 0.78526803695784 NaN
0.675 -0.695415024760887 -0.418295680672871 0.78526803695784 NaN
0.676 -0.693083106276767 -0.418382736852615 0.78526803695784 NaN
0.677 -0.690769707346774 -0.418475117773392 0.78526803695784 NaN
0.678 -0.688476051398919 -0.418573462393359 0.78526803695784 NaN
0.679 -0.686203335222749 -0.418678407706374 0.78526803695784 NaN
0.68 -0.68395273229865 -0.418790590374949 0.78526803695784 NaN
0.681 -0.68172542129416 -0.418910662422608 0.78526803695784 NaN
0.682 -0.67952259535027 -0.41903929438243 0.78526803695784 NaN
0.683 -0.677345442993513 -0.419177165115366 0.78526803695784 NaN
0.684 -0.675195125338638 -0.419324953308316 0.78526803695784 NaN
0.685 -0.673072766956818 -0.419483330205838 0.78526803695784 NaN
0.686 -0.670979462809258 -0.419652963330604 0.78526803695784 NaN
0.687 -0.668916288463153 -0.419834521531817 0.78526803695784 NaN
0.688 -0.666884305309465 -0.420028675684373 0.785268036957841 NaN
0.689 -0.664884555567869 -0.420236095023083 0.78526803695784 NaN
0.69 -0.662918045366347 -0.42045744171054 0.78526803695784 NaN
0.691 -0.660985746757702 -0.420693368066088 0.78526803695784 NaN
0.692 -0.659088595326648 -0.420944513332353 0.78526803695784 NaN
0.693 -0.657227489147972 -0.421211501860203 0.78526803695784 NaN
0.694 -0.655403289486345 -0.421494944602813 0.78526803695784 NaN
0.695 -0.653616826560072 -0.421795440478874 0.78526803695784 NaN
0.696 -0.651868960238551 -0.422113603022772 0.78526803695784 NaN
0.697 -0.650160496511703 -0.422450019106112 0.785268036957841 NaN
0.698 -0.648492127995983 -0.422805215117075 0.78526803695784 NaN
0.699 -0.646864512792149 -0.423179693236661 0.785268036957841 NaN
0.7 -0.645278354322895 -0.423573974477622 0.78526803695784 NaN
0.701 -0.643734365719326 -0.423988581719779 0.78526803695784 NaN
0.702 -0.642233215884011 -0.424424011547357 0.78526803695784 NaN
0.703 -0.640775495596378 -0.424880713061434 0.78526803695784 NaN
0.704 -0.639361715853609 -0.425359082916131 0.78526803695784 NaN
0.705 -0.637992334727926 -0.425859481935212 0.78526803695784 NaN
0.706 -0.636667799945605 -0.426382255222409 0.78526803695784 NaN
0.707 -0.635388550029517 -0.426927733848068 0.78526803695784 NaN
0.708 -0.634155013151663 -0.427496231362943 0.78526803695784 NaN
0.709 -0.632967605509206 -0.428088044594442 0.78526803695784 NaN
0.71 -0.631826713392009 -0.428703443395339 0.785268036957841 NaN
0.711 -0.630732684328782 -0.429342670846045 0.78526803695784 NaN
0.712 -0.629685835245591 -0.43000594299745 0.785268036957841 NaN
0.713 -0.628686459555738 -0.430693452537372 0.78526803695784 NaN
0.714 -0.627734829550322 -0.431405371901988 0.78526803695784 NaN
0.715 -0.626831189641571 -0.432141854433875 0.78526803695784 NaN
0.716 -0.625975785585144 -0.432903049396068 0.78526803695784 NaN
0.717 -0.625168860134035 -0.433689098274371 0.785268036957841 NaN
0.718 -0.624410625512239 -0.434500123524516 0.78526803695784 NaN
0.719 -0.62370126739925 -0.435336229845967 0.785268036957841 NaN
0.72 -0.623040968047971 -0.436197520932915 0.78526803695784 NaN
0.721 -0.62242992680256 -0.437084109678912 0.785268036957841 NaN
0.722 -0.621868330593088 -0.437996105914158 0.78526803695784 NaN
0.723 -0.621356328476001 -0.438933604575795 0.785268036957841 NaN
0.724 -0.620894101853789 -0.439896721880004 0.785268036957841 NaN
0.725 -0.620481834858198 -0.44088558292177 0.78526803695784 NaN
0.726 -0.620119724624981 -0.441900331178124 0.78526803695784 NaN
0.727 -0.619807976847209 -0.442941132366025 0.78526803695784 NaN
0.728 -0.619546720736789 -0.44400811528348 0.78526803695784 NaN
0.729 -0.619336045399682 -0.445101386134725 0.78526803695784 NaN
0.73 -0.619176077566099 -0.446221075387414 0.78526803695784 NaN
0.731 -0.619067026929465 -0.447367376615006 0.78526803695784 NaN
0.732 -0.61900920718916 -0.448540567443615 0.785268036957841 NaN
0.733 -0.619002964722971 -0.449740973157044 0.78526803695784 NaN
0.734 -0.619048613764545 -0.450968924343532 0.78526803695784 NaN
0.735 -0.619146422959655 -0.452224735556951 0.78526803695784 NaN
0.736 -0.61929663089011 -0.453508705589945 0.785268036957841 NaN
0.737 -0.619499464082149 -0.454821125117964 0.785268036957841 NaN
0.738 -0.61975511510451 -0.456162272035533 0.785268036957841 NaN
0.739 -0.620063725006262 -0.457532409340574 0.785268036957841 NaN
0.74 -0.620425430377012 -0.458931803426687 0.785268036957841 NaN
0.741 -0.620840435902274 -0.460360760075377 0.78526803695784 NaN
0.742 -0.621309004519535 -0.461819622861051 0.785268036957841 NaN
0.743 -0.621831403034843 -0.463308751618019 0.785268036957841 NaN
0.744 -0.622407872061549 -0.464828509260677 0.785268036957841 NaN
0.745 -0.623038645799489 -0.466379268795902 0.78526803695784 NaN
0.746 -0.623723971995671 -0.467961417339523 0.78526803695784 NaN
0.747 -0.624464133514721 -0.469575360326098 0.78526803695784 NaN
0.748 -0.625259423606693 -0.471221504120047 0.78526803695784 NaN
0.749 -0.626110110699604 -0.472900233230921 0.78526803695784 NaN
0.75 -0.627016425892978 -0.474611899663854 0.78526803695784 NaN
0.751 -0.627978551992505 -0.476356815469983 0.785268036957841 NaN
0.752 -0.628996610583753 -0.478135243546162 0.78526803695784 NaN
0.753 -0.630070630829724 -0.479947382819574 0.785268036957841 NaN
0.754 -0.631200562609119 -0.481793373448276 0.78526803695784 NaN
0.755 -0.632386292855196 -0.483673306052687 0.78526803695784 NaN
0.756 -0.633627672570657 -0.485587237790565 0.78526803695784 NaN
0.757 -0.634924554708208 -0.487535213126813 0.78526803695784 NaN
0.758 -0.636276807352958 -0.489517270545202 0.78526803695784 NaN
0.759 -0.637684281109462 -0.491533425957755 0.78526803695784 NaN
0.76 -0.639146798406135 -0.493583664567487 0.78526803695784 NaN
0.761 -0.640664124002632 -0.495667921920004 0.78526803695784 NaN
0.762 -0.642235939055741 -0.497786070051357 0.78526803695784 NaN
0.763 -0.64386184991476 -0.499937922661134 0.78526803695784 NaN
0.764 -0.645541389413099 -0.502123233503026 0.78526803695784 NaN
0.765 -0.647274001530378 -0.504341689636747 0.78526803695784 NaN
0.766 -0.64905903179851 -0.506592907494869 0.78526803695784 NaN
0.767 -0.650895738122195 -0.508876436730727 0.78526803695784 NaN
0.768 -0.652783310699958 -0.511191774477197 0.78526803695784 NaN
0.769 -0.654720894550045 -0.513538374747179 0.78526803695784 NaN
0.77 -0.656707589247342 -0.515915653976547 0.78526803695784 NaN
0.771 -0.658742400517514 -0.518322972779406 0.78526803695784 NaN
0.772 -0.66082425962238 -0.520759642429418 0.78526803695784 NaN
0.773 -0.662952025696472 -0.523224920639179 0.78526803695784 NaN
0.774 -0.665124493592876 -0.525718016458156 0.78526803695784 NaN
0.775 -0.667340344457308 -0.528238070717494 0.78526803695784 NaN
0.776 -0.669598248290933 -0.530784212751226 0.78526803695784 NaN
0.777 -0.671896681930066 -0.533355477770584 0.78526803695784 NaN
0.778 -0.674233750361999 -0.535950734123885 0.78526803695784 NaN
0.779 -0.676607785331462 -0.538568941291573 0.78526803695784 NaN
0.78 -0.679017546017178 -0.541209218930001 0.78526803695784 NaN
0.781 -0.681461668076746 -0.543870613395416 0.78526803695784 NaN
0.782 -0.683938361877319 -0.546551989579315 0.78526803695784 NaN
0.783 -0.686445420803564 -0.549252042449732 0.78526803695784 NaN
0.784 -0.688980499285645 -0.55196940226876 0.78526803695784 NaN
0.785 -0.691541541037212 -0.554702815773198 0.78526803695784 NaN
0.786 -0.69412690876113 -0.557451214584946 0.78526803695784 NaN
0.787 -0.696735056789207 -0.56021359016049 0.78526803695784 NaN
0.788 -0.699364104425849 -0.562988804712964 0.78526803695784 NaN
0.789 -0.702011708777097 -0.565775516440244 0.78526803695784 NaN
0.79 -0.704675260721482 -0.568572245290997 0.78526803695784 NaN
0.791 -0.707352164866294 -0.571377497661593 0.78526803695784 NaN
0.792 -0.710040019652027 -0.574189861281427 0.78526803695784 NaN
0.793 -0.712736676492374 -0.577008057957384 0.78526803695784 NaN
0.794 -0.715440124752341 -0.579830897238155 0.78526803695784 NaN
0.795 -0.718148337062859 -0.582657214305806 0.78526803695784 NaN
0.796 -0.72085921730148 -0.585485836419159 0.78526803695784 NaN
0.797 -0.723570528655612 -0.588315537407631 0.78526803695784 NaN
0.798 -0.72627988967934 -0.591145028822605 0.78526803695784 NaN
0.799 -0.72898481830184 -0.593972971209065 0.78526803695784 NaN
0.8 -0.731682789030038 -0.596797998767594 0.78526803695784 NaN
0.801 -0.734371278473271 -0.599618738682708 0.78526803695784 NaN
0.802 -0.737047794427735 -0.602433835765983 0.78526803695784 NaN
0.803 -0.739709907295064 -0.605241985076873 0.78526803695784 NaN
0.804 -0.742355253535453 -0.608041926717643 0.78526803695784 NaN
0.805 -0.744981533994431 -0.610832433215313 0.78526803695784 NaN
0.806 -0.747586499449205 -0.613612302047142 0.78526803695784 NaN
0.807 -0.750167928900587 -0.616380344349203 0.78526803695784 NaN
0.808 -0.75272360296696 -0.619135374325864 0.78526803695784 NaN
0.809 -0.755251309137711 -0.621876206557543 0.78526803695784 NaN
0.81 -0.757748857605076 -0.624601665944715 0.78526803695784 NaN
0.811 -0.760214047960882 -0.627310598828018 0.78526803695784 NaN
0.812 -0.762644682691486 -0.630001851116015 0.78526803695784 NaN
0.813 -0.765038559323047 -0.632674266379025 0.78526803695784 NaN
0.814 -0.767393497415246 -0.63532669269742 0.78526803695784 NaN
0.815 -0.769707377280463 -0.637957998586415 0.78526803695784 NaN
0.816 -0.771978153911892 -0.64056707929997 0.78526803695784 NaN
0.817 -0.774203840838775 -0.643152848800957 0.78526803695784 NaN
0.818 -0.776382490300135 -0.645714227222408 0.78526803695784 NaN
0.819 -0.778512178543706 -0.648250137023925 0.78526803695784 NaN
0.82 -0.780591004886324 -0.650759497714641 0.78526803695784 NaN
0.821 -0.782617106744082 -0.653241237149097 0.78526803695784 NaN
0.822 -0.784588670972408 -0.65569429351285 0.78526803695784 NaN
0.823 -0.786503939617663 -0.658117613819348 0.78526803695784 NaN
0.824 -0.788361211797863 -0.660510155803899 0.78526803695784 NaN
0.825 -0.790158846237044 -0.662870885746293 0.78526803695784 NaN
0.826 -0.791895255862163 -0.665198783585667 0.78526803695784 NaN
0.827 -0.793568904481351 -0.667492838816997 0.78526803695784 NaN
0.828 -0.795178303304641 -0.669752047741064 0.78526803695784 NaN
0.829 -0.796722009896592 -0.671975413063297 0.78526803695784 NaN
0.83 -0.798198630284221 -0.67416194135205 0.78526803695784 NaN
0.831 -0.799606823306904 -0.676310645565192 0.78526803695784 NaN
0.832 -0.800945306730491 -0.678420547923822 0.78526803695784 NaN
0.833 -0.802212862853438 -0.68049068380174 0.78526803695784 NaN
0.834 -0.80340834101373 -0.682520104201266 0.78526803695784 NaN
0.835 -0.804530660357521 -0.684507878673128 0.78526803695784 NaN
0.836 -0.805578810109552 -0.686453099365659 0.78526803695784 NaN
0.837 -0.806551848625365 -0.688354881329239 0.78526803695784 NaN
0.838 -0.807448901448039 -0.690212367153729 0.78526803695784 NaN
0.839 -0.808269159261074 -0.692024727519847 0.78526803695784 NaN
0.84 -0.809011871605208 -0.693791158804338 0.78526803695784 NaN
0.841 -0.809676347976698 -0.695510890884235 0.78526803695784 NaN
0.842 -0.810261959974863 -0.697183191174528 0.78526803695784 NaN
0.843 -0.81076813719545 -0.698807365222246 0.78526803695784 NaN
0.844 -0.8111943638978 -0.700382753108078 0.78526803695784 NaN
0.845 -0.811540187751629 -0.701908741421917 0.78526803695784 NaN
0.846 -0.811805218797766 -0.703384759653721 0.78526803695784 NaN
0.847 -0.811989126077439 -0.704810288796899 0.78526803695784 NaN
0.848 -0.812091651692531 -0.706184880279059 0.78526803695784 NaN
0.849 -0.812112624858339 -0.707508161342801 0.78526803695784 NaN
0.85 -0.812051945529943 -0.708779830341603 0.78526803695784 NaN
0.851 -0.811909589419689 -0.70999965814601 0.78526803695784 NaN
0.852 -0.811685617531303 -0.711167487912423 0.78526803695784 NaN
0.853 -0.81138017508427 -0.712283243474479 0.78526803695784 NaN
0.854 -0.810993494397798 -0.713346935145543 0.78526803695784 NaN
0.855 -0.810525898575771 -0.714358666218887 0.78526803695784 NaN
0.856 -0.80997779744137 -0.715318632570126 0.78526803695784 NaN
0.857 -0.809349685618406 -0.716227113746506 0.78526803695784 NaN
0.858 -0.808642136359976 -0.717084471390842 0.78526803695784 NaN
0.859 -0.80785579507227 -0.717891148873192 0.78526803695784 NaN
0.86 -0.80699139263703 -0.718647666906031 0.78526803695784 NaN
0.861 -0.806049749016554 -0.719354621923728 0.78526803695784 NaN
0.862 -0.805031760346094 -0.720012680821295 0.78526803695784 NaN
0.863 -0.803938390299383 -0.720622575814992 0.78526803695784 NaN
0.864 -0.802770664940879 -0.721185096294897 0.78526803695784 NaN
0.865 -0.80152967335851 -0.721701082599559 0.78526803695784 NaN
0.866 -0.80021656074537 -0.722171421300373 0.78526803695784 NaN
0.867 -0.798832521937092 -0.722597040269078 0.78526803695784 NaN
0.868 -0.797378791442944 -0.722978892940355 0.78526803695784 NaN
0.869 -0.79585666147484 -0.723317979052229 0.78526803695784 NaN
0.87 -0.794267477788258 -0.723615325921791 0.78526803695784 NaN
0.871 -0.792612619244972 -0.723871955221703 0.78526803695784 NaN
0.872 -0.79089350223446 -0.72408890755979 0.78526803695784 NaN
0.873 -0.789111606774106 -0.724267271606411 0.78526803695784 NaN
0.874 -0.787268486738037 -0.724408168295945 0.78526803695784 NaN
0.875 -0.785365742181795 -0.724512703355296 0.785268036957839 NaN
0.876 -0.783404985936209 -0.724581943140259 0.78526803695784 NaN
0.877 -0.781387835290973 -0.724616930367137 0.78526803695784 NaN
0.878 -0.779315914966219 -0.724618691923385 0.785268036957839 NaN
0.879 -0.777190880403426 -0.724588260430215 0.78526803695784 NaN
0.88 -0.775014431008348 -0.724526678675815 0.78526803695784 NaN
0.881 -0.772788278869618 -0.724434938875319 0.78526803695784 NaN
0.882 -0.770514114363829 -0.724313967220194 0.78526803695784 NaN
0.883 -0.768193638528099 -0.724164700333687 0.78526803695784 NaN
0.884 -0.765828554089996 -0.723988094023336 0.785268036957839 NaN
0.885 -0.763420546653406 -0.723785061348513 0.78526803695784 NaN
0.886 -0.760971281386172 -0.723556440306062 0.78526803695784 NaN
0.887 -0.758482427119954 -0.72330302189541 0.785268036957839 NaN
0.888 -0.755955680592804 -0.723025595558805 0.785268036957839 NaN
0.889 -0.753392771657126 -0.722724978989807 0.785268036957839 NaN
0.89 -0.750795430195324 -0.722401984324646 0.785268036957839 NaN
0.891 -0.748165371094222 -0.722057406662144 0.785268036957839 NaN
0.892 -0.745504306176807 -0.721692016015336 0.785268036957839 NaN
0.893 -0.742813870145935 -0.721306515815087 0.785268036957839 NaN
0.894 -0.74009557037939 -0.720901537086534 0.785268036957839 NaN
0.895 -0.737350824341579 -0.720477671798032 0.785268036957839 NaN
0.896 -0.734581053420587 -0.720035530459416 0.785268036957839 NaN
0.897 -0.731787722721992 -0.71957575506353 0.78526803695784 NaN
0.898 -0.72897229656549 -0.719098988515158 0.785268036957839 NaN
0.899 -0.726136182059315 -0.718605847387553 0.785268036957839 NaN
0.9 -0.723280701777786 -0.718096919001805 0.785268036957839 NaN
0.901 -0.72040715778582 -0.717572802424378 0.78526803695784 NaN
0.902 -0.71751684063429 -0.71703412286218 0.78526803695784 NaN
0.903 -0.714611087666169 -0.716481569662639 0.78526803695784 NaN
0.904 -0.711691233497164 -0.715915865828807 0.785268036957839 NaN
0.905 -0.708758524198213 -0.715337705932025 0.785268036957839 NaN
0.906 -0.705813977659934 -0.714747695056124 0.785268036957839 NaN
0.907 -0.702858421229134 -0.71414639009311 0.785268036957839 NaN
0.908 -0.699892712776508 -0.713534391149682 0.785268036957839 NaN
0.909 -0.696917809432322 -0.712912361639383 0.785268036957839 NaN
0.91 -0.69393465084374 -0.712280980055757 0.785268036957839 NaN
0.911 -0.690944085296627 -0.711640910840281 0.785268036957839 NaN
0.912 -0.687946884195001 -0.710992800070006 0.785268036957839 NaN
0.913 -0.684943851779612 -0.710337316324167 0.785268036957839 NaN
0.914 -0.681935923513273 -0.709675191742744 0.785268036957839 NaN
0.915 -0.67892412000658 -0.7090072098514 0.785268036957839 NaN
0.916 -0.675909349186933 -0.708334123696862 0.785268036957839 NaN
0.917 -0.672892216166266 -0.707656578186966 0.785268036957839 NaN
0.918 -0.669872995804404 -0.706975092350013 0.785268036957839 NaN
0.919 -0.666851798247481 -0.706290118104074 0.785268036957839 NaN
0.92 -0.663828808902295 -0.705602125528803 0.785268036957839 NaN
0.921 -0.660804464173022 -0.704911667404084 0.785268036957839 NaN
0.922 -0.65777949632007 -0.704219394371587 0.785268036957839 NaN
0.923 -0.654754852223336 -0.703526021605484 0.785268036957839 NaN
0.924 -0.651731547957117 -0.702832271102447 0.785268036957839 NaN
0.925 -0.648710534711309 -0.702138820117577 0.785268036957839 NaN
0.926 -0.64569261801116 -0.701446267765114 0.785268036957839 NaN
0.927 -0.642678432571327 -0.700755127216941 0.785268036957839 NaN
0.928 -0.639668454729379 -0.700065827580296 0.785268036957839 NaN
0.929 -0.636663037524248 -0.699378726636543 0.785268036957839 NaN
0.93 -0.633662457714405 -0.698694127230925 0.785268036957839 NaN
0.931 -0.630666968791825 -0.6980122948254 0.785268036957839 NaN
0.932 -0.627676844891533 -0.697333474027975 0.785268036957839 NaN
0.933 -0.62469241530674 -0.696657901669856 0.785268036957839 NaN
0.934 -0.621714083739435 -0.695985813474287 0.785268036957839 NaN
0.935 -0.618742324810588 -0.695317444455951 0.785268036957839 NaN
0.936 -0.615777670558246 -0.694653024824555 0.785268036957839 NaN
0.937 -0.612820693617612 -0.693992772934273 0.785268036957839 NaN
0.938 -0.609871988335728 -0.693336893886917 0.785268036957839 NaN
0.939 -0.606932154843574 -0.692685574774941 0.785268036957839 NaN
0.94 -0.604001793553196 -0.692038987726633 0.785268036957839 NaN
0.941 -0.601081490769439 -0.691397284742028 0.785268036957839 NaN
0.942 -0.598171779746881 -0.690760569106118 0.785268036957839 NaN
0.943 -0.595273151125234 -0.690128905556974 0.785268036957839 NaN
0.944 -0.592386098000496 -0.689502355473236 0.785268036957839 NaN
0.945 -0.58951113615865 -0.688880996461215 0.785268036957839 NaN
0.946 -0.586648819019566 -0.688264931471512 0.785268036957839 NaN
0.947 -0.583799711869958 -0.687654270145063 0.785268036957839 NaN
0.948 -0.580964356667442 -0.687049106014404 0.785268036957839 NaN
0.949 -0.578143271206763 -0.686449520278216 0.785268036957839 NaN
0.95 -0.57533697449009 -0.685855604449792 0.785268036957839 NaN
0.951 -0.572546007034348 -0.685267476335363 0.785268036957839 NaN
0.952 -0.569770931790854 -0.684685284425914 0.785268036957839 NaN
0.953 -0.567012321648749 -0.684109201350755 0.785268036957839 NaN
0.954 -0.564270745729676 -0.683539417508697 0.785268036957839 NaN
0.955 -0.561546760377122 -0.682976137231811 0.785268036957839 NaN
0.956 -0.55884090521088 -0.68241957856197 0.785268036957839 NaN
0.957 -0.556153715929673 -0.681869984413956 0.785268036957839 NaN
0.958 -0.553485722297733 -0.681327621394558 0.785268036957839 NaN
0.959 -0.550837455099508 -0.680792784063786 0.785268036957839 NaN
0.96 -0.548209439179983 -0.680265792536977 0.785268036957838 NaN
0.961 -0.545602179044395 -0.67974698115762 0.785268036957838 NaN
0.962 -0.543016159536986 -0.679236702977933 0.785268036957838 NaN
0.963 -0.540451858689787 -0.67873533575848 0.785268036957839 NaN
0.964 -0.537909759574352 -0.678243287432227 0.785268036957839 NaN
0.965 -0.535390352226993 -0.677760998501099 0.785268036957839 NaN
0.966 -0.532894127609925 -0.677288934671154 0.785268036957839 NaN
0.967 -0.530421570291675 -0.676827581645541 0.785268036957839 NaN
0.968 -0.527973154122964 -0.676377442780347 0.785268036957839 NaN
0.969 -0.525549341044958 -0.675939034852098 0.785268036957839 NaN
0.97 -0.523150582098116 -0.675512887853723 0.785268036957838 NaN
0.971 -0.520777318683635 -0.675099543079138 0.785268036957839 NaN
0.972 -0.518429983135407 -0.674699550714982 0.785268036957839 NaN
0.973 -0.516108998671847 -0.67431346633198 0.785268036957839 NaN
0.974 -0.513814778425056 -0.67394184801159 0.785268036957839 NaN
0.975 -0.511547724407973 -0.673585253718653 0.785268036957838 NaN
0.976 -0.509308226049286 -0.673244235162068 0.785268036957838 NaN
0.977 -0.507096659191182 -0.672919336645119 0.785268036957839 NaN
0.978 -0.50491338445265 -0.672611089321657 0.785268036957838 NaN
0.979 -0.502758749122429 -0.672320010791917 0.785268036957839 NaN
0.98 -0.500633086271325 -0.672046602688176 0.785268036957839 NaN
0.981 -0.498536714509751 -0.671791346320132 0.785268036957839 NaN
0.982 -0.496469938912323 -0.67155469954336 0.785268036957839 NaN
0.983 -0.494433051766727 -0.671337096644962 0.785268036957838 NaN
0.984 -0.492426333563407 -0.671138945023325 0.785268036957839 NaN
0.985 -0.490450054003048 -0.670960624349575 0.785268036957838 NaN
0.986 -0.488504473025575 -0.670802484712369 0.785268036957839 NaN
0.987 -0.486589841779395 -0.670664846333071 0.785268036957839 NaN
0.988 -0.484706403709993 -0.670547997493301 0.785268036957838 NaN
0.989 -0.482854395150662 -0.670452194199765 0.785268036957839 NaN
0.99 -0.481034046007551 -0.670377659149055 0.785268036957838 NaN
0.991 -0.479245579780475 -0.67032458154108 0.785268036957838 NaN
0.992 -0.477489213635275 -0.670293116344791 0.785268036957838 NaN
0.993 -0.475765157766826 -0.670283383324044 0.785268036957838 NaN
0.994 -0.474073614521066 -0.670295466015391 0.785268036957838 NaN
0.995 -0.472414777140888 -0.670329413146429 0.785268036957838 NaN
0.996 -0.470788827961843 -0.670385236259501 0.785268036957839 NaN
0.997 -0.469195936421258 -0.670462910024572 0.785268036957838 NaN
0.998 -0.467636256521088 -0.670562372317528 0.785268036957838 NaN
0.999 -0.466109924326399 -0.670683523325935 0.785268036957839 NaN
1 -0.464617054743611 -0.670826225364624 0.785268036957838 NaN
