"Time, Y-Force, Work integrand, Mass, Mass error"
0 0.000713137562029102 1.5524514824508e-11 0.78526803695784 NaN
0.001 0.000342409311566799 3.36068345528654e-10 0.78526803695784 NaN
0.002 0.000305745351384111 1.03502690139419e-09 0.78526803695784 NaN
0.003 0.000351717778028555 1.74754555853381e-09 0.78526803695784 NaN
0.004 0.000388999657728362 1.3852448388525e-09 0.78526803695784 NaN
0.005 0.000274266344715468 -4.84174758958228e-09 0.78526803695784 NaN
0.006 7.64784951790771e-06 -2.33790894343574e-08 0.78526803695784 NaN
0.007 -0.000263656074536021 -5.63164673340414e-08 0.78526803695784 NaN
0.008 -0.000469602660236143 -1.01568556458936e-07 0.78526803695784 NaN
0.009 -0.000652879448638211 -1.63127822694216e-07 0.78526803695784 NaN
0.01 -0.000856329839337027 -2.49685723535551e-07 0.78526803695784 NaN
0.011 -0.00108166586151403 -3.63929912780701e-07 0.78526803695784 NaN
0.012 -0.00133602849841203 -5.1221759542302e-07 0.78526803695784 NaN
0.013 -0.00165854718735122 -7.05077525617397e-07 0.78526803695784 NaN
0.014 -0.00208594070685055 -9.64227307261122e-07 0.78526803695784 NaN
0.015 -0.00260631891682476 -1.30759282510501e-06 0.78526803695784 NaN
0.016 -0.00315487989779967 -1.73645920115701e-06 0.78526803695784 NaN
0.017 -0.00365338631547349 -2.23930417679076e-06 0.78526803695784 NaN
0.018 -0.00405751755350713 -2.79445669538551e-06 0.78526803695784 NaN
0.019 -0.00437978171252482 -3.39256789201784e-06 0.78526803695784 NaN
0.02 -0.00468045394304695 -4.04428176456191e-06 0.78526803695784 NaN
0.021 -0.00503835003179379 -4.78436193659689e-06 0.78526803695784 NaN
0.022 -0.00551889734300761 -5.66528329346899e-06 0.78526803695784 NaN
0.023 -0.00615295703756892 -6.73838701919452e-06 0.78526803695784 NaN
0.024 -0.00693186404329776 -8.04301888901729e-06 0.78526803695784 NaN
0.025 -0.00781632675124878 -9.60076933459185e-06 0.78526803695784 NaN
0.026 -0.00875238090432963 -1.14105386871251e-05 0.78526803695784 NaN
0.027 -0.00968735337123955 -1.34570170397549e-05 0.78526803695784 NaN
0.028 -0.0105812998176588 -1.57160778205229e-05 0.78526803695784 NaN
0.029 -0.0114124895857628 -1.81639993538297e-05 0.78526803695784 NaN
0.03 -0.0121776558719396 -2.07879473754607e-05 0.78526803695784 NaN
0.031 -0.0128886627615196 -2.35870990921114e-05 0.78526803695784 NaN
0.032 -0.0135673729049647 -2.65744519473472e-05 0.78526803695784 NaN
0.033 -0.0142401840413124 -2.97786416533508e-05 0.78526803695784 NaN
0.034 -0.0149332579146675 -3.32363663669057e-05 0.78526803695784 NaN
0.035 -0.0156690047251533 -3.69900622346135e-05 0.78526803695784 NaN
0.036 -0.0164640168749295 -4.10843313286551e-05 0.78526803695784 NaN
0.037 -0.0173283471149914 -4.55626229659229e-05 0.78526803695784 NaN
0.038 -0.0182658495674139 -5.04627424404506e-05 0.78526803695784 NaN
0.039 -0.019275219923471 -5.58182515619739e-05 0.78526803695784 NaN
0.04 -0.0203513785519865 -6.16537422576127e-05 0.78526803695784 NaN
0.041 -0.0214869146119178 -6.79893887964109e-05 0.78526803695784 NaN
0.042 -0.0226733954884785 -7.48439017649126e-05 0.78526803695784 NaN
0.043 -0.0239024354218918 -8.22305314637348e-05 0.78526803695784 NaN
0.044 -0.0251664717077537 -9.01625899940157e-05 0.78526803695784 NaN
0.045 -0.0264592405786487 -9.86538346155156e-05 0.785268036957839 NaN
0.046 -0.0277759835490055 -0.000107717764505315 0.78526803695784 NaN
0.047 -0.0291134312041968 -0.000117374303778558 0.78526803695784 NaN
0.048 -0.0304696272047237 -0.000127643399830746 0.785268036957839 NaN
0.049 -0.0318436641860664 -0.000138543532304668 0.78526803695784 NaN
0.05 -0.0332353960433386 -0.00015010254868973 0.78526803695784 NaN
0.051 -0.0346451764504163 -0.000162342377533707 0.785268036957839 NaN
0.052 -0.0360736506140136 -0.000175290900194505 0.78526803695784 NaN
0.053 -0.037521605307732 -0.000188973900912013 0.78526803695784 NaN
0.054 -0.0389898702656576 -0.00020342049061634 0.78526803695784 NaN
0.055 -0.0404792601234124 -0.000218654734101981 0.785268036957839 NaN
0.056 -0.0419905464664359 -0.000234707935909618 0.78526803695784 NaN
0.057 -0.0435244522508096 -0.000251605981582577 0.785268036957839 NaN
0.058 -0.0450816636155762 -0.000269378782304924 0.78526803695784 NaN
0.059 -0.0466628567982299 -0.0002880537981092 0.78526803695784 NaN
0.06 -0.0482687343219736 -0.000307659520773481 0.78526803695784 NaN
0.061 -0.0499000629428556 -0.000328230374188301 0.78526803695784 NaN
0.062 -0.0515577035999943 -0.000349792893484948 0.78526803695784 NaN
0.063 -0.0532426257294921 -0.000372385050952633 0.785268036957839 NaN
0.064 -0.0549558993161539 -0.000396038415613542 0.78526803695784 NaN
0.065 -0.0566986632151326 -0.000420792139272382 0.78526803695784 NaN
0.066 -0.0584720699331402 -0.000446683358221551 0.78526803695784 NaN
0.067 -0.0602772131357632 -0.000473753145936143 0.78526803695784 NaN
0.068 -0.0621150446695645 -0.000502041675439746 0.78526803695784 NaN
0.069 -0.063986292598406 -0.000531589893181885 0.78526803695784 NaN
0.07 -0.0658913913861046 -0.000562440943842855 0.78526803695784 NaN
0.071 -0.0678304373036396 -0.000594631207826776 0.78526803695784 NaN
0.072 -0.069803179123388 -0.000628199920349536 0.78526803695784 NaN
0.073 -0.0718090463521149 -0.00066318111325012 0.78526803695784 NaN
0.074 -0.0738472091570429 -0.000699610101953337 0.78526803695784 NaN
0.075 -0.0759166612223859 -0.000737518026439283 0.78526803695784 NaN
0.076 -0.0780163145856062 -0.000776934750696357 0.78526803695784 NaN
0.077 -0.0801450932122473 -0.000817893153710544 0.78526803695784 NaN
0.078 -0.0823020141329737 -0.000860422559046759 0.78526803695784 NaN
0.079 -0.0844862477121979 -0.000904554689449916 0.78526803695784 NaN
0.08 -0.0866971537158559 -0.00095032657580286 0.78526803695784 NaN
0.081 -0.0889342919171436 -0.000997768048753273 0.78526803695784 NaN
0.082 -0.0911974121119833 -0.0010469187419826 0.78526803695784 NaN
0.083 -0.0934864260504747 -0.00109781882637655 0.785268036957839 NaN
0.084 -0.0958013712053099 -0.00115050695608862 0.785268036957839 NaN
0.085 -0.0981423692249128 -0.00120502588808559 0.78526803695784 NaN
0.086 -0.100509586615455 -0.00126141757047663 0.785268036957839 NaN
0.087 -0.10290320040013 -0.00131972633491121 0.785268036957839 NaN
0.088 -0.105323371589224 -0.00137999434637572 0.785268036957839 NaN
0.089 -0.107770227226779 -0.00144226654592819 0.785268036957839 NaN
0.09 -0.110243850187531 -0.0015065876779979 0.785268036957839 NaN
0.091 -0.112744276628544 -0.00157299753884598 0.785268036957839 NaN
0.092 -0.115271498853495 -0.00164153939649284 0.78526803695784 NaN
0.093 -0.117825472441343 -0.00171225770298033 0.78526803695784 NaN
0.094 -0.120406127241636 -0.00178519308756994 0.78526803695784 NaN
0.095 -0.123013379907281 -0.00186038774671312 0.78526803695784 NaN
0.096 -0.125647146446769 -0.00193788118362003 0.785268036957839 NaN
0.097 -0.128307354700908 -0.0020177172377079 0.78526803695784 NaN
0.098 -0.130993953451774 -0.00209993756765295 0.785268036957839 NaN
0.099 -0.133706918305159 -0.00218458467763603 0.785268036957839 NaN
0.1 -0.136446253230799 -0.00227169979296169 0.785268036957839 NaN
0.101 -0.139211986649793 -0.00236132927283872 0.785268036957839 NaN
0.102 -0.142004163839995 -0.00245351490306694 0.785268036957839 NaN
0.103 -0.144822835508363 -0.00254830418455894 0.785268036957839 NaN
0.104 -0.14766804393758 -0.00264573917632655 0.785268036957839 NaN
0.105 -0.150539808434507 -0.00274586553545281 0.785268036957839 NaN
0.106 -0.153438111903405 -0.00284873002524469 0.785268036957839 NaN
0.107 -0.156362890437447 -0.00295437442017274 0.785268036957839 NaN
0.108 -0.159314027172716 -0.00306284483869099 0.78526803695784 NaN
0.109 -0.162291352570182 -0.00317418553509923 0.78526803695784 NaN
0.11 -0.165294648438646 -0.0032884383908787 0.78526803695784 NaN
0.111 -0.168323657533214 -0.00340564881263145 0.785268036957839 NaN
0.112 -0.171378095196564 -0.0035258558515077 0.78526803695784 NaN
0.113 -0.174457662822296 -0.0036491052178442 0.78526803695784 NaN
0.114 -0.177562061301371 -0.00377543901703567 0.78526803695784 NaN
0.115 -0.18069100226668 -0.00390489762387458 0.78526803695784 NaN
0.116 -0.183844215146344 -0.00403752703706959 0.78526803695784 NaN
0.117 -0.187021452033985 -0.00417336911468627 0.78526803695784 NaN
0.118 -0.190222486133276 -0.00431246667251414 0.78526803695784 NaN
0.119 -0.193447105707284 -0.00445486446774812 0.78526803695784 NaN
0.12 -0.196695104577445 -0.00460060665849143 0.78526803695784 NaN
0.121 -0.199966271130857 -0.00474973531273799 0.78526803695784 NaN
0.122 -0.203260374859275 -0.00490229507418305 0.78526803695784 NaN
0.123 -0.206577154811651 -0.00505832523362554 0.78526803695784 NaN
0.124 -0.209916310359047 -0.00521787036568182 0.785268036957839 NaN
0.125 -0.213277494757754 -0.00538096524294593 0.785268036957839 NaN
0.126 -0.216660312095023 -0.00554765270110011 0.78526803695784 NaN
0.127 -0.220064318696079 -0.00571796659451833 0.78526803695784 NaN
0.128 -0.223489030720613 -0.00589194315378026 0.785268036957839 NaN
0.129 -0.226933936406071 -0.00606961595618326 0.785268036957839 NaN
0.13 -0.230398511086412 -0.00625101900221412 0.785268036957839 NaN
0.131 -0.233882234201122 -0.00643618437913902 0.785268036957839 NaN
0.132 -0.237384607687152 -0.00662514696052372 0.78526803695784 NaN
0.133 -0.240905174628231 -0.00681793827392263 0.785268036957839 NaN
0.134 -0.244443536520358 -0.00701459221564415 0.785268036957839 NaN
0.135 -0.247999367343328 -0.00721514654394553 0.78526803695784 NaN
0.136 -0.251572422647324 -0.00741963860397262 0.785268036957839 NaN
0.137 -0.255162542804968 -0.00762810840689943 0.785268036957839 NaN
0.138 -0.258769649341141 -0.00784059571251824 0.785268036957839 NaN
0.139 -0.262393735113838 -0.00805714749095005 0.78526803695784 NaN
0.14 -0.266034848906103 -0.00827780765179632 0.785268036957839 NaN
0.141 -0.269693075263382 -0.00850262102301847 0.785268036957839 NaN
0.142 -0.273368511181142 -0.00873163868223333 0.785268036957839 NaN
0.143 -0.277061240848374 -0.00896490566107841 0.785268036957839 NaN
0.144 -0.280771310021979 -0.00920246651167161 0.785268036957839 NaN
0.145 -0.284498701550812 -0.00944436842580965 0.785268036957839 NaN
0.146 -0.28824331319732 -0.00969065097002181 0.785268036957839 NaN
0.147 -0.29200493912856 -0.009941352286107 0.785268036957839 NaN
0.148 -0.295783255690953 -0.0101965103344678 0.785268036957839 NaN
0.149 -0.299577811725714 -0.0104561512889694 0.785268036957839 NaN
0.15 -0.303388024093793 -0.0107203010186078 0.785268036957839 NaN
0.151 -0.307213178297589 -0.0109889783743722 0.785268036957839 NaN
0.152 -0.311052433526984 -0.0112621998564263 0.785268036957839 NaN
0.153 -0.314904830931449 -0.0115399726016116 0.785268036957839 NaN
0.154 -0.318769305474307 -0.0118223036744248 0.785268036957839 NaN
0.155 -0.322644699383789 -0.0121091895671413 0.785268036957839 NaN
0.156 -0.326529777022531 -0.0124006253827162 0.785268036957839 NaN
0.157 -0.330423240297682 -0.0126966035972902 0.785268036957839 NaN
0.158 -0.334323743794527 -0.0129971081974974 0.785268036957839 NaN
0.159 -0.338229907977171 -0.0133021231899576 0.785268036957839 NaN
0.16 -0.342140331426773 -0.013611631325689 0.785268036957839 NaN
0.161 -0.346053599648869 -0.0139256098469981 0.785268036957839 NaN
0.162 -0.349968291745918 -0.0142440331630857 0.785268036957839 NaN
0.163 -0.353882983748434 -0.0145668771840159 0.785268036957839 NaN
0.164 -0.357796249035054 -0.0148941122072557 0.785268036957839 NaN
0.165 -0.361706656069578 -0.0152257077578568 0.785268036957839 NaN
0.166 -0.365612764295207 -0.0155616336671007 0.785268036957839 NaN
0.167 -0.369513117926908 -0.0159018505493229 0.785268036957839 NaN
0.168 -0.373406237972233 -0.016246324373854 0.785268036957839 NaN
0.169 -0.377290614260041 -0.0165950114191474 0.785268036957839 NaN
0.17 -0.381164697461025 -0.016947867960019 0.785268036957839 NaN
0.171 -0.385026893109618 -0.0173048455082852 0.785268036957839 NaN
0.172 -0.388875556171905 -0.0176658893366358 0.785268036957839 NaN
0.173 -0.392708989140553 -0.0180309431709567 0.785268036957839 NaN
0.174 -0.396525441855183 -0.0183999448181242 0.785268036957839 NaN
0.175 -0.400323114037575 -0.0187728253490853 0.785268036957839 NaN
0.176 -0.404100162000205 -0.0191495126775536 0.785268036957839 NaN
0.177 -0.4078547088734 -0.0195299294738344 0.785268036957839 NaN
0.178 -0.411584857669982 -0.0199139942953792 0.785268036957839 NaN
0.179 -0.415288707419644 -0.0203016210434328 0.785268036957839 NaN
0.18 -0.418964371164017 -0.0206927223789721 0.785268036957839 NaN
0.181 -0.422609995760623 -0.0210872048624919 0.785268036957839 NaN
0.182 -0.426223783081877 -0.0214849769675475 0.785268036957839 NaN
0.183 -0.429804011271618 -0.0218859445360736 0.785268036957839 NaN
0.184 -0.433349055402326 -0.0222900143809871 0.785268036957839 NaN
0.185 -0.436857405788055 -0.0226970949147335 0.785268036957839 NaN
0.186 -0.440327685554458 -0.0231070975437728 0.785268036957839 NaN
0.187 -0.443758664338949 -0.0235199342467129 0.785268036957839 NaN
0.188 -0.447149269876059 -0.0239355247012883 0.785268036957839 NaN
0.189 -0.450498595932494 -0.0243537895746438 0.785268036957839 NaN
0.19 -0.453805906746241 -0.0247746584664095 0.785268036957839 NaN
0.191 -0.457070637819831 -0.0251980657097523 0.785268036957839 NaN
0.192 -0.460292392652373 -0.0256239504574327 0.785268036957839 NaN
0.193 -0.463470936120054 -0.0260522593858506 0.785268036957839 NaN
0.194 -0.466606184528738 -0.0264829454061544 0.785268036957839 NaN
0.195 -0.469698192947274 -0.0269159670497629 0.785268036957839 NaN
0.196 -0.472747140473051 -0.0273512897671214 0.785268036957839 NaN
0.197 -0.4757533130838 -0.0277888815673281 0.785268036957839 NaN
0.198 -0.478717086378458 -0.0282287181451303 0.785268036957839 NaN
0.199 -0.481638906938252 -0.0286707764949342 0.785268036957839 NaN
0.2 -0.484519274067199 -0.0291150379253558 0.785268036957839 NaN
0.201 -0.487358721903213 -0.0295614876882571 0.785268036957839 NaN
0.202 -0.490157802505458 -0.0300101114200406 0.785268036957839 NaN
0.203 -0.492917070197179 -0.0304608944824263 0.785268036957839 NaN
0.204 -0.49563706769453 -0.0309138248570811 0.785268036957839 NaN
0.205 -0.498318313889563 -0.0313688895667816 0.785268036957839 NaN
0.206 -0.500961294213725 -0.0318260724006745 0.785268036957839 NaN
0.207 -0.503566452371192 -0.032285360837922 0.785268036957839 NaN
0.208 -0.506134184972019 -0.0327467335899435 0.785268036957839 NaN
0.209 -0.508664837940116 -0.0332101731297316 0.785268036957839 NaN
0.21 -0.511158704812763 -0.033675657080458 0.785268036957839 NaN
0.211 -0.513616027424968 -0.0341431597640449 0.78526803695784 NaN
0.212 -0.516036997604712 -0.0346126533614042 0.785268036957839 NaN
0.213 -0.518421760631765 -0.0350841077850845 0.785268036957839 NaN
0.214 -0.5207704198414 -0.0355574916919606 0.78526803695784 NaN
0.215 -0.523083042280576 -0.0360327680545184 0.785268036957839 NaN
0.216 -0.525359664471171 -0.0365099010161533 0.78526803695784 NaN
0.217 -0.527600298736472 -0.0369888496032909 0.78526803695784 NaN
0.218 -0.529804939907872 -0.0374695748116916 0.78526803695784 NaN
0.219 -0.53197357137032 -0.0379520327944309 0.78526803695784 NaN
0.22 -0.534106170968395 -0.0384361817738322 0.78526803695784 NaN
0.221 -0.536202716136382 -0.038921975558044 0.78526803695784 NaN
0.222 -0.538263188957536 -0.0394093711842556 0.78526803695784 NaN
0.223 -0.540287580363662 -0.0398983217197809 0.78526803695784 NaN
0.224 -0.542275893991177 -0.040388783108595 0.78526803695784 NaN
0.225 -0.544228148997935 -0.0408807105204042 0.78526803695784 NaN
0.226 -0.546144381921864 -0.0413740579662661 0.78526803695784 NaN
0.227 -0.54802464763099 -0.0418687812817062 0.78526803695784 NaN
0.228 -0.549869019638023 -0.0423648385009787 0.785268036957839 NaN
0.229 -0.551677590624816 -0.0428621845271421 0.78526803695784 NaN
0.23 -0.553450471768628 -0.0433607760432779 0.78526803695784 NaN
0.231 -0.555187792285522 -0.0438605721653485 0.785268036957839 NaN
0.232 -0.556889698332834 -0.0443615334590165 0.785268036957839 NaN
0.233 -0.558556351517563 -0.044863616433275 0.785268036957839 NaN
0.234 -0.560187926910068 -0.0453667837961016 0.78526803695784 NaN
0.235 -0.561784610933416 -0.0458709956642997 0.785268036957839 NaN
0.236 -0.563346599111142 -0.0463762147910341 0.785268036957839 NaN
0.237 -0.564874093703559 -0.0468824011512078 0.785268036957839 NaN
0.238 -0.566367301377457 -0.0473895220969812 0.785268036957839 NaN
0.239 -0.567826431070122 -0.0478975358620832 0.785268036957839 NaN
0.24 -0.569251691876003 -0.0484064096164559 0.785268036957839 NaN
0.241 -0.570643290782218 -0.0489161060365249 0.785268036957839 NaN
0.242 -0.572001430687846 -0.049426588941527 0.785268036957839 NaN
0.243 -0.573326308882752 -0.0499378245360975 0.785268036957839 NaN
0.244 -0.574618115314711 -0.0504497747115852 0.785268036957839 NaN
0.245 -0.575877030046431 -0.0509624042002831 0.785268036957839 NaN
0.246 -0.577103221428068 -0.05147567535124 0.785268036957839 NaN
0.247 -0.578296845277383 -0.0519895520223369 0.785268036957839 NaN
0.248 -0.57945804382768 -0.0525039962447043 0.785268036957839 NaN
0.249 -0.580586945164277 -0.0530189702202888 0.785268036957839 NaN
0.25 -0.581683661909886 -0.0535344334388728 0.785268036957839 NaN
0.251 -0.582748290086633 -0.0540503457501786 0.785268036957839 NaN
0.252 -0.583780908302292 -0.0545666647560682 0.785268036957839 NaN
0.253 -0.584781577516041 -0.0550833477313598 0.785268036957839 NaN
0.254 -0.58575034177263 -0.0556003493693643 0.785268036957839 NaN
0.255 -0.586687229544991 -0.0561176232658625 0.785268036957839 NaN
0.256 -0.587592255265946 -0.0566351237593708 0.785268036957839 NaN
0.257 -0.588465421111441 -0.0571528001993483 0.785268036957839 NaN
0.258 -0.58930671840686 -0.0576706017965991 0.785268036957839 NaN
0.259 -0.590116129222095 -0.0581884801078862 0.785268036957839 NaN
0.26 -0.59089362816264 -0.0587063760802586 0.785268036957839 NaN
0.261 -0.591639184003177 -0.0592242415612978 0.785268036957839 NaN
0.262 -0.592352762043447 -0.0597420177604807 0.785268036957839 NaN
0.263 -0.593034326319901 -0.0602596488314583 0.785268036957839 NaN
0.264 -0.593683842452271 -0.0607770777108185 0.785268036957839 NaN
0.265 -0.594301280077973 -0.0612942488175485 0.785268036957839 NaN
0.266 -0.594886615921737 -0.0618111014210907 0.785268036957839 NaN
0.267 -0.595439835879345 -0.0623275772502247 0.785268036957839 NaN
0.268 -0.595960937958897 -0.0628436195482474 0.785268036957839 NaN
0.269 -0.596449934079399 -0.0633591706910284 0.785268036957839 NaN
0.27 -0.596906852312656 -0.0638741738234815 0.785268036957839 NaN
0.271 -0.59733173824314 -0.0643885706134809 0.785268036957839 NaN
0.272 -0.597724656611872 -0.0649023056647787 0.785268036957839 NaN
0.273 -0.598085692084484 -0.0654153275448186 0.785268036957839 NaN
0.274 -0.598414950257589 -0.0659275789287412 0.785268036957839 NaN
0.275 -0.598712557977048 -0.0664390111055759 0.785268036957839 NaN
0.276 -0.598978663869453 -0.0669495727954268 0.785268036957839 NaN
0.277 -0.599213437959015 -0.0674592148645261 0.785268036957839 NaN
0.278 -0.599417071841693 -0.0679678912781818 0.785268036957839 NaN
0.279 -0.599589778295617 -0.0684755590020305 0.785268036957839 NaN
0.28 -0.59973179039575 -0.0689821723466699 0.785268036957839 NaN
0.281 -0.599843360921594 -0.0694876912948667 0.785268036957839 NaN
0.282 -0.599924761960875 -0.069992076316395 0.785268036957839 NaN
0.283 -0.599976283275062 -0.0704952923539298 0.785268036957839 NaN
0.284 -0.599998230704565 -0.0709973032692672 0.785268036957839 NaN
0.285 -0.59999092477141 -0.071498076135545 0.785268036957839 NaN
0.286 -0.599954701201938 -0.0719975819776293 0.785268036957838 NaN
0.287 -0.59988990990071 -0.0724957896272695 0.785268036957839 NaN
0.288 -0.599796912658331 -0.0729926738290446 0.785268036957839 NaN
0.289 -0.599676081034073 -0.0734882095446269 0.785268036957839 NaN
0.29 -0.599527794932463 -0.0739823736913135 0.785268036957839 NaN
0.291 -0.599352440961744 -0.0744751455564353 0.785268036957839 NaN
0.292 -0.59915041225019 -0.0749665041490582 0.785268036957839 NaN
0.293 -0.598922108965713 -0.0754564319107846 0.785268036957839 NaN
0.294 -0.598667937632195 -0.0759449108870849 0.785268036957839 NaN
0.295 -0.598388310174088 -0.0764319283325556 0.785268036957838 NaN
0.296 -0.598083642362303 -0.0769174676318328 0.785268036957838 NaN
0.297 -0.597754352533579 -0.077401518121685 0.785268036957838 NaN
0.298 -0.59740086120829 -0.0778840703624505 0.785268036957839 NaN
0.299 -0.597023591692856 -0.0783651118609306 0.785268036957839 NaN
0.3 -0.596622971143887 -0.078844634251249 0.785268036957839 NaN
0.301 -0.596199431530675 -0.0793226306771154 0.785268036957839 NaN
0.302 -0.595753410148428 -0.079799095417313 0.785268036957839 NaN
0.303 -0.595285350257822 -0.0802740240851519 0.785268036957839 NaN
0.304 -0.594795701918477 -0.0807474134005732 0.785268036957839 NaN
0.305 -0.594284922924382 -0.0812192628204841 0.785268036957839 NaN
0.306 -0.593753480112768 -0.0816895726542386 0.785268036957839 NaN
0.307 -0.593201850485327 -0.0821583446643268 0.785268036957839 NaN
0.308 -0.592630523379419 -0.0826255856930386 0.785268036957839 NaN
0.309 -0.592040002126042 -0.0830912995636639 0.785268036957839 NaN
0.31 -0.591430806165726 -0.0835554987503134 0.785268036957839 NaN
0.311 -0.590803472784602 -0.0840181965948723 0.785268036957839 NaN
0.312 -0.590158558901139 -0.084479407856652 0.785268036957839 NaN
0.313 -0.589496642936665 -0.0849391536981087 0.785268036957839 NaN
0.314 -0.588818326738099 -0.0853974572784469 0.785268036957839 NaN
0.315 -0.588124237120545 -0.085854346010318 0.785268036957839 NaN
0.316 -0.587415027751226 -0.0863098549210863 0.785268036957839 NaN
0.317 -0.586691380609407 -0.0867640190318652 0.785268036957839 NaN
0.318 -0.585954007755481 -0.0872168840454564 0.785268036957839 NaN
0.319 -0.585203652550555 -0.0876684965971088 0.785268036957839 NaN
0.32 -0.584441091210292 -0.0881189147073244 0.785268036957839 NaN
0.321 -0.58366713435199 -0.0885681985881708 0.785268036957839 NaN
0.322 -0.582882628030944 -0.0890164152301858 0.78526803695784 NaN
0.323 -0.582088454681665 -0.0894636436070617 0.785268036957839 NaN
0.324 -0.581285533996169 -0.0899099647311861 0.785268036957839 NaN
0.325 -0.580474823658981 -0.0903554702925268 0.785268036957839 NaN
0.326 -0.579657319566396 -0.0908002595091616 0.785268036957839 NaN
0.327 -0.578834056636857 -0.0912444419018352 0.785268036957839 NaN
0.328 -0.578006109013237 -0.0916881322131069 0.785268036957839 NaN
0.329 -0.577174590215748 -0.0921314581565369 0.785268036957839 NaN
0.33 -0.57634065271698 -0.0925745523678931 0.785268036957839 NaN
0.331 -0.575505487489281 -0.0930175616722081 0.785268036957839 NaN
0.332 -0.574670323783084 -0.09346063857769 0.785268036957839 NaN
0.333 -0.573836427852992 -0.0939039459782401 0.785268036957839 NaN
0.334 -0.573005101944807 -0.0943476570053999 0.78526803695784 NaN
0.335 -0.572177682845036 -0.0947919538579055 0.785268036957839 NaN
0.336 -0.571355539616071 -0.0952370284355493 0.785268036957839 NaN
0.337 -0.570540071604462 -0.0956830834386614 0.785268036957839 NaN
0.338 -0.569732705716056 -0.0961303274216235 0.785268036957839 NaN
0.339 -0.568934893479199 -0.0965789783398982 0.785268036957839 NaN
0.34 -0.568148107300544 -0.0970292654115996 0.785268036957839 NaN
0.341 -0.56737383677574 -0.0974814216724429 0.785268036957839 NaN
0.342 -0.566613584349526 -0.0979356914299478 0.785268036957839 NaN
0.343 -0.56586886035557 -0.098392321924069 0.78526803695784 NaN
0.344 -0.565141178033354 -0.0988515682803268 0.785268036957839 NaN
0.345 -0.564432047941905 -0.0993136903926467 0.785268036957839 NaN
0.346 -0.563742972180651 -0.0997789515280509 0.78526803695784 NaN
0.347 -0.563075438040468 -0.100247619639699 0.785268036957839 NaN
0.348 -0.56243091201179 -0.100719961592835 0.785268036957839 NaN
0.349 -0.561810832749669 -0.101196251698671 0.785268036957839 NaN
0.35 -0.561216604873333 -0.101676757237823 0.785268036957839 NaN
0.351 -0.560649591848345 -0.102161747520011 0.785268036957839 NaN
0.352 -0.560111109687626 -0.102651487235751 0.785268036957839 NaN
0.353 -0.559602420238261 -0.103146241959772 0.785268036957839 NaN
0.354 -0.559124725343515 -0.103646268309619 0.785268036957839 NaN
0.355 -0.558679160409965 -0.104151817782418 0.785268036957839 NaN
0.356 -0.558266789100711 -0.104663134951272 0.785268036957839 NaN
0.357 -0.557888598048772 -0.105180454728162 0.785268036957839 NaN
0.358 -0.557545492885307 -0.105704006186963 0.785268036957839 NaN
0.359 -0.557238293953683 -0.1062340040785 0.785268036957839 NaN
0.36 -0.556967733283414 -0.106770653869195 0.785268036957839 NaN
0.361 -0.556734452232079 -0.107314149273693 0.785268036957839 NaN
0.362 -0.55653899990464 -0.10786467130936 0.785268036957839 NaN
0.363 -0.556381832288425 -0.108422386544892 0.785268036957839 NaN
0.364 -0.556263312751129 -0.108987449750092 0.785268036957838 NaN
0.365 -0.556183712859386 -0.109560000447344 0.785268036957838 NaN
0.366 -0.556143214157394 -0.110140167152675 0.785268036957839 NaN
0.367 -0.556141910545169 -0.110728062386755 0.785268036957838 NaN
0.368 -0.556179812463812 -0.111323784238373 0.785268036957839 NaN
0.369 -0.556256850003986 -0.111927420597806 0.785268036957839 NaN
0.37 -0.556372878373432 -0.112539045482787 0.785268036957839 NaN
0.371 -0.556527683017624 -0.113158718131129 0.785268036957839 NaN
0.372 -0.556720985271111 -0.113786489999944 0.785268036957839 NaN
0.373 -0.556952448909576 -0.114422399678582 0.785268036957839 NaN
0.374 -0.557221686566881 -0.11506647863872 0.785268036957839 NaN
0.375 -0.557528266611453 -0.115718745702584 0.785268036957839 NaN
0.376 -0.55787172018183 -0.116379213236531 0.785268036957839 NaN
0.377 -0.558251547608821 -0.117047888781583 0.785268036957839 NaN
0.378 -0.558667225466934 -0.117724770752793 0.785268036957839 NaN
0.379 -0.559118213010785 -0.118409858401864 0.785268036957839 NaN
0.38 -0.559603958369626 -0.119103140253399 0.785268036957839 NaN
0.381 -0.560123904697337 -0.119804606458873 0.785268036957839 NaN
0.382 -0.560677495570069 -0.120514244908223 0.785268036957839 NaN
0.383 -0.561264179676357 -0.121232042451889 0.785268036957839 NaN
0.384 -0.561883415550518 -0.121957985985736 0.785268036957839 NaN
0.385 -0.562534675160822 -0.122692062787125 0.785268036957839 NaN
0.386 -0.563217447228511 -0.123434262949388 0.785268036957839 NaN
0.387 -0.563931239966682 -0.124184577122631 0.785268036957839 NaN
0.388 -0.564675583393973 -0.124942999458324 0.785268036957839 NaN
0.389 -0.565450030407395 -0.125709526072448 0.785268036957839 NaN
0.39 -0.566254157539246 -0.126484157891709 0.785268036957839 NaN
0.391 -0.567087565478543 -0.127266900159613 0.785268036957838 NaN
0.392 -0.567949879246466 -0.128057758265822 0.785268036957839 NaN
0.393 -0.568840747559213 -0.128856743944611 0.785268036957838 NaN
0.394 -0.569759841986998 -0.12966387196161 0.785268036957838 NaN
0.395 -0.570706855794006 -0.130479161538851 0.785268036957839 NaN
0.396 -0.571681502248002 -0.131302634564458 0.785268036957839 NaN
0.397 -0.572683513118434 -0.132134315527525 0.785268036957838 NaN
0.398 -0.573712637092386 -0.132974234633282 0.785268036957839 NaN
0.399 -0.574768637946736 -0.133822420692636 0.785268036957839 NaN
0.4 -0.575851292897823 -0.134678911309774 0.785268036957839 NaN
0.401 -0.576960390614808 -0.135543740243612 0.785268036957839 NaN
0.402 -0.578095729986161 -0.136416948969796 0.785268036957839 NaN
0.403 -0.579257118555039 -0.137298574545976 0.785268036957839 NaN
0.404 -0.580444370782216 -0.138188663039354 0.785268036957839 NaN
0.405 -0.58165730749711 -0.139087254999674 0.785268036957839 NaN
0.406 -0.582895755184966 -0.139994400658158 0.785268036957839 NaN
0.407 -0.584159545651831 -0.140910141184666 0.785268036957839 NaN
0.408 -0.58544851525155 -0.141834530447508 0.785268036957839 NaN
0.409 -0.586762504253434 -0.142767612733369 0.785268036957839 NaN
0.41 -0.588101356489641 -0.143709441716617 0.785268036957839 NaN
0.411 -0.589464919608014 -0.144660069049512 0.785268036957839 NaN
0.412 -0.590853046019668 -0.145619545352116 0.785268036957838 NaN
0.413 -0.592265594477539 -0.146587922078887 0.785268036957839 NaN
0.414 -0.593702431067244 -0.147565261244543 0.785268036957839 NaN
0.415 -0.595163429593783 -0.148551613532185 0.785268036957839 NaN
0.416 -0.596648472418251 -0.149547040518574 0.785268036957839 NaN
0.417 -0.598157450902273 -0.150551603311395 0.785268036957839 NaN
0.418 -0.599690264449464 -0.151565362072813 0.785268036957839 NaN
0.419 -0.601246821556788 -0.152588383041926 0.785268036957839 NaN
0.42 -0.602827041097048 -0.153620730577664 0.785268036957839 NaN
0.421 -0.604430853955799 -0.154662472342523 0.785268036957839 NaN
0.422 -0.606058201852811 -0.155713677132697 0.785268036957839 NaN
0.423 -0.607709036739889 -0.15677441834084 0.785268036957839 NaN
0.424 -0.609383320883937 -0.157844767540863 0.785268036957839 NaN
0.425 -0.611081026074953 -0.15892480056369 0.785268036957839 NaN
0.426 -0.612802130729295 -0.160014591721867 0.785268036957839 NaN
0.427 -0.614546619508197 -0.161114217469963 0.785268036957839 NaN
0.428 -0.616314486002906 -0.162223754064809 0.785268036957839 NaN
0.429 -0.618105733801677 -0.163343279809356 0.785268036957839 NaN
0.43 -0.619920372932997 -0.164472876445892 0.785268036957839 NaN
0.431 -0.621758413670019 -0.165612618764674 0.785268036957839 NaN
0.432 -0.623619860521426 -0.166762586342007 0.785268036957839 NaN
0.433 -0.625504710430643 -0.167922855024169 0.785268036957839 NaN
0.434 -0.627412953833185 -0.169093497543615 0.785268036957839 NaN
0.435 -0.6293445765978 -0.170274583528259 0.785268036957839 NaN
0.436 -0.631299560485475 -0.171466182317576 0.785268036957839 NaN
0.437 -0.633277880584925 -0.172668359218535 0.785268036957839 NaN
0.438 -0.635279501226093 -0.173881175267267 0.785268036957839 NaN
0.439 -0.637304370862591 -0.175104686524548 0.785268036957839 NaN
0.44 -0.639352418154318 -0.17633894779908 0.785268036957839 NaN
0.441 -0.641423549215418 -0.177584004577559 0.785268036957839 NaN
0.442 -0.643517646091588 -0.178839901108253 0.785268036957839 NaN
0.443 -0.645634566629039 -0.180106667119297 0.785268036957839 NaN
0.444 -0.647774144200988 -0.181384332043738 0.785268036957839 NaN
0.445 -0.649936187489718 -0.182672917224504 0.785268036957839 NaN
0.446 -0.652120479994528 -0.183972437587624 0.785268036957839 NaN
0.447 -0.654326779211386 -0.185282897861174 0.785268036957839 NaN
0.448 -0.656554815796163 -0.186604296359287 0.785268036957839 NaN
0.449 -0.65880429317748 -0.187936626022076 0.785268036957839 NaN
0.45 -0.661074887143322 -0.189279866346742 0.785268036957839 NaN
0.451 -0.663366246225404 -0.190633995538307 0.785268036957839 NaN
0.452 -0.665677991890322 -0.191998976786821 0.785268036957839 NaN
0.453 -0.668009719563915 -0.193374771155477 0.785268036957839 NaN
0.454 -0.670360999292952 -0.194761328010834 0.785268036957839 NaN
0.455 -0.672731377117796 -0.196158591364485 0.785268036957839 NaN
0.456 -0.675120376189051 -0.197566494436791 0.78526803695784 NaN
0.457 -0.67752749809344 -0.198984968334815 0.785268036957839 NaN
0.458 -0.679952224236319 -0.200413934103732 0.78526803695784 NaN
0.459 -0.682394017137378 -0.201853303692792 0.785268036957839 NaN
0.46 -0.684852322136739 -0.203302987341808 0.78526803695784 NaN
0.461 -0.68732656871055 -0.204762887628261 0.78526803695784 NaN
0.462 -0.68981617172828 -0.206232899317338 0.785268036957839 NaN
0.463 -0.692320532845775 -0.20771291151734 0.785268036957839 NaN
0.464 -0.694839041739619 -0.209202812932944 0.785268036957839 NaN
0.465 -0.697371077313063 -0.210702478433593 0.785268036957839 NaN
0.466 -0.699916008413357 -0.212211787922161 0.785268036957839 NaN
0.467 -0.702473195310617 -0.213730610619642 0.785268036957839 NaN
0.468 -0.705041990601988 -0.215258811452592 0.785268036957839 NaN
0.469 -0.707621740066171 -0.216796253314106 0.785268036957839 NaN
0.47 -0.710211782764355 -0.218342793711311 0.785268036957839 NaN
0.471 -0.71281145039356 -0.219898288243014 0.785268036957839 NaN
0.472 -0.715420067393712 -0.22146258497254 0.785268036957839 NaN
0.473 -0.71803694996307 -0.223035528320703 0.785268036957839 NaN
0.474 -0.72066140550839 -0.224616960923679 0.785268036957839 NaN
0.475 -0.72329273274876 -0.226206718346215 0.785268036957839 NaN
0.476 -0.725930221940736 -0.227804631041128 0.785268036957839 NaN
0.477 -0.728573154259375 -0.229410525965648 0.785268036957839 NaN
0.478 -0.731220800959362 -0.231024223626089 0.785268036957839 NaN
0.479 -0.733872422596706 -0.232645542307768 0.785268036957839 NaN
0.48 -0.736527267498299 -0.234274292861887 0.785268036957839 NaN
0.481 -0.739184569856898 -0.235910275208176 0.785268036957839 NaN
0.482 -0.741843547419078 -0.237553289564948 0.785268036957839 NaN
0.483 -0.74450339976591 -0.239203122789918 0.785268036957839 NaN
0.484 -0.747163307454416 -0.240859555089959 0.785268036957839 NaN
0.485 -0.749822431672342 -0.242522362262689 0.785268036957839 NaN
0.486 -0.752479914428916 -0.244191305224488 0.785268036957839 NaN
0.487 -0.755134877846926 -0.245866138593269 0.785268036957839 NaN
0.488 -0.757786423313894 -0.247546609415 0.785268036957839 NaN
0.489 -0.760433629971182 -0.249232451417187 0.785268036957839 NaN
0.49 -0.763075553373704 -0.250923389394695 0.785268036957839 NaN
0.491 -0.765711224151159 -0.252619136407463 0.785268036957839 NaN
0.492 -0.768339647108974 -0.25431939748408 0.785268036957839 NaN
0.493 -0.770959800985225 -0.256023859560617 0.785268036957839 NaN
0.494 -0.77357063844378 -0.257732204158238 0.78526803695784 NaN
0.495 -0.776171086559181 -0.259444094788768 0.785268036957839 NaN
0.496 -0.77876004755746 -0.261159187872208 0.78526803695784 NaN
0.497 -0.781336399717987 -0.262877124944241 0.78526803695784 NaN
0.498 -0.783898998566221 -0.264597538668617 0.785268036957839 NaN
0.499 -0.786446678010717 -0.266320048421744 0.78526803695784 NaN
0.5 -0.788978251974729 -0.268044262061682 0.78526803695784 NaN
0.501 -0.791492515469904 -0.269769779093839 0.78526803695784 NaN
0.502 -0.793988246923442 -0.271496186861852 0.785268036957839 NaN
0.503 -0.796464209547769 -0.273223064881426 0.78526803695784 NaN
0.504 -0.798919153796021 -0.274949984108147 0.78526803695784 NaN
0.505 -0.801351819410743 -0.276676502324531 0.78526803695784 NaN
0.506 -0.803760937959115 -0.278402179443126 0.78526803695784 NaN
0.507 -0.806145235554704 -0.280126560756186 0.785268036957839 NaN
0.508 -0.808503435575667 -0.281849191888299 0.78526803695784 NaN
0.509 -0.810834261692714 -0.283569609563515 0.78526803695784 NaN
0.51 -0.813136440692906 -0.285287351461911 0.78526803695784 NaN
0.511 -0.815408706147878 -0.287001949702923 0.785268036957839 NaN
0.512 -0.817649801281602 -0.288712940129551 0.78526803695784 NaN
0.513 -0.819858482582874 -0.29041985512504 0.785268036957839 NaN
0.514 -0.822033523034757 -0.292122231604788 0.785268036957839 NaN
0.515 -0.824173715810217 -0.293819606588349 0.785268036957839 NaN
0.516 -0.826277877597571 -0.295511523172204 0.78526803695784 NaN
0.517 -0.828344852178559 -0.297197533258512 0.78526803695784 NaN
0.518 -0.830373513774703 -0.298877188656162 0.78526803695784 NaN
0.519 -0.832362770715836 -0.300550056879935 0.78526803695784 NaN
0.52 -0.834311568735155 -0.302215708578124 0.78526803695784 NaN
0.521 -0.836218894185073 -0.303873728685766 0.78526803695784 NaN
0.522 -0.838083777442662 -0.305523713946053 0.78526803695784 NaN
0.523 -0.839905296051955 -0.307165271645871 0.785268036957839 NaN
0.524 -0.841682577613676 -0.308798025129024 0.78526803695784 NaN
0.525 -0.84341480272271 -0.31042160961667 0.78526803695784 NaN
0.526 -0.845101207599094 -0.312035682580231 0.785268036957839 NaN
0.527 -0.846741086528117 -0.313639910696358 0.78526803695784 NaN
0.528 -0.848333794263794 -0.315233982694791 0.78526803695784 NaN
0.529 -0.84987874784229 -0.316817603144675 0.78526803695784 NaN
0.53 -0.851375428583961 -0.318390493953812 0.785268036957839 NaN
0.531 -0.852823383403658 -0.319952401400033 0.785268036957839 NaN
0.532 -0.854222226109046 -0.321503083283945 0.785268036957839 NaN
0.533 -0.855571638149344 -0.323042325983826 0.785268036957839 NaN
0.534 -0.856871369222645 -0.324569927291547 0.78526803695784 NaN
0.535 -0.858121237554113 -0.326085709971145 0.785268036957839 NaN
0.536 -0.859321129547 -0.327589513857936 0.785268036957839 NaN
0.537 -0.860470999583265 -0.329081199326668 0.785268036957839 NaN
0.538 -0.861570868802735 -0.330560647891368 0.785268036957839 NaN
0.539 -0.862620823999008 -0.332027756212949 0.785268036957839 NaN
0.54 -0.863621015979155 -0.333482441911159 0.785268036957839 NaN
0.541 -0.864571657514667 -0.334924639791768 0.78526803695784 NaN
0.542 -0.865473020930184 -0.336354299760538 0.785268036957839 NaN
0.543 -0.866325435462872 -0.337771392349829 0.785268036957839 NaN
0.544 -0.867129284380795 -0.339175899250825 0.785268036957839 NaN
0.545 -0.867885001702486 -0.34056781920254 0.785268036957839 NaN
0.546 -0.868593068621014 -0.341947165219427 0.785268036957839 NaN
0.547 -0.869254009812596 -0.343313959807438 0.785268036957839 NaN
0.548 -0.869868389219695 -0.344668238258285 0.785268036957839 NaN
0.549 -0.870436805827142 -0.346010048420505 0.785268036957839 NaN
0.55 -0.870959888962139 -0.347339444985437 0.785268036957839 NaN
0.551 -0.871438293890834 -0.348656488886253 0.785268036957839 NaN
0.552 -0.871872697060913 -0.34996125294176 0.785268036957839 NaN
0.553 -0.872263791510438 -0.351253810186693 0.785268036957839 NaN
0.554 -0.872612282242433 -0.352534242715633 0.785268036957839 NaN
0.555 -0.872918881630564 -0.353802631144909 0.785268036957839 NaN
0.556 -0.873184304900448 -0.35505905987638 0.785268036957839 NaN
0.557 -0.873409265736829 -0.356303616387923 0.785268036957839 NaN
0.558 -0.873594472254251 -0.357536385432439 0.785268036957839 NaN
0.559 -0.873740622944291 -0.358757450218113 0.785268036957839 NaN
0.56 -0.873848402737693 -0.359966894535077 0.785268036957839 NaN
0.561 -0.87391847927496 -0.361164798017872 0.785268036957839 NaN
0.562 -0.87395149939512 -0.362351235700403 0.785268036957839 NaN
0.563 -0.873948086192661 -0.36352627921483 0.785268036957839 NaN
0.564 -0.873908836348467 -0.364689995258415 0.785268036957839 NaN
0.565 -0.873834317932104 -0.365842443505433 0.785268036957839 NaN
0.566 -0.873725068732188 -0.366983678042486 0.785268036957839 NaN
0.567 -0.873581594941966 -0.368113750399051 0.785268036957839 NaN
0.568 -0.873404369530925 -0.369232700639224 0.785268036957839 NaN
0.569 -0.873193831261764 -0.370340563453241 0.785268036957839 NaN
0.57 -0.872950383503336 -0.371437369397706 0.785268036957839 NaN
0.571 -0.872674394060129 -0.372523135896669 0.785268036957839 NaN
0.572 -0.872366195119035 -0.373597881609163 0.785268036957839 NaN
0.573 -0.872026083975269 -0.374661610046723 0.785268036957839 NaN
0.574 -0.871654323433043 -0.375714324090983 0.785268036957839 NaN
0.575 -0.871251142855975 -0.376756016386728 0.785268036957839 NaN
0.576 -0.870816739041084 -0.377786674466673 0.785268036957839 NaN
0.577 -0.87035127672742 -0.37880628024833 0.785268036957839 NaN
0.578 -0.869854891615583 -0.379814810249947 0.78526803695784 NaN
0.579 -0.869327692516681 -0.380812232706565 0.78526803695784 NaN
0.58 -0.8687697607774 -0.381798514571229 0.785268036957839 NaN
0.581 -0.86818115094373 -0.382773614471252 0.78526803695784 NaN
0.582 -0.867561896617189 -0.383737487187699 0.78526803695784 NaN
0.583 -0.866912015655656 -0.384690085567673 0.78526803695784 NaN
0.584 -0.866231509952253 -0.385631358120614 0.785268036957839 NaN
0.585 -0.865520363787884 -0.386561253460729 0.78526803695784 NaN
0.586 -0.86477854226297 -0.387479710043059 0.785268036957839 NaN
0.587 -0.86400599505921 -0.388386665570246 0.78526803695784 NaN
0.588 -0.863202664159775 -0.38928205368704 0.78526803695784 NaN
0.589 -0.862368485984269 -0.390165807043572 0.78526803695784 NaN
0.59 -0.861503388589755 -0.391037858156481 0.78526803695784 NaN
0.591 -0.860607292567302 -0.391898132019224 0.785268036957839 NaN
0.592 -0.859680115142442 -0.392746555460226 0.78526803695784 NaN
0.593 -0.858721774235169 -0.393583051151379 0.78526803695784 NaN
0.594 -0.857732194826098 -0.394407540290719 0.78526803695784 NaN
0.595 -0.856711307724456 -0.395219949144958 0.78526803695784 NaN
0.596 -0.855659046098585 -0.396020194586875 0.78526803695784 NaN
0.597 -0.854575346325712 -0.396808199660872 0.78526803695784 NaN
0.598 -0.853460153559935 -0.397583887011972 0.78526803695784 NaN
0.599 -0.852313427656962 -0.398347179918325 0.78526803695784 NaN
0.6 -0.851135139399062 -0.399097995610392 0.78526803695784 NaN
0.601 -0.849925267660135 -0.399836254628433 0.78526803695784 NaN
0.602 -0.848683804171669 -0.400561875951594 0.78526803695784 NaN
0.603 -0.847410752083504 -0.401274781256419 0.78526803695784 NaN
0.604 -0.846106121694452 -0.401974888906713 0.78526803695784 NaN
0.605 -0.844769934521048 -0.402662117349263 0.78526803695784 NaN
0.606 -0.843402228486103 -0.403336384789519 0.78526803695784 NaN
0.607 -0.842003057486592 -0.403997610791814 0.78526803695784 NaN
0.608 -0.84057248958116 -0.404645716958526 0.78526803695784 NaN
0.609 -0.839110612572626 -0.40528062745178 0.78526803695784 NaN
0.61 -0.83761754412565 -0.405902270596236 0.78526803695784 NaN
0.611 -0.836093440752454 -0.406510590204898 0.78526803695784 NaN
0.612 -0.834538496151414 -0.407105532449168 0.78526803695784 NaN
0.613 -0.832952930462782 -0.407687051092566 0.785268036957839 NaN
0.614 -0.831336970544873 -0.408255100066536 0.78526803695784 NaN
0.615 -0.829690836149843 -0.408809626298782 0.785268036957839 NaN
0.616 -0.828014748638623 -0.409350579482295 0.785268036957839 NaN
0.617 -0.826308946541094 -0.409877913585683 0.785268036957839 NaN
0.618 -0.824573693531023 -0.410391588332854 0.785268036957839 NaN
0.619 -0.822809278546683 -0.41089156886606 0.785268036957839 NaN
0.62 -0.821016024622256 -0.411377836633141 0.785268036957839 NaN
0.621 -0.819194295233096 -0.411850386410087 0.785268036957839 NaN
0.622 -0.817344488933208 -0.412309229556182 0.785268036957839 NaN
0.623 -0.815467028200709 -0.412754385907413 0.78526803695784 NaN
0.624 -0.813562350063594 -0.413185880349691 0.785268036957839 NaN
0.625 -0.811630902836157 -0.413603747023852 0.785268036957839 NaN
0.626 -0.809673146439403 -0.414008027957439 0.78526803695784 NaN
0.627 -0.807689554063776 -0.414398767994581 0.78526803695784 NaN
0.628 -0.805680614945746 -0.414776029770932 0.785268036957839 NaN
0.629 -0.803646837568228 -0.415139884188465 0.785268036957839 NaN
0.63 -0.801588749220573 -0.415490417531669 0.785268036957839 NaN
0.631 -0.799506894807998 -0.415827725657927 0.785268036957839 NaN
0.632 -0.797401838471187 -0.416151922644701 0.78526803695784 NaN
0.633 -0.795274163497622 -0.41646313394789 0.785268036957839 NaN
0.634 -0.793124462806173 -0.416761495760177 0.78526803695784 NaN
0.635 -0.790953344089165 -0.417047160742874 0.78526803695784 NaN
0.636 -0.788761437268724 -0.417320295111548 0.785268036957839 NaN
0.637 -0.786549389156842 -0.417581080829381 0.78526803695784 NaN
0.638 -0.784317855186653 -0.41782970850385 0.78526803695784 NaN
0.639 -0.782067497202485 -0.418066381430973 0.78526803695784 NaN
0.64 -0.77979898739302 -0.418291312522827 0.78526803695784 NaN
0.641 -0.777513012466136 -0.418504730114503 0.785268036957839 NaN
0.642 -0.775210275656195 -0.41870687696392 0.78526803695784 NaN
0.643 -0.772891496132271 -0.418898007537749 0.78526803695784 NaN
0.644 -0.770557408311306 -0.419078389928227 0.78526803695784 NaN
0.645 -0.768208762280535 -0.419248308042437 0.78526803695784 NaN
0.646 -0.765846323732162 -0.4194080541097 0.78526803695784 NaN
0.647 -0.763470873772908 -0.419557937770916 0.78526803695784 NaN
0.648 -0.761083210273713 -0.419698277037631 0.78526803695784 NaN
0.649 -0.75868414841494 -0.419829404584069 0.78526803695784 NaN
0.65 -0.756274520652213 -0.419951663310763 0.78526803695784 NaN
0.651 -0.753855177176935 -0.420065408980716 0.78526803695784 NaN
0.652 -0.751426986338566 -0.420171008594635 0.78526803695784 NaN
0.653 -0.748990835266808 -0.420268838797304 0.78526803695784 NaN
0.654 -0.746547628374123 -0.420359290031036 0.78526803695784 NaN
0.655 -0.744098289414651 -0.420442755982464 0.78526803695784 NaN
0.656 -0.741643762683581 -0.420519647502738 0.78526803695784 NaN
0.657 -0.739185011833808 -0.42059038377035 0.78526803695784 NaN
0.658 -0.736723016897035 -0.420655390209956 0.78526803695784 NaN
0.659 -0.734258775416764 -0.420715102230944 0.78526803695784 NaN
0.66 -0.731793305178654 -0.420769966188412 0.78526803695784 NaN
0.661 -0.729327647469614 -0.42082043948166 0.78526803695784 NaN
0.662 -0.726862868192586 -0.420866993128728 0.78526803695784 NaN
0.663 -0.724400055662139 -0.420910109699891 0.78526803695784 NaN
0.664 -0.721940312530637 -0.420950274671459 0.78526803695784 NaN
0.665 -0.719484751901017 -0.420987985896521 0.78526803695784 NaN
0.666 -0.717034499337496 -0.421023747311459 0.78526803695784 NaN
0.667 -0.714590698006018 -0.421058072222458 0.78526803695784 NaN
0.668 -0.712154510807126 -0.421091489634359 0.78526803695784 NaN
0.669 -0.709727119269098 -0.421124539685586 0.78526803695784 NaN
0.67 -0.707309719572226 -0.421157773533987 0.78526803695784 NaN
0.671 -0.70490351854052 -0.421191756160205 0.78526803695784 NaN
0.672 -0.702509730810555 -0.421227060597221 0.78526803695784 NaN
0.673 -0.700129575100051 -0.421264269102659 0.78526803695784 NaN
0.674 -0.697764272402021 -0.421303971310001 0.78526803695784 NaN
0.675 -0.695415046340581 -0.421346769569543 0.78526803695784 NaN
0.676 -0.693083119191878 -0.421393274372653 0.78526803695784 NaN
0.677 -0.690769711401429 -0.421444105561776 0.78526803695784 NaN
0.678 -0.688476046523298 -0.421499892055294 0.78526803695784 NaN
0.679 -0.686203321123333 -0.421561265702132 0.78526803695784 NaN
0.68 -0.683952708847216 -0.421628853108021 0.78526803695784 NaN
0.681 -0.681725388356311 -0.421703298646567 0.78526803695784 NaN
0.682 -0.679522552820921 -0.421785267072042 0.78526803695784 NaN
0.683 -0.677345390776294 -0.42187542748546 0.78526803695784 NaN
0.684 -0.675195063385863 -0.421974453212479 0.78526803695784 NaN
0.685 -0.673072695232713 -0.422083007049205 0.78526803695784 NaN
0.686 -0.670979381213799 -0.422201749690865 0.78526803695784 NaN
0.687 -0.66891619688632 -0.422331343453208 0.78526803695784 NaN
0.688 -0.666884203746583 -0.422472450514585 0.78526803695784 NaN
0.689 -0.664884444006733 -0.422625735327367 0.78526803695784 NaN
0.69 -0.662917923800665 -0.422791851621217 0.78526803695784 NaN
0.691 -0.660985615215714 -0.422971445512822 0.78526803695784 NaN
0.692 -0.659088453835571 -0.423165148172897 0.785268036957841 NaN
0.693 -0.657227337774555 -0.423373577749018 0.78526803695784 NaN
0.694 -0.655403128252947 -0.423597338298605 0.78526803695784 NaN
0.695 -0.653616655562986 -0.423837021066972 0.78526803695784 NaN
0.696 -0.651868779622109 -0.424093233357382 0.78526803695784 NaN
0.697 -0.650160306427345 -0.42436655458706 0.78526803695784 NaN
0.698 -0.648491928534561 -0.424657504761455 0.78526803695784 NaN
0.699 -0.646864304155296 -0.424966577295535 0.78526803695784 NaN
0.7 -0.645278136697156 -0.425294288153812 0.78526803695784 NaN
0.701 -0.643734139347593 -0.425641152722159 0.78526803695784 NaN
0.702 -0.64223298107586 -0.426007659416017 0.785268036957841 NaN
0.703 -0.640775252642882 -0.426394250379035 0.78526803695784 NaN
0.704 -0.63936146498147 -0.426801314249439 0.78526803695784 NaN
0.705 -0.637992076182338 -0.42722920571942 0.785268036957841 NaN
0.706 -0.636667533979435 -0.427678261391635 0.78526803695784 NaN
0.707 -0.635388277064896 -0.428148804317944 0.78526803695784 NaN
0.708 -0.634154733577972 -0.428641140860293 0.78526803695784 NaN
0.709 -0.632967319802099 -0.429155561235568 0.785268036957841 NaN
0.71 -0.631826422036341 -0.429692326528368 0.78526803695784 NaN
0.711 -0.630732387651108 -0.430251673124795 0.78526803695784 NaN
0.712 -0.629685533777803 -0.430833808659882 0.78526803695784 NaN
0.713 -0.628686153740892 -0.431438918532566 0.78526803695784 NaN
0.714 -0.627734519892223 -0.432067166879842 0.785268036957841 NaN
0.715 -0.626830876609122 -0.432718699442224 0.78526803695784 NaN
0.716 -0.625975469699446 -0.433393658113611 0.78526803695784 NaN
0.717 -0.625168541905507 -0.434092176118029 0.78526803695784 NaN
0.718 -0.624410305533812 -0.434814369872342 0.78526803695784 NaN
0.719 -0.623700946203016 -0.435560336349813 0.785268036957841 NaN
0.72 -0.623040646211794 -0.436330169901066 0.785268036957841 NaN
0.721 -0.622429604911914 -0.43712397839518 0.78526803695784 NaN
0.722 -0.621868009163065 -0.437941863808437 0.785268036957841 NaN
0.723 -0.621356008153302 -0.438783912190734 0.785268036957841 NaN
0.724 -0.620893783197238 -0.439650234479314 0.785268036957841 NaN
0.725 -0.620481518515247 -0.440540949710747 0.785268036957841 NaN
0.726 -0.620119411140491 -0.441456191961132 0.785268036957841 NaN
0.727 -0.619807666821173 -0.442396123360408 0.785268036957841 NaN
0.728 -0.619546414712906 -0.443360864423914 0.785268036957841 NaN
0.729 -0.619335743969755 -0.444350514682974 0.785268036957841 NaN
0.73 -0.619175781433209 -0.445365199509338 0.785268036957841 NaN
0.731 -0.619066736487651 -0.446405103830648 0.785268036957841 NaN
0.732 -0.61900892312146 -0.447470502267024 0.785268036957841 NaN
0.733 -0.619002687457168 -0.448561712303088 0.785268036957841 NaN
0.734 -0.619048343802545 -0.449679058558764 0.785268036957841 NaN
0.735 -0.619146160739361 -0.450822850213118 0.785268036957841 NaN
0.736 -0.619296377014991 -0.451993380287998 0.785268036957841 NaN
0.737 -0.619499219114173 -0.453190933854008 0.785268036957841 NaN
0.738 -0.619754879540248 -0.454415783961373 0.785268036957841 NaN
0.739 -0.620063499172823 -0.455668185157686 0.785268036957841 NaN
0.74 -0.620425214623303 -0.456948398681064 0.785268036957841 NaN
0.741 -0.62084023067643 -0.458256723901654 0.785268036957841 NaN
0.742 -0.621308810178752 -0.459593498701827 0.785268036957841 NaN
0.743 -0.621831219914395 -0.460959075690931 0.785268036957841 NaN
0.744 -0.622407700387349 -0.462353812245953 0.785268036957841 NaN
0.745 -0.623038485781421 -0.463778074044879 0.785268036957841 NaN
0.746 -0.623723823820883 -0.465232242310153 0.785268036957841 NaN
0.747 -0.624463997313897 -0.466716715243083 0.785268036957841 NaN
0.748 -0.625259299456114 -0.468231891317803 0.785268036957841 NaN
0.749 -0.6261099987947 -0.469778149408042 0.785268036957841 NaN
0.75 -0.627016326256866 -0.47135583334663 0.785268036957841 NaN
0.751 -0.627978464696767 -0.472965248243081 0.785268036957841 NaN
0.752 -0.628996535586221 -0.474606647937218 0.785268036957841 NaN
0.753 -0.630070568176155 -0.476280223274856 0.785268036957841 NaN
0.754 -0.631200512177225 -0.477986105119113 0.785268036957841 NaN
0.755 -0.632386254613592 -0.479724375688474 0.785268036957841 NaN
0.756 -0.633627646378645 -0.481495081507382 0.785268036957841 NaN
0.757 -0.634924540358489 -0.483298257663296 0.785268036957841 NaN
0.758 -0.636276804613749 -0.485133930416199 0.785268036957841 NaN
0.759 -0.637684289726118 -0.487002109847479 0.785268036957841 NaN
0.76 -0.639146818073574 -0.488902766723019 0.785268036957841 NaN
0.761 -0.640664154351034 -0.490835826257577 0.785268036957841 NaN
0.762 -0.642235979753591 -0.492801150637977 0.785268036957841 NaN
0.763 -0.64386190062817 -0.494798540180233 0.785268036957841 NaN
0.764 -0.645541449758331 -0.49682773624397 0.785268036957841 NaN
0.765 -0.647274070998653 -0.498888415294053 0.785268036957841 NaN
0.766 -0.649059110005713 -0.500980180561476 0.78526803695784 NaN
0.767 -0.650895824599253 -0.503102568760142 0.785268036957841 NaN
0.768 -0.652783404967835 -0.505255063000552 0.78526803695784 NaN
0.769 -0.654720996118935 -0.507437105406632 0.785268036957841 NaN
0.77 -0.65670769753991 -0.509648096366852 0.785268036957841 NaN
0.771 -0.658742515109485 -0.51188738503005 0.785268036957841 NaN
0.772 -0.660824379844311 -0.514154265804787 0.785268036957841 NaN
0.773 -0.662952151112135 -0.516447985105453 0.78526803695784 NaN
0.774 -0.66512462358994 -0.518767735779429 0.78526803695784 NaN
0.775 -0.667340478444845 -0.521112642958173 0.785268036957841 NaN
0.776 -0.669598385661215 -0.523481823284844 0.785268036957841 NaN
0.777 -0.671896822139146 -0.525874295460528 0.78526803695784 NaN
0.778 -0.674233892905747 -0.528288912372649 0.785268036957841 NaN
0.779 -0.67660792964235 -0.530724618832432 0.785268036957841 NaN
0.78 -0.679017691455107 -0.533180520678849 0.785268036957841 NaN
0.781 -0.681461814028055 -0.535655645559418 0.785268036957841 NaN
0.782 -0.683938507814623 -0.538148846619909 0.785268036957841 NaN
0.783 -0.686445566150972 -0.540658799550868 0.785268036957841 NaN
0.784 -0.688980643675452 -0.543184120194215 0.785268036957841 NaN
0.785 -0.691541683772115 -0.545723540162789 0.785268036957841 NaN
0.786 -0.6941270493955 -0.548275973058643 0.785268036957841 NaN
0.787 -0.69673519470366 -0.550840397354639 0.785268036957841 NaN
0.788 -0.699364239185435 -0.55341565738039 0.785268036957841 NaN
0.789 -0.702011839934341 -0.556000397200576 0.785268036957841 NaN
0.79 -0.70467538789663 -0.55859311863045 0.785268036957841 NaN
0.791 -0.707352287654351 -0.561192312764058 0.785268036957841 NaN
0.792 -0.71004013768037 -0.563796552399599 0.785268036957841 NaN
0.793 -0.712736789430814 -0.566404543454659 0.785268036957841 NaN
0.794 -0.715440232372074 -0.569015079653339 0.785268036957841 NaN
0.795 -0.718148438989405 -0.571626979496346 0.785268036957841 NaN
0.796 -0.720859313255596 -0.574239054145575 0.785268036957841 NaN
0.797 -0.723570618366888 -0.576850062245406 0.785268036957841 NaN
0.798 -0.726279972930082 -0.579458697909669 0.785268036957841 NaN
0.799 -0.72898489494694 -0.582063606421164 0.785268036957841 NaN
0.8 -0.731682858832596 -0.584663405653606 0.785268036957841 NaN
0.801 -0.734371341292938 -0.587256707633225 0.785268036957841 NaN
0.802 -0.73704785015262 -0.589842140863153 0.785268036957841 NaN
0.803 -0.739709955903183 -0.592418385956021 0.78526803695784 NaN
0.804 -0.7423552948236 -0.594984167027534 0.785268036957841 NaN
0.805 -0.744981567945204 -0.597538242115295 0.785268036957841 NaN
0.806 -0.747586526032493 -0.600079392180966 0.785268036957841 NaN
0.807 -0.750167948265727 -0.602606414180469 0.785268036957841 NaN
0.808 -0.752723615129888 -0.605118106516034 0.785268036957841 NaN
0.809 -0.755251314319861 -0.607613270467918 0.785268036957841 NaN
0.81 -0.757748855945843 -0.610090716285928 0.785268036957841 NaN
0.811 -0.760214039509519 -0.612549274420946 0.785268036957841 NaN
0.812 -0.762644667742568 -0.614987777612723 0.785268036957841 NaN
0.813 -0.765038537915827 -0.617405052677475 0.785268036957841 NaN
0.814 -0.767393469768258 -0.619799933873186 0.785268036957841 NaN
0.815 -0.769707343563452 -0.622171278590833 0.785268036957841 NaN
0.816 -0.771978114458601 -0.624517965232124 0.785268036957841 NaN
0.817 -0.774203795928745 -0.626838895394912 0.785268036957841 NaN
0.818 -0.776382440230128 -0.629132977174789 0.785268036957841 NaN
0.819 -0.778512123510485 -0.631399118685477 0.785268036957841 NaN
0.82 -0.780590945334181 -0.633636226759861 0.785268036957841 NaN
0.821 -0.782617042888687 -0.635843218906126 0.785268036957841 NaN
0.822 -0.784588603138542 -0.638019019653053 0.785268036957841 NaN
0.823 -0.786503868160081 -0.640162564053539 0.785268036957841 NaN
0.824 -0.788361137127358 -0.642272800415749 0.785268036957841 NaN
0.825 -0.790158768551782 -0.644348681397051 0.785268036957841 NaN
0.826 -0.791895175713473 -0.646389177457743 0.785268036957841 NaN
0.827 -0.793568822095696 -0.648393266372701 0.785268036957841 NaN
0.828 -0.795178219221071 -0.650359936624992 0.785268036957841 NaN
0.829 -0.796721924394023 -0.652288178811184 0.785268036957841 NaN
0.83 -0.798198543730382 -0.654176992533912 0.785268036957841 NaN
0.831 -0.799606736015974 -0.656025380384992 0.785268036957841 NaN
0.832 -0.800945219166381 -0.657832355395802 0.785268036957841 NaN
0.833 -0.802212775262927 -0.659596947017411 0.785268036957841 NaN
0.834 -0.803408253784686 -0.661318195642387 0.785268036957841 NaN
0.835 -0.804530573838442 -0.662995165811293 0.785268036957841 NaN
0.836 -0.805578724611909 -0.664626941995749 0.785268036957841 NaN
0.837 -0.806551764486792 -0.666212634308476 0.785268036957841 NaN
0.838 -0.807448819020217 -0.667751376757278 0.785268036957841 NaN
0.839 -0.808269078754456 -0.669242336756301 0.785268036957841 NaN
0.84 -0.809011793300644 -0.670684703521561 0.785268036957841 NaN
0.841 -0.80967627220324 -0.67207770319763 0.785268036957841 NaN
0.842 -0.810261886892256 -0.673420600471414 0.785268036957841 NaN
0.843 -0.810768067052038 -0.674712695674508 0.785268036957841 NaN
0.844 -0.811194296934376 -0.67595332760543 0.785268036957841 NaN
0.845 -0.811540124174124 -0.677141878011495 0.785268036957841 NaN
0.846 -0.811805158735413 -0.678277777358019 0.785268036957841 NaN
0.847 -0.8119890697327 -0.679360502862277 0.785268036957841 NaN
0.848 -0.812091599211352 -0.680389607567844 0.785268036957841 NaN
0.849 -0.81211257636921 -0.681364717560703 0.785268036957841 NaN
0.85 -0.812051901225089 -0.682285533757698 0.785268036957841 NaN
0.851 -0.811909549304242 -0.683151827853723 0.785268036957841 NaN
0.852 -0.811685581781881 -0.683963446841118 0.785268036957841 NaN
0.853 -0.811380143771517 -0.68472031763026 0.785268036957841 NaN
0.854 -0.81099346752275 -0.685422454769801 0.785268036957841 NaN
0.855 -0.81052587628155 -0.686069968190445 0.785268036957842 NaN
0.856 -0.809977779718398 -0.686663061424477 0.785268036957841 NaN
0.857 -0.809349672555802 -0.687202019100331 0.785268036957841 NaN
0.858 -0.808642127892191 -0.687687211753102 0.785268036957841 NaN
0.859 -0.807855791222808 -0.688119094482115 0.785268036957841 NaN
0.86 -0.80699139338681 -0.688498195685027 0.785268036957841 NaN
0.861 -0.80604975424396 -0.688825124924097 0.785268036957841 NaN
0.862 -0.805031770145458 -0.689100558291891 0.78526803695784 NaN
0.863 -0.803938404561475 -0.689325243656101 0.78526803695784 NaN
0.864 -0.802770683538972 -0.68949998173472 0.785268036957841 NaN
0.865 -0.801529696235441 -0.689625627541585 0.785268036957841 NaN
0.866 -0.80021658778933 -0.68970308166249 0.785268036957841 NaN
0.867 -0.798832552961093 -0.689733286279296 0.785268036957841 NaN
0.868 -0.797378826309364 -0.689717211463637 0.785268036957841 NaN
0.869 -0.795856699987695 -0.689655870530693 0.785268036957841 NaN
0.87 -0.794267519756853 -0.689550307226113 0.785268036957841 NaN
0.871 -0.792612664547675 -0.689401560024857 0.785268036957841 NaN
0.872 -0.790893550496115 -0.689210684698428 0.78526803695784 NaN
0.873 -0.789111657876165 -0.688978787387656 0.78526803695784 NaN
0.874 -0.787268540568542 -0.688707007387779 0.78526803695784 NaN
0.875 -0.785365798446896 -0.68839646559292 0.78526803695784 NaN
0.876 -0.783405044395743 -0.688048246450757 0.785268036957841 NaN
0.877 -0.781387895823141 -0.687663410312002 0.785268036957841 NaN
0.878 -0.779315977303923 -0.687243001412677 0.78526803695784 NaN
0.879 -0.777190944242151 -0.686788069141949 0.78526803695784 NaN
0.88 -0.775014496165405 -0.686299675955244 0.785268036957841 NaN
0.881 -0.772788345022911 -0.685778833871038 0.78526803695784 NaN
0.882 -0.770514181436101 -0.685226485053858 0.785268036957841 NaN
0.883 -0.768193706189123 -0.684643584689155 0.785268036957841 NaN
0.884 -0.765828622079111 -0.684031107901269 0.785268036957841 NaN
0.885 -0.763420614714619 -0.683389986082631 0.785268036957841 NaN
0.886 -0.760971349168539 -0.682721075671853 0.785268036957841 NaN
0.887 -0.758482494486086 -0.682025187032834 0.785268036957841 NaN
0.888 -0.75595574727015 -0.681303129285158 0.78526803695784 NaN
0.889 -0.753392837495241 -0.680555738832519 0.78526803695784 NaN
0.89 -0.750795494899291 -0.679783847247303 0.78526803695784 NaN
0.891 -0.74816543453144 -0.678988271603348 0.78526803695784 NaN
0.892 -0.745504368136999 -0.678169798825831 0.785268036957841 NaN
0.893 -0.742813930407303 -0.677329152988696 0.785268036957841 NaN
0.894 -0.740095628924783 -0.676466987864813 0.785268036957841 NaN
0.895 -0.737350880947671 -0.675583914191706 0.785268036957841 NaN
0.896 -0.734581107907646 -0.674680564384977 0.785268036957841 NaN
0.897 -0.731787775009643 -0.673757599427482 0.785268036957841 NaN
0.898 -0.72897234646319 -0.672815684009676 0.785268036957841 NaN
0.899 -0.726136229567453 -0.671855457731988 0.785268036957841 NaN
0.9 -0.723280746852039 -0.670877528613091 0.785268036957841 NaN
0.901 -0.720407200300056 -0.669882516968148 0.785268036957841 NaN
0.902 -0.717516880585414 -0.668871070052327 0.78526803695784 NaN
0.903 -0.714611125035734 -0.667843902860777 0.78526803695784 NaN
0.904 -0.711691268352756 -0.666801758499159 0.785268036957841 NaN
0.905 -0.708758556418961 -0.665745354436983 0.78526803695784 NaN
0.906 -0.705814007173612 -0.66467531969266 0.78526803695784 NaN
0.907 -0.702858447891278 -0.663592232937182 0.78526803695784 NaN
0.908 -0.699892736663126 -0.662496718579375 0.785268036957841 NaN
0.909 -0.696917830653663 -0.661389464638345 0.78526803695784 NaN
0.91 -0.69393466940131 -0.660271173388293 0.78526803695784 NaN
0.911 -0.690944101254488 -0.65914253490856 0.78526803695784 NaN
0.912 -0.687946897645896 -0.658004219139867 0.78526803695784 NaN
0.913 -0.684943862696868 -0.656856919012473 0.78526803695784 NaN
0.914 -0.681935931978469 -0.655701393272419 0.78526803695784 NaN
0.915 -0.678924125888455 -0.65453845068139 0.785268036957841 NaN
0.916 -0.675909352580399 -0.653368870678562 0.78526803695784 NaN
0.917 -0.672892217301053 -0.652193324332073 0.785268036957841 NaN
0.918 -0.669872994974905 -0.651012358098082 0.78526803695784 NaN
0.919 -0.666851795785143 -0.649826450155386 0.78526803695784 NaN
0.92 -0.663828805020082 -0.648636095323999 0.78526803695784 NaN
0.921 -0.660804458911149 -0.647441875917899 0.78526803695784 NaN
0.922 -0.657779489768838 -0.646244468826899 0.78526803695784 NaN
0.923 -0.654754844333285 -0.645044616819697 0.78526803695784 NaN
0.924 -0.651731538824316 -0.643843069317508 0.78526803695784 NaN
0.925 -0.648710524316307 -0.642640531059526 0.78526803695784 NaN
0.926 -0.645692606514091 -0.641437629780397 0.78526803695784 NaN
0.927 -0.642678420301936 -0.64023490934936 0.78526803695784 NaN
0.928 -0.63966844173621 -0.639032824364525 0.78526803695784 NaN
0.929 -0.636663024097554 -0.637831761670258 0.78526803695784 NaN
0.93 -0.633662444175366 -0.636632054024962 0.78526803695784 NaN
0.931 -0.630666955234588 -0.635433995586959 0.78526803695784 NaN
0.932 -0.62767683161719 -0.634237859765501 0.78526803695784 NaN
0.933 -0.624692402560951 -0.633043913583842 0.785268036957841 NaN
0.934 -0.621714071572744 -0.631852421441266 0.78526803695784 NaN
0.935 -0.618742313282354 -0.630663648593653 0.78526803695784 NaN
0.936 -0.615777659959739 -0.629477855871603 0.78526803695784 NaN
0.937 -0.612820683871594 -0.628295291653643 0.78526803695784 NaN
0.938 -0.609871979491016 -0.62711619319301 0.78526803695784 NaN
0.939 -0.606932147089877 -0.625940776029267 0.78526803695784 NaN
0.94 -0.604001786815503 -0.624769245826491 0.785268036957841 NaN
0.941 -0.601081485190684 -0.623601786887433 0.78526803695784 NaN
0.942 -0.598171775390152 -0.622438534314373 0.78526803695784 NaN
0.943 -0.595273147920074 -0.621279583353238 0.78526803695784 NaN
0.944 -0.592386096125014 -0.620125031270206 0.78526803695784 NaN
0.945 -0.589511135568848 -0.618974987766714 0.78526803695784 NaN
0.946 -0.586648819806635 -0.617829589257728 0.78526803695784 NaN
0.947 -0.583799714138371 -0.616688979506142 0.78526803695784 NaN
0.948 -0.580964360282096 -0.615553287110608 0.78526803695784 NaN
0.949 -0.578143276171129 -0.61442262682507 0.78526803695784 NaN
0.95 -0.575336980652976 -0.613297128795116 0.78526803695784 NaN
0.951 -0.572546014463786 -0.612176943251052 0.78526803695784 NaN
0.952 -0.569770940421708 -0.611062256516415 0.78526803695784 NaN
0.953 -0.56701233136411 -0.609953277760174 0.78526803695784 NaN
0.954 -0.564270756430196 -0.608850234703681 0.78526803695784 NaN
0.955 -0.561546772117792 -0.607753369298662 0.78526803695784 NaN
0.956 -0.558840917739903 -0.606662938555285 0.78526803695784 NaN
0.957 -0.556153729275959 -0.60557922299926 0.78526803695784 NaN
0.958 -0.553485736343194 -0.604502527118519 0.785268036957839 NaN
0.959 -0.550837469735912 -0.603433188275679 0.78526803695784 NaN
0.96 -0.548209454251949 -0.602371563518234 0.78526803695784 NaN
0.961 -0.54560219449975 -0.601318028272299 0.78526803695784 NaN
0.962 -0.543016175260604 -0.600272977250854 0.78526803695784 NaN
0.963 -0.540451874524057 -0.599236827687233 0.78526803695784 NaN
0.964 -0.537909775507489 -0.598210031320001 0.785268036957839 NaN
0.965 -0.535390367976014 -0.597193068371853 0.78526803695784 NaN
0.966 -0.532894143133396 -0.596186447837405 0.785268036957839 NaN
0.967 -0.530421585391342 -0.595190698221135 0.785268036957839 NaN
0.968 -0.527973168788501 -0.594206365659355 0.785268036957839 NaN
0.969 -0.525549355188294 -0.593234011940681 0.78526803695784 NaN
0.97 -0.523150595476303 -0.592274208710549 0.785268036957839 NaN
0.971 -0.520777331209001 -0.591327541975138 0.78526803695784 NaN
0.972 -0.518429994680791 -0.590394607025499 0.78526803695784 NaN
0.973 -0.516109009058241 -0.589476002870828 0.78526803695784 NaN
0.974 -0.51381478754292 -0.588572334454232 0.78526803695784 NaN
0.975 -0.511547732077572 -0.587684203135674 0.78526803695784 NaN
0.976 -0.509308232207002 -0.586812206786286 0.78526803695784 NaN
0.977 -0.50709666369901 -0.585956935449556 0.78526803695784 NaN
0.978 -0.504913387091402 -0.585118965767341 0.78526803695784 NaN
0.979 -0.502758749645729 -0.584298863077036 0.78526803695784 NaN
0.98 -0.500633084654865 -0.583497172627971 0.785268036957839 NaN
0.981 -0.498536710576975 -0.582714424809247 0.78526803695784 NaN
0.982 -0.496469932654098 -0.581951121532192 0.78526803695784 NaN
0.983 -0.494433042885946 -0.581207745100737 0.78526803695784 NaN
0.984 -0.492426321936727 -0.580484749542777 0.78526803695784 NaN
0.985 -0.490450039576676 -0.579782561345281 0.78526803695784 NaN
0.986 -0.488504455518752 -0.579101577677283 0.78526803695784 NaN
0.987 -0.486589821230314 -0.578442167459077 0.78526803695784 NaN
0.988 -0.484706379997071 -0.577804664461089 0.78526803695784 NaN
0.989 -0.482854368165037 -0.577189373597173 0.78526803695784 NaN
0.99 -0.481034015672634 -0.576596564264327 0.78526803695784 NaN
0.991 -0.479245545964999 -0.576026473802245 0.78526803695784 NaN
0.992 -0.477489176321606 -0.575479306557797 0.78526803695784 NaN
0.993 -0.475765116711377 -0.574955228473215 0.78526803695784 NaN
0.994 -0.474073569901687 -0.574454374548361 0.78526803695784 NaN
0.995 -0.472414728825019 -0.573976838253483 0.78526803695784 NaN
0.996 -0.470788775971289 -0.573522682454626 0.78526803695784 NaN
0.997 -0.469195880545602 -0.573091930147664 0.78526803695784 NaN
0.998 -0.467636196959052 -0.572684567417255 0.78526803695784 NaN
0.999 -0.466109861001491 -0.572300543843891 0.78526803695784 NaN
1 -0.464616987671737 -0.571939773015494 0.78526803695784 NaN
