"Time, Y-Force, Work integrand, Mass, Mass error"
0.04 0.00543069301865826 1.91279329604779e-10 0.784549965727206 NaN
0.08 -0.000442095720981202 -4.35182118562553e-09 0.784549965727205 NaN
0.12 0.00389854537434434 1.05010864012926e-07 0.784549965727205 NaN
0.16 0.0017482345176056 7.35930368616977e-08 0.784549965727205 NaN
0.2 -0.00413344188815272 -3.49124459599868e-06 0.784549965727203 NaN
0.24 -0.0113404635011749 -2.08972174983139e-05 0.784549965727204 NaN
0.28 -0.0300342246240848 -9.99077024283349e-05 0.784549965727205 NaN
0.32 -0.0544669260643928 -0.00029396873347037 0.784549965727205 NaN
0.36 -0.0719492387765003 -0.000501971232845353 0.784549965727205 NaN
0.4 -0.0677243165079486 -0.000436137626032621 0.784549965727206 NaN
0.44 -0.00779127162481912 2.77854742175634e-05 0.784549965727206 NaN
0.48 0.139101714441449 -0.00168496352144128 0.784549965727205 NaN
0.52 0.39430069492924 -0.0155373943462209 0.784549965727206 NaN
0.56 0.765578626122473 -0.0635707319712993 0.784549965727206 NaN
0.6 1.21767956753249 -0.175626570799855 0.784549965727205 NaN
0.64 1.65921416014916 -0.363586230056535 0.784549965727204 NaN
0.68 1.91921456706974 -0.570602176412593 0.784549965727205 NaN
0.72 1.75635690553791 -0.64092498394875 0.784549965727204 NaN
0.76 1.07633542778737 -0.444017383301983 0.784549965727204 NaN
0.8 -0.132694827380704 0.0240718449053195 0.784549965727204 NaN
0.84 -1.99787654584595 0.515621088168034 0.784549965727204 NaN
0.88 -4.2082503513536 0.306652469984424 0.784549965727203 NaN
0.92 -6.25250813273363 -1.17722766745909 0.784549965727205 NaN
0.96 -7.63363071517199 -3.75338140851241 0.784549965727203 NaN
1 -7.83872640752307 -6.30743830294513 0.784549965727205 NaN
1.04 -6.49603167262818 -7.15864771049148 0.784549965727203 NaN
1.08 -3.60051305579004 -5.11538368735941 0.784549965727203 NaN
1.12 0.239274404169831 -0.635543187009867 0.784549965727204 NaN
1.16 3.89923708560488 4.0588133437499 0.784549965727203 NaN
1.2 6.32703278729278 6.60310718028721 0.784549965727204 NaN
1.24 7.13812464720066 6.2503422123808 0.784549965727204 NaN
1.28 7.03994588616554 3.90579018067035 0.784549965727205 NaN
1.32 7.11030616872231 0.701573855733441 0.784549965727207 NaN
1.36 7.50486510501067 -2.7186008650034 0.784549965727206 NaN
1.4 8.09946368992879 -6.4722722508991 0.784549965727206 NaN
1.44 8.65936250418914 -10.8362716806818 0.784549965727206 NaN
1.48 7.38626917374544 -11.8161763593347 0.784549965727206 NaN
1.52 4.41604470073782 -8.09290721241998 0.784549965727205 NaN
1.56 0.771252048448622 -2.84011690595172 0.784549965727205 NaN
1.6 -2.84145373220173 2.90745307997761 0.784549965727206 NaN
1.64 -4.98239129743663 6.81769781604594 0.784549965727206 NaN
1.68 -6.33296912002071 8.61254520530825 0.784549965727207 NaN
1.72 -7.16850798514219 8.87712767354242 0.784549965727207 NaN
1.76 -7.1211150712683 7.10925588450843 0.784549965727206 NaN
1.8 -7.37410574551868 3.58933945082282 0.784549965727206 NaN
1.84 -7.77383421817953 -0.475228992864459 0.784549965727204 NaN
1.88 -8.43156013808627 -4.16538348197631 0.784549965727202 NaN
1.92 -8.76796579312147 -9.29572093695326 0.784549965727203 NaN
1.96 -8.10065090798681 -12.2950055439356 0.784549965727202 NaN
2 -6.80320919069105 -11.315951131385 0.784549965727201 NaN
2.04 -4.00430265164695 -7.953924652532 0.7845499657272 NaN
2.08 -0.507977037281871 -3.48355640615174 0.784549965727201 NaN
2.12 2.67048655094325 3.63045844120127 0.784549965727201 NaN
2.16 5.63343520943077 9.03477111820012 0.784549965727201 NaN
2.2 7.23695258171193 10.1864621927943 0.784549965727202 NaN
2.24 6.66562003448262 9.38337369576856 0.784549965727203 NaN
2.28 6.42128803215566 7.22704858438654 0.784549965727202 NaN
2.32 6.27964145836099 3.13151471023143 0.784549965727203 NaN
2.36 6.6620299159023 -0.2341775488198 0.784549965727202 NaN
2.4 8.70872282363349 -4.34272991372186 0.784549965727201 NaN
2.44 11.3446886768107 -12.449316033584 0.784549965727201 NaN
2.48 10.7702687557116 -16.260992404569 0.7845499657272 NaN
2.52 7.13871684716009 -12.1604055470827 0.7845499657272 NaN
2.56 2.56099222705073 -5.85059310946345 0.784549965727199 1.11793541236204e-14
2.6 -3.37944309625042 4.52309130458994 0.7845499657272 NaN
2.64 -4.8155344875737 8.31340908819168 0.7845499657272 NaN
2.68 -4.74975385980214 6.81989304794554 0.784549965727202 NaN
2.72 -4.73807281689098 6.31828916267674 0.784549965727202 NaN
2.76 -3.619394514776 6.77260971735152 0.784549965727202 NaN
2.8 -5.09530827057236 6.29436936025568 0.784549965727203 NaN
2.84 -7.85686313054081 3.60143771427886 0.784549965727204 NaN
2.88 -9.6195858903199 -0.0102568166753843 0.784549965727205 NaN
2.92 -11.4765891764777 -5.55906519941426 0.784549965727206 NaN
2.96 -10.3445563521817 -11.3813069584595 0.784549965727206 NaN
3 -8.41569587448418 -12.4862442772918 0.784549965727207 NaN
3.04 -6.43023438312395 -10.7769456191269 0.784549965727208 NaN
3.08 -3.11769948017796 -6.37462435252298 0.784549965727208 NaN
3.12 0.817666588376001 0.586813257956624 0.784549965727209 NaN
3.16 3.25293805448228 5.57609816811639 0.784549965727209 NaN
3.2 4.93683630454859 7.86900823094814 0.78454996572721 NaN
3.24 5.7558742253581 8.53421177629393 0.784549965727206 NaN
3.28 5.55790876474281 8.01109084316353 0.784549965727207 NaN
3.32 6.01135430348845 6.30139360016682 0.784549965727207 NaN
3.36 6.70363897395555 3.5920047692514 0.784549965727207 NaN
3.4 7.16171776823957 0.298779049109263 0.784549965727205 NaN
3.44 9.38184187457339 -4.37828047638911 0.784549965727204 NaN
3.48 11.9581141402899 -11.6506349476926 0.784549965727203 NaN
3.52 10.7294922955377 -14.7119353520957 0.784549965727205 NaN
3.56 7.75125470230706 -12.3289668794188 0.784549965727206 NaN
3.6 2.71779937097283 -5.80651817473315 0.784549965727206 NaN
3.64 -3.60824687132685 4.76134535473092 0.784549965727208 NaN
3.68 -5.51525565399343 8.88474663957439 0.784549965727208 NaN
3.72 -5.43868615002297 7.53909531246166 0.784549965727208 NaN
3.76 -4.54868580852642 5.57076169904091 0.784549965727209 NaN
3.8 -2.99286076554964 5.33014753838833 0.784549965727211 NaN
3.84 -4.124621203576 5.56835688347292 0.784549965727212 NaN
3.88 -5.59803768419277 3.45403591775903 0.784549965727211 NaN
3.92 -8.27008306198946 0.70304776548919 0.784549965727211 NaN
3.96 -12.0234215711548 -4.76857319700779 0.78454996572721 NaN
4 -12.4605032236765 -11.248327979374 0.784549965727211 NaN
4.04 -10.7487019312576 -14.1234710784023 0.784549965727212 NaN
4.08 -7.59900504862387 -11.9236575288334 0.78454996572721 NaN
4.12 -3.14592633839824 -5.85084415010736 0.78454996572721 NaN
4.16 2.67966829925245 3.28373397610047 0.78454996572721 NaN
4.2 5.109051347561 7.9342509357409 0.784549965727211 NaN
4.24 5.25314566270387 7.96597183694676 0.784549965727213 NaN
4.28 4.49705337415665 5.97380960470682 0.784549965727214 NaN
4.32 2.51995986652803 4.2907799327857 0.784549965727214 NaN
4.36 3.8322158092968 5.34219463177727 0.784549965727215 NaN
4.4 5.68270437847781 4.16603119804339 0.784549965727213 NaN
4.44 7.64438518401123 0.978567665327 0.784549965727211 NaN
4.48 11.446790537928 -3.82223992133385 0.78454996572721 NaN
4.52 14.0963559518944 -12.0104209173302 0.784549965727211 NaN
4.56 12.9463725773892 -17.2232825751918 0.784549965727212 NaN
4.6 8.55249818285495 -13.3371595363533 0.78454996572721 NaN
4.64 1.57031617442723 -3.94771229501321 0.784549965727212 NaN
4.68 -5.44394896730421 7.40387882220122 0.784549965727211 NaN
4.72 -7.00505787947334 11.7734758174066 0.784549965727212 NaN
4.76 -5.0874914364529 7.09529529408877 0.784549965727213 NaN
4.8 -2.70187612657058 2.39332456469862 0.784549965727213 NaN
4.84 -0.769233849764316 2.82864597343832 0.784549965727214 NaN
4.88 -2.34285647565935 4.66648962168909 0.784549965727214 NaN
4.92 -5.33111007647615 3.84522275902687 0.784549965727214 NaN
4.96 -9.64349583815047 1.57760136158874 0.784549965727211 NaN
5 -14.548022833985 -4.35199373515737 0.784549965727211 NaN
5.04 -13.7422250206277 -11.557690292515 0.784549965727209 NaN
5.08 -10.8171319487155 -13.6194371130809 0.784549965727209 NaN
5.12 -6.94052170984281 -10.3800339788967 0.78454996572721 NaN
5.16 -1.58571606395891 -3.56215669717244 0.784549965727208 NaN
5.2 3.60078377996112 4.6281481186349 0.784549965727207 NaN
5.24 4.93159745216813 7.78041927810917 0.784549965727205 NaN
5.28 4.03542302834451 5.85174489379183 0.784549965727205 NaN
5.32 2.25777905062798 2.66193719099408 0.784549965727204 NaN
5.36 1.36115425466022 3.01273920965959 0.784549965727205 NaN
5.4 3.81899418448505 5.32806658279315 0.784549965727205 NaN
5.44 6.43707118684089 4.91206891099612 0.784549965727205 NaN
5.48 8.66276463830788 1.8988613306401 0.784549965727205 NaN
5.52 11.9583111455022 -3.13053975312109 0.784549965727208 NaN
5.56 14.1796124467706 -10.9908257214021 0.784549965727208 NaN
5.6 12.7651828092505 -15.8320876096341 0.784549965727208 NaN
5.64 8.35643308084073 -12.2596020550382 0.784549965727207 NaN
5.68 1.1741317155708 -3.40218956458876 0.784549965727208 NaN
5.72 -5.54291447291191 7.54709603421577 0.784549965727208 NaN
5.76 -6.42037843263536 10.7527714904951 0.784549965727207 NaN
5.8 -3.9273629710712 4.46254427914709 0.784549965727207 NaN
5.84 -1.0838232632244 -0.312737124324347 0.784549965727207 NaN
5.88 0.573316022050314 1.22108427227577 0.784549965727205 NaN
5.92 -1.60333295806106 4.00557278267688 0.784549965727206 NaN
5.96 -5.10265330979596 4.0777665245574 0.784549965727205 NaN
6 -10.8460461982472 2.7394490769123 0.784549965727206 NaN
6.04 -16.123820481771 -3.46175306960595 0.784549965727207 NaN
6.08 -15.7608921595886 -10.916246879635 0.784549965727208 NaN
6.12 -11.3808117792738 -12.9551661720585 0.784549965727209 NaN
6.16 -6.18484230993293 -9.50838269616327 0.784549965727211 NaN
6.2 -0.320599649609444 -2.15087482808561 0.784549965727211 NaN
6.24 5.18179499566499 6.83602071569034 0.784549965727212 NaN
6.28 4.79406942295982 7.13372394402103 0.784549965727212 NaN
6.32 2.73949553652327 3.3150071859202 0.784549965727213 NaN
6.36 -0.323898187394088 -1.13465096651606 0.784549965727214 NaN
6.4 -0.214012593696265 0.798369278487392 0.784549965727212 NaN
6.44 3.70721007899037 5.40021045083433 0.78454996572721 NaN
6.48 7.19935283762973 6.16042208771458 0.784549965727211 NaN
6.52 10.9308008977851 3.30336315205501 0.784549965727212 NaN
6.56 13.5216449649186 -2.34629056619914 0.784549965727212 NaN
6.6 14.8480938455123 -10.0091659769444 0.784549965727213 NaN
6.64 12.3816114031211 -14.122711280446 0.784549965727213 NaN
6.68 6.09843563602865 -9.00908088761263 0.784549965727213 NaN
6.72 -0.37134908124746 -1.7334899875412 0.784549965727214 NaN
6.76 -6.77015110376033 8.71093504270403 0.784549965727213 NaN
6.8 -5.69357838732814 8.85477623747165 0.784549965727212 NaN
6.84 -1.3816027625922 -0.0455015756196629 0.784549965727213 NaN
6.88 1.36152905380608 -3.41534329409299 0.784549965727212 NaN
6.92 2.00111946435539 -0.293097818065751 0.784549965727214 NaN
6.96 -1.88127129640083 4.18816592537031 0.784549965727214 NaN
7 -6.9936773070229 5.61085005495819 0.784549965727214 NaN
7.04 -13.0379049899881 4.33320185146191 0.784549965727214 NaN
7.08 -17.6101096757431 -2.31873095868233 0.784549965727215 1.00472676300893e-14
7.12 -15.2098678810337 -9.55095505423876 0.784549965727214 NaN
7.16 -9.55579601189489 -10.1686322448369 0.784549965727214 NaN
7.2 -4.50851869307007 -6.91184475259826 0.784549965727213 NaN
7.24 1.05473128200937 -0.582250616630702 0.784549965727212 NaN
7.28 4.32775511259941 5.61418941276426 0.784549965727212 NaN
7.32 2.66265455576216 3.59585747205829 0.784549965727212 NaN
7.36 0.228387291793128 -1.27016795058835 0.784549965727214 NaN
7.4 -2.97898901935621 -4.99643631521653 0.784549965727213 NaN
7.44 -0.6415464179482 0.208230234886015 0.784549965727212 NaN
7.48 4.44518151758419 6.5298841879526 0.78454996572721 NaN
7.52 8.84189829007903 8.02194515350719 0.784549965727209 NaN
7.56 12.6601921042118 4.91966970111356 0.78454996572721 NaN
7.6 13.4270100203282 -1.20220024692854 0.78454996572721 NaN
7.64 14.5254880115201 -8.46114424142378 0.784549965727211 NaN
7.68 11.5332664350446 -12.1158923194728 0.78454996572721 NaN
7.72 4.9405458025778 -7.81461456659592 0.784549965727209 NaN
7.76 -0.253842473580876 -2.67840135983281 0.784549965727209 NaN
7.8 -5.96187466336177 7.94610916040782 0.784549965727208 NaN
7.84 -3.51654282459082 5.49235803320107 0.784549965727209 NaN
7.88 0.763009522869362 -3.32017556712513 0.784549965727212 NaN
7.92 2.08196680133882 -3.67178275146004 0.784549965727212 NaN
7.96 1.58369100302844 -0.376389037233868 0.78454996572721 NaN
8 -2.91848388380564 4.39706248058264 0.78454996572721 NaN
8.04 -8.63673486740121 7.44783490317862 0.784549965727211 NaN
8.08 -14.1445496035146 6.02636386344374 0.784549965727211 NaN
8.12 -18.7302776424245 -0.911907882972716 0.784549965727212 NaN
8.16 -13.9901930643767 -7.35489382211292 0.78454996572721 NaN
8.2 -7.57570531689565 -7.87371334180291 0.78454996572721 NaN
8.24 -2.3740097439352 -4.6079585168905 0.784549965727211 NaN
8.28 2.39590904017263 1.07759369840451 0.784549965727211 NaN
8.32 2.84089843033493 3.51285007874471 0.784549965727211 NaN
8.36 0.0760232939345488 -1.12887165363729 0.784549965727213 NaN
8.4 -3.36379589157056 -7.24067872626545 0.784549965727212 NaN
8.44 -4.6327107044519 -7.40557379117234 0.784549965727213 NaN
8.48 0.519170114758271 1.33068413930915 0.784549965727213 NaN
8.52 6.79925568999779 9.26525932143806 0.784549965727213 NaN
8.56 11.7655011252471 11.2031255310731 0.784549965727212 NaN
8.6 13.5616608117084 6.38647308182792 0.784549965727213 NaN
8.64 12.5807316734286 -0.088963980505537 0.784549965727213 NaN
8.68 11.9661880598035 -6.02674852857706 0.784549965727214 NaN
8.72 8.06549952923521 -8.62140410838417 0.784549965727213 NaN
8.76 3.68606366858483 -6.77763942261049 0.784549965727214 NaN
8.8 0.551007792396936 -3.40535970843092 0.784549965727214 NaN
8.84 -2.32770533872652 3.12831978376664 0.784549965727213 NaN
8.88 0.410507923894546 -1.01557995473884 0.784549965727213 NaN
8.92 2.307401313527 -5.28868692090008 0.784549965727213 NaN
8.96 1.77372458376144 -3.08591311662266 0.784549965727212 NaN
9 -0.174051339301705 0.567238952403701 0.784549965727212 NaN
9.04 -5.28666442813837 6.77234568145683 0.784549965727213 NaN
9.08 -9.85064062054562 9.31368812301585 0.78454996572721 NaN
9.12 -14.3226632465105 7.34991557528558 0.784549965727209 NaN
9.16 -16.5323853844713 0.57073777798841 0.784549965727206 NaN
9.2 -11.4791926585074 -4.97647778557014 0.784549965727206 NaN
9.24 -6.83521282412341 -6.68344933856025 0.784549965727205 NaN
9.28 -1.94511757510347 -4.60491546907993 0.784549965727208 NaN
9.32 0.629589101921913 -1.53364236265762 0.784549965727208 NaN
9.36 -0.0536311533235613 -0.838283336100196 0.784549965727208 NaN
9.4 -2.31897423613159 -5.14372244187065 0.784549965727208 NaN
9.44 -4.90948299597358 -9.86063434711684 0.784549965727208 NaN
9.48 -3.02596290758213 -5.092699399594 0.784549965727209 NaN
9.52 2.85114522984119 4.26391846796855 0.784549965727208 NaN
9.56 9.04953723404828 12.143822826258 0.784549965727207 NaN
9.6 12.4598768714122 12.7613103272464 0.784549965727206 NaN
9.64 12.2010625525301 6.84849492669103 0.784549965727205 NaN
9.68 10.9136264539345 0.833900079654652 0.784549965727204 NaN
9.72 9.63141982020115 -4.02777820118276 0.784549965727203 NaN
9.76 6.60788353851103 -6.74231780616727 0.784549965727203 NaN
9.8 4.42543395026924 -7.21542539243014 0.784549965727204 NaN
9.84 2.46858583358371 -5.04020328626823 0.784549965727203 NaN
9.88 0.869735185526337 -1.97665433355614 0.784549965727205 NaN
9.92 2.22879911347306 -5.08071422247038 0.784549965727204 NaN
9.96 1.97634891728185 -4.63897070026129 0.784549965727207 NaN
10 0.298056370695103 -1.23861722319561 0.784549965727207 NaN
10.04 -2.3143964682337 2.68577183547455 0.784549965727206 NaN
10.08 -6.72861057986247 9.13218548876496 0.784549965727207 NaN
10.12 -9.67482702253254 10.3300621446121 0.784549965727207 NaN
10.16 -13.3802172632402 7.8543798947691 0.784549965727206 NaN
10.2 -13.3704658509368 1.58753899999584 0.784549965727208 NaN
10.24 -8.71110588872477 -3.26957837241821 0.784549965727206 NaN
10.28 -5.97039030553526 -5.78333200814378 0.784549965727205 NaN
10.32 -2.87305882160552 -5.33637866937871 0.784549965727206 NaN
10.36 -2.59313513528102 -5.1260925171434 0.784549965727207 NaN
10.4 -3.43683782847735 -5.96897131645869 0.784549965727206 NaN
10.44 -4.40969622620551 -8.591486827887 0.784549965727206 NaN
10.48 -4.0930806126485 -8.40059693731142 0.784549965727207 NaN
10.52 -0.397231288910024 -1.27637356107674 0.784549965727207 NaN
10.56 5.07340149891238 7.47936203092962 0.784549965727205 NaN
10.6 9.8744942687734 13.6419098304981 0.784549965727206 NaN
10.64 10.993583662334 12.1950835556396 0.784549965727205 NaN
10.68 9.75198728056929 6.44334349894311 0.784549965727205 NaN
10.72 8.12640812951634 1.33929073918744 0.784549965727204 NaN
10.76 7.63789501750983 -2.55444208688332 0.784549965727204 NaN
10.8 7.48801192998808 -6.59017357004781 0.784549965727203 NaN
10.84 7.49438560048307 -9.93151203139443 0.784549965727202 NaN
10.88 6.26395795457822 -9.86162946815254 0.784549965727204 NaN
10.92 4.32915128063038 -7.93431187307334 0.784549965727205 NaN
10.96 2.0733645034614 -4.88511865035027 0.784549965727204 NaN
11 -0.540187390709703 -0.0625196566884942 0.784549965727204 NaN
11.04 -2.7413693640094 3.43928631856794 0.784549965727204 NaN
11.08 -4.68082504990105 6.19412407371082 0.784549965727204 NaN
11.12 -6.33424736187263 8.94869732813331 0.784549965727205 NaN
11.16 -7.56081209732166 9.0511595019526 0.784549965727203 NaN
11.2 -10.0250393510979 6.98489619394487 0.784549965727204 NaN
11.24 -10.526881344931 2.1941256178121 0.784549965727206 NaN
11.28 -9.14255866833336 -2.56746323081126 0.784549965727205 NaN
11.32 -7.53699756696796 -6.36992480642061 0.784549965727207 NaN
11.36 -5.39202264859551 -7.80507834804658 0.784549965727205 NaN
11.4 -4.93425764509977 -7.96046745288079 0.784549965727204 NaN
11.44 -4.56360117875673 -7.69161530414084 0.784549965727203 NaN
11.48 -3.89613659676891 -8.02525161913446 0.784549965727204 NaN
11.52 -2.16591541033895 -5.115986193068 0.784549965727205 NaN
11.56 1.3524995619572 1.82690207328533 0.784549965727203 NaN
11.6 5.52579904632811 8.26254884786761 0.784549965727202 NaN
11.64 8.56460159875724 11.9980755445048 0.784549965727202 NaN
11.68 9.08790791678921 10.7668621474618 0.784549965727202 NaN
11.72 8.14534018354063 6.20083716717274 0.784549965727202 NaN
11.76 6.87188070045505 1.77081181034983 0.784549965727202 NaN
11.8 6.91627101292726 -1.69563157472073 0.784549965727202 NaN
11.84 8.08947326404882 -6.36421239202364 0.784549965727204 NaN
11.88 9.46750606087407 -11.7406759987249 0.784549965727206 NaN
11.92 8.70003951692495 -13.120601767873 0.784549965727204 NaN
11.96 5.67963437538381 -10.0090781484589 0.784549965727202 NaN
12 1.23757964679038 -3.14813465507114 0.784549965727207 NaN
12.04 -2.54156487181575 3.95593103569653 0.784549965727208 NaN
12.08 -4.05960735032881 5.83189631993515 0.784549965727208 NaN
12.12 -4.76604050455208 6.29204997710013 0.784549965727209 NaN
12.16 -4.56048791131182 6.66061304717867 0.78454996572721 NaN
12.2 -5.08751447983833 6.80973507681773 0.78454996572721 NaN
12.24 -7.30318053035608 5.97745547132552 0.78454996572721 NaN
12.28 -9.2400192044858 2.73502750208798 0.784549965727211 NaN
12.32 -11.0751141782489 -2.03706323529134 0.784549965727213 NaN
12.36 -10.5705216117764 -7.2466988784172 0.784549965727213 NaN
12.4 -8.50891616487367 -10.3213248564507 0.784549965727214 NaN
12.44 -6.40215152288838 -9.88421352879733 0.784549965727213 NaN
12.48 -4.05315389304123 -6.99973579659285 0.784549965727213 NaN
12.52 -1.60983393441849 -3.99258039844557 0.784549965727213 NaN
12.56 0.448514064813074 -0.435262441147565 0.784549965727212 NaN
12.6 2.29253029575106 3.23721170085013 0.784549965727214 NaN
12.64 4.0261619017301 5.64977899275961 0.784549965727216 1.08963325002377e-14
12.68 5.78333900579739 8.15626183531295 0.784549965727214 NaN
12.72 6.87419291700891 8.77717600833912 0.784549965727212 NaN
12.76 7.30195955828834 6.35020285983606 0.784549965727211 NaN
12.8 7.73776882744165 2.66217747853585 0.784549965727211 NaN
12.84 8.90687350895273 -1.27328778222002 0.784549965727212 NaN
12.88 10.5902282476616 -6.96157452396856 0.784549965727211 NaN
12.92 10.8350653274381 -12.4140308595592 0.78454996572721 NaN
12.96 8.36231459239096 -12.1708139198308 0.78454996572721 NaN
13 3.87126769745591 -6.96653881646691 0.784549965727211 NaN
13.04 -1.41082021728622 0.880373120136214 0.784549965727211 NaN
13.08 -3.57398506205024 5.30180553532381 0.784549965727213 NaN
13.12 -3.1948291528931 4.23691585138393 0.784549965727214 NaN
13.16 -2.39342962200735 2.36158809450489 0.784549965727213 NaN
13.2 -1.67554011918183 2.73793216198408 0.784549965727212 NaN
13.24 -3.70091593761883 5.57658341078854 0.784549965727211 NaN
13.28 -6.887580083645 6.17288304931502 0.784549965727209 NaN
13.32 -11.0810666608135 4.14415779601694 0.784549965727208 NaN
13.36 -13.2986919391777 -1.29759787422917 0.784549965727209 NaN
13.4 -11.7314967357977 -7.0036174732276 0.784549965727207 NaN
13.44 -8.70989433894766 -9.64054984083709 0.784549965727205 NaN
13.48 -5.35409371522635 -8.03481813605547 0.784549965727206 NaN
13.52 -2.56597744184175 -4.77760882117189 0.784549965727204 NaN
13.56 -0.209252204650764 -1.38007795203912 0.784549965727202 NaN
13.6 0.387718484990647 -0.480438373402827 0.784549965727199 1.08963325002377e-14
13.64 0.520452606624438 -0.215608622193601 0.784549965727199 1.01887784417807e-14
13.68 1.25404529344671 1.17815268167067 0.784549965727198 1.1745397370386e-14
13.72 3.3349471960959 4.92608419574825 0.784549965727198 1.2452951428843e-14
13.76 6.30037889192697 8.65593232834816 0.784549965727198 1.18869081820774e-14
13.8 8.20847351453214 7.85527137088401 0.784549965727199 1.06133108768549e-14
13.84 9.26536649701627 3.94125615856535 0.784549965727198 1.21699298054602e-14
13.88 10.4024190567037 -0.564882228685154 0.784549965727199 1.00472676300893e-14
13.92 11.734768652485 -6.53128829360135 0.784549965727199 1.08963325002377e-14
13.96 10.943084561138 -11.5171888941984 0.784549965727199 1.10378433119291e-14
14 7.42383063702409 -10.5931902104539 0.784549965727198 1.23114406171516e-14
14.04 2.66861271037214 -5.41768552742149 0.784549965727197 1.34435271106828e-14
14.08 -2.00415088231498 1.9960598183662 0.784549965727198 1.20284189937688e-14
14.12 -2.4657146093954 3.59538276321749 0.784549965727198 1.16038865586946e-14
14.16 -1.19382214559454 0.72783000721874 0.784549965727199 1.06133108768549e-14
14.2 -0.562805370907578 -0.340482561573724 0.784549965727199 1.01887784417807e-14
14.24 -0.826545640722364 1.3242886824045 0.784549965727202 NaN
14.28 -4.11679339999922 5.79745381252404 0.784549965727202 NaN
14.32 -8.19356326328939 7.7730142927757 0.784549965727203 NaN
14.36 -13.3102388413774 6.10462390854443 0.784549965727202 NaN
14.4 -14.8768592701543 -0.181479560756674 0.784549965727202 NaN
14.44 -11.3259556700908 -5.69356019228559 0.784549965727204 NaN
14.48 -6.70505532406898 -7.220865042688 0.784549965727205 NaN
14.52 -2.81478427538487 -5.00147861145937 0.784549965727205 NaN
14.56 -1.2625486689508 -2.92702143090028 0.784549965727205 NaN
14.6 -1.05720295062329 -2.58958353250293 0.784549965727205 NaN
14.64 -2.47312757847064 -5.92784189441426 0.784549965727205 NaN
14.68 -2.87852647438418 -6.26639365779526 0.784549965727207 NaN
14.72 -0.625366209175907 -1.54608268340169 0.784549965727208 NaN
14.76 4.38833641134409 6.31956420689186 0.78454996572721 NaN
14.8 8.99907340236074 12.1274753364884 0.784549965727209 NaN
14.84 10.5156420634494 10.5575671306156 0.784549965727211 NaN
14.88 9.96285768575709 5.02328657399669 0.784549965727211 NaN
14.92 9.10874030306824 0.276507042758052 0.784549965727211 NaN
14.96 8.89230773022248 -4.33938610738381 0.784549965727213 NaN
15 8.32005784381215 -8.7219654270457 0.784549965727212 NaN
15.04 6.88441688437812 -9.76778789108857 0.784549965727212 NaN
15.08 4.12077788420143 -7.05410222403318 0.784549965727213 NaN
15.12 1.29214591960565 -2.93008728668351 0.784549965727214 NaN
15.16 0.214638770078486 -0.959436342499446 0.784549965727212 NaN
15.2 -0.313327190302533 -0.560950507477448 0.784549965727213 NaN
15.24 -1.31928275900422 0.804906789363011 0.784549965727213 NaN
15.28 -2.54319439746362 3.10561107200326 0.784549965727214 NaN
15.32 -5.14960978676641 7.1654859604857 0.784549965727214 NaN
15.36 -8.42834210556854 8.86663447666471 0.784549965727214 NaN
15.4 -12.6369828441405 6.84926535945064 0.784549965727214 NaN
15.44 -13.205924039987 0.951548357042523 0.784549965727215 NaN
15.48 -10.3253407141201 -4.22056664419409 0.784549965727215 NaN
15.52 -6.45659796223377 -6.48447702814787 0.784549965727214 NaN
15.56 -3.10570568560228 -5.40594611581293 0.784549965727215 NaN
15.6 -2.72401206756795 -4.92659879952014 0.784549965727214 NaN
15.64 -3.32567721677521 -6.27427333315663 0.784549965727214 NaN
15.68 -4.40659400723761 -9.33077616974301 0.784549965727214 NaN
15.72 -3.30529508956123 -6.99870464867681 0.784549965727213 NaN
15.76 0.629443340629712 0.272462064147809 0.784549965727213 NaN
15.8 6.42269265748831 9.28082440317416 0.784549965727215 NaN
15.84 10.4826684352687 14.3322249225897 0.784549965727214 NaN
15.88 10.3953720930247 11.1139001264705 0.784549965727214 NaN
15.92 8.74441160815906 5.20455504914095 0.784549965727212 NaN
15.96 7.07891771672722 0.842414393860325 0.784549965727212 NaN
16 6.97506466853004 -2.80814425660449 0.78454996572721 NaN
16.04 7.808714989073 -7.51307007739786 0.784549965727212 NaN
16.08 8.56712790297142 -11.0332690730588 0.784549965727214 NaN
16.12 6.86003125482456 -10.3076821700015 0.784549965727212 NaN
16.16 3.96080626002366 -7.49410774282977 0.784549965727213 NaN
16.2 0.347704555689647 -1.96366387749089 0.784549965727212 NaN
16.24 -2.03936215280505 2.39236226310249 0.784549965727211 NaN
16.28 -3.46385202156628 4.15959494564655 0.784549965727213 NaN
16.32 -4.30016871190847 5.48499566732777 0.784549965727214 NaN
16.36 -4.6585077522111 6.93307076247154 0.784549965727215 NaN
16.4 -6.66926480550843 7.91648622103238 0.784549965727215 NaN
16.44 -9.56280733209853 6.15532755349978 0.784549965727215 NaN
16.48 -10.7117403140295 1.70314758420201 0.784549965727216 1.14623757470032e-14
16.52 -10.2877340325519 -3.33073278703679 0.784549965727216 1.14623757470032e-14
16.56 -7.94814953037607 -7.13697551240529 0.784549965727215 NaN
16.6 -5.70707301140732 -8.13954342278199 0.784549965727213 NaN
16.64 -4.93957090219528 -7.47622650071799 0.784549965727216 1.06133108768549e-14
16.68 -4.28315226375285 -7.17125194776411 0.784549965727215 1.00472676300893e-14
16.72 -3.16943214821816 -6.89869823687275 0.784549965727216 1.07548216885463e-14
16.76 -1.09932810618926 -2.89974569980671 0.784549965727215 NaN
16.8 2.04322482286478 2.53805555783594 0.784549965727213 NaN
16.84 5.73102616633983 7.79571386123641 0.784549965727212 NaN
16.88 7.9573556158935 11.3185497565553 0.784549965727213 NaN
16.92 8.02779988565666 9.61818856554878 0.784549965727213 NaN
16.96 7.39765894654596 5.22226437834338 0.784549965727215 NaN
17 6.85195510612051 1.41375756280452 0.784549965727216 1.07548216885463e-14
17.04 8.1442908967151 -2.3780060078891 0.784549965727217 1.20284189937688e-14
17.08 10.0718415633013 -8.21880800785294 0.784549965727217 1.23114406171516e-14
17.12 11.0015388572113 -13.2932518223531 0.784549965727216 1.08963325002377e-14
17.16 8.2065673014891 -12.0998219280217 0.784549965727216 1.14623757470032e-14
17.2 3.69069485706827 -6.852678795513 0.784549965727217 1.18869081820774e-14
17.24 -1.621363778291 1.6904721509793 0.784549965727215 1.00472676300893e-14
17.28 -3.43747151408655 5.12110708291196 0.784549965727215 1.03302892534721e-14
17.32 -3.63248292013474 4.533731335536 0.784549965727218 1.34435271106828e-14
17.36 -3.16613235840397 3.48807732828408 0.784549965727218 1.37265487340656e-14
17.4 -2.72328504477991 4.12072691885133 0.784549965727217 1.20284189937688e-14
17.44 -5.22967449489129 6.79043641968341 0.784549965727217 1.23114406171516e-14
17.48 -8.20893709505403 6.29369390054476 0.784549965727216 1.11793541236204e-14
17.52 -11.9637616734875 2.93341301046132 0.784549965727215 NaN
17.56 -12.4944086612732 -2.89169347261895 0.784549965727215 1.03302892534721e-14
17.6 -9.63666936856678 -7.37608424274837 0.784549965727214 NaN
17.64 -6.3088810535978 -8.3508235971082 0.784549965727214 NaN
17.68 -4.26499259475642 -6.46772081656532 0.784549965727214 NaN
17.72 -2.69845224808941 -4.7196589527369 0.784549965727214 NaN
17.76 -1.63014919320592 -4.41459917472785 0.784549965727214 NaN
17.8 -1.15385848071947 -3.42615542048917 0.784549965727215 NaN
17.84 0.471936322050736 -0.159082123865465 0.784549965727214 NaN
17.88 3.10921702653987 3.98039145411867 0.784549965727212 NaN
17.92 6.4426808278089 9.47914397273932 0.784549965727213 NaN
17.96 8.00763762871482 10.0978827260736 0.784549965727211 NaN
18 8.46533349135218 6.63410674678259 0.784549965727212 NaN
18.04 8.10205209235979 2.29156004018515 0.784549965727212 NaN
18.08 9.03983429500218 -1.80621164016362 0.784549965727213 NaN
18.12 10.2449128223927 -7.59292585313443 0.784549965727214 NaN
18.16 10.1738087166487 -11.8911546141725 0.784549965727214 NaN
18.2 6.97019613107739 -10.0746758993204 0.784549965727215 1.03302892534721e-14
18.24 2.6198324098162 -4.97949756488127 0.784549965727214 NaN
18.28 -1.60444194944339 1.85407265034302 0.784549965727214 NaN
18.32 -1.83268201784087 2.36820336903327 0.784549965727215 NaN
18.36 -1.50094837831128 0.826678047208136 0.784549965727213 NaN
18.4 -1.02733153216205 0.052588879764019 0.784549965727214 NaN
18.44 -1.81384058015101 2.73976258383462 0.784549965727212 NaN
18.48 -5.35823584177912 7.26772664365978 0.784549965727211 NaN
18.52 -9.74023282007075 8.07457054463971 0.784549965727209 NaN
18.56 -14.2430158412436 4.54129982431173 0.784549965727211 NaN
18.6 -13.3080046970244 -1.88703361000285 0.784549965727213 NaN
18.64 -9.38350513242653 -6.11612031622065 0.784549965727213 NaN
18.68 -4.70300943351681 -6.29517130721672 0.784549965727213 NaN
18.72 -2.77584402762487 -4.92795356672183 0.784549965727213 NaN
18.76 -2.41449841762467 -4.51563178719553 0.784549965727214 NaN
18.8 -3.25657211208882 -6.98422025775633 0.784549965727213 NaN
18.84 -3.7381092835886 -8.10544603187025 0.784549965727214 NaN
18.88 -1.57078060408277 -3.69646482658405 0.784549965727213 NaN
18.92 2.77055027447378 3.50244801136237 0.784549965727213 NaN
18.96 8.34774241207767 12.1959722853599 0.784549965727212 NaN
19 9.96192946191325 12.6838000926272 0.784549965727213 NaN
19.04 9.49150940576455 8.07316381334548 0.784549965727213 NaN
19.08 7.66309667148039 2.7937551560415 0.784549965727213 NaN
19.12 7.77653428998831 -0.869003656828965 0.784549965727214 NaN
19.16 8.53627654884725 -5.65015571383933 0.784549965727216 1.06133108768549e-14
19.2 9.3474360388618 -10.0971222463344 0.784549965727216 1.14623757470032e-14
19.24 7.44186933973194 -10.0832497269309 0.784549965727217 1.2452951428843e-14
19.28 4.13810912672053 -7.08261490076296 0.784549965727216 1.14623757470032e-14
19.32 0.316013216895768 -1.89962718503809 0.784549965727218 1.30189946756086e-14
19.36 -1.00382873198872 0.222792446767775 0.784549965727219 1.51416568509796e-14
19.4 -1.72425535155664 1.16374533892886 0.78454996572722 1.65567649678936e-14
19.44 -2.17552257914975 1.72905937873064 0.78454996572722 1.5990721721128e-14
19.48 -2.82202107992486 4.06784832103846 0.784549965727221 1.72643190263506e-14
19.52 -5.48158397552986 7.8714773878155 0.78454996572722 1.64152541562022e-14
19.56 -9.40255460107999 8.65645041569042 0.78454996572722 1.62737433445108e-14
19.6 -12.9649060021106 5.20490062386259 0.784549965727219 1.51416568509796e-14
19.64 -11.5833825868557 -0.683923006825523 0.78454996572722 1.57077000977452e-14
19.68 -8.34539213530425 -4.88196982979949 0.784549965727218 1.40095703574484e-14
19.72 -4.26604323987975 -5.77353563871868 0.784549965727218 1.35850379223742e-14
19.76 -3.89744630386792 -5.88030453433021 0.784549965727217 1.27359730522258e-14
19.8 -4.56531010961682 -7.20061554123073 0.784549965727219 1.42925919808312e-14
19.84 -5.35233053295269 -10.3015246931843 0.784549965727217 1.28774838639172e-14
19.88 -4.29040603248105 -8.8870948743692 0.784549965727217 1.18869081820774e-14
19.92 -0.784905370676587 -2.34307293614916 0.784549965727215 NaN
19.96 4.38897532177492 5.78099874613942 0.784549965727216 1.06133108768549e-14
20 8.99154013184658 13.3427173996958 0.784549965727216 1.13208649353118e-14
20.04 9.21709492676986 12.5879699679229 0.784549965727215 NaN
20.08 8.0601670357547 7.61730746217249 0.784549965727215 NaN
20.12 5.54898493761261 2.61132077316127 0.784549965727215 1.03302892534721e-14
20.16 6.50605513502453 -0.124327365107327 0.784549965727216 1.04718000651635e-14
20.2 8.51916636185708 -4.69829090114264 0.784549965727215 NaN
20.24 11.8142376908714 -11.3852973814082 0.784549965727216 1.08963325002377e-14
20.28 10.2452110339336 -13.1640137807589 0.784549965727218 1.34435271106828e-14
20.32 6.32634596051602 -10.3819823417916 0.784549965727217 1.23114406171516e-14
20.36 0.539884820024398 -2.4596539677608 0.784549965727218 1.41510811691398e-14
20.4 -2.72030352596241 3.43072129050103 0.78454996572722 1.58492109094366e-14
20.44 -3.3365634636459 4.16257056433119 0.78454996572722 1.62737433445108e-14
20.48 -3.53158290926449 3.87247049721979 0.784549965727219 1.51416568509796e-14
20.52 -1.93166741659065 2.64561028007678 0.784549965727218 1.34435271106828e-14
20.56 -4.08612917436019 6.40129906306766 0.784549965727217 1.21699298054602e-14
20.6 -7.31483624917169 7.69528912269477 0.784549965727217 1.25944622405344e-14
20.64 -11.795788148349 5.80174836397439 0.784549965727217 1.25944622405344e-14
20.68 -12.5326695590134 0.316276265894917 0.784549965727217 1.25944622405344e-14
20.72 -9.73486087535361 -4.68892683729349 0.784549965727217 1.21699298054602e-14
20.76 -5.63110014987644 -6.5070166454939 0.784549965727217 1.1745397370386e-14
20.8 -4.57469861042188 -6.38459493915191 0.78454996572722 1.5990721721128e-14
20.84 -4.61081978741828 -7.14921238935775 0.784549965727221 1.68397865912764e-14
20.88 -4.52192728948917 -9.05477601198373 0.78454996572722 1.58492109094366e-14
20.92 -3.51391730504869 -7.8328980339785 0.784549965727218 1.41510811691398e-14
20.96 -0.611657245821632 -2.25643640023607 0.78454996572722 1.62737433445108e-14
21 3.39448330911915 4.2805370082445 0.78454996572722 1.55661892860538e-14
21.04 7.45744436603323 11.3703419178983 0.784549965727221 1.76888514614248e-14
21.08 8.26205896055632 11.7637504675075 0.784549965727219 1.5283167662671e-14
21.12 7.86029526463981 8.05555122287676 0.784549965727221 1.72643190263506e-14
21.16 5.64648494855821 3.13747203730445 0.78454996572722 1.6698275779585e-14
21.2 6.92240321909563 0.515909250252435 0.784549965727222 1.91039595783387e-14
21.24 9.01918559768056 -4.09915107953292 0.784549965727222 1.88209379549559e-14
21.28 12.4130545767822 -11.1712630626838 0.78454996572722 1.62737433445108e-14
21.32 10.2573354223122 -12.7338649819849 0.784549965727219 1.54246784743624e-14
21.36 5.93043071570311 -9.63930990469451 0.784549965727218 1.41510811691398e-14
21.4 -0.650639825987609 -0.594658556673004 0.784549965727221 1.76888514614248e-14
21.44 -2.71277092134641 3.58009206638329 0.78454996572722 1.61322325328194e-14
21.48 -2.20586121577655 2.34028698272913 0.784549965727222 1.82548947081904e-14
21.52 -1.77531274129696 0.990754627376384 0.784549965727223 2.02360460718699e-14
21.56 0.151461827158759 -0.434399068651488 0.784549965727223 1.95284920134129e-14
21.6 -3.06110650674483 5.40874869824717 0.784549965727223 1.93869812017215e-14
21.64 -7.12385484507454 8.05233949413389 0.784549965727222 1.92454703900301e-14
21.68 -13.9461052559766 7.62115464074367 0.784549965727223 2.03775568835613e-14
21.72 -14.1496057140474 1.51456866518609 0.784549965727226 2.34907947407721e-14
21.76 -10.7630599262296 -4.07507028144924 0.784549965727225 2.25002190589323e-14
21.8 -5.08995101684946 -5.2213470915929 0.784549965727227 2.51889244810689e-14
21.84 -3.44267603444144 -4.95121525887805 0.784549965727226 2.34907947407721e-14
21.88 -3.60679346401074 -6.19860420614209 0.784549965727226 2.41983487992291e-14
21.92 -4.83044387454185 -9.62001388306513 0.784549965727227 2.50474136693775e-14
21.96 -5.07027598629954 -10.4667209067745 0.784549965727227 2.49059028576861e-14
22 -2.38204292398218 -5.49229730566566 0.784549965727228 2.61795001629086e-14
22.04 1.88631277809191 1.92633943027545 0.784549965727226 2.43398596109205e-14
22.08 7.92732233788908 12.2910656589691 0.784549965727225 2.25002190589323e-14
22.12 9.50061988330706 13.5613155017034 0.784549965727225 2.30662623056979e-14
22.16 9.13921511066991 9.77032269067118 0.784549965727224 2.17926650004753e-14
22.2 5.91883776659929 3.72048970700131 0.784549965727224 2.17926650004753e-14
22.24 6.5669271530474 1.11225675822474 0.784549965727223 1.99530244484871e-14
22.28 8.0558387069444 -2.90114103880866 0.784549965727223 1.93869812017215e-14
22.32 11.6644997947454 -9.38214019101336 0.784549965727222 1.86794271432645e-14
22.36 9.77617739651476 -11.5050529642637 0.784549965727221 1.75473406497334e-14
22.4 6.35125996338679 -10.086960816379 0.78454996572722 1.5990721721128e-14
22.44 0.288074969243737 -2.345446258856 0.784549965727219 1.54246784743624e-14
22.48 -1.53343499636654 0.892648441801198 0.784549965727217 1.28774838639172e-14
22.52 -1.62891682081266 1.1410184509191 0.784549965727218 1.35850379223742e-14
22.56 -1.77985979804386 1.35964403739406 0.784549965727218 1.41510811691398e-14
22.6 -0.43742280044886 0.434393714631305 0.784549965727217 1.20284189937688e-14
22.64 -3.50418863929275 6.01148179420182 0.784549965727217 1.20284189937688e-14
22.68 -7.23313197135375 8.54428685511007 0.784549965727217 1.28774838639172e-14
22.72 -13.7098315430345 8.48989264015306 0.784549965727219 1.51416568509796e-14
22.76 -12.7227277614155 2.44843160280266 0.78454996572722 1.65567649678936e-14
22.8 -9.49718987193075 -2.82025616398562 0.784549965727222 1.8113383896499e-14
22.84 -3.85547293313312 -3.98633200829569 0.784549965727222 1.82548947081904e-14
22.88 -3.9687301305463 -5.36050083122625 0.784549965727221 1.75473406497334e-14
22.92 -5.06265005142038 -8.12288220915178 0.78454996572722 1.62737433445108e-14
22.96 -7.29679959600634 -12.8968056258607 0.78454996572722 1.6698275779585e-14
23 -5.96668680266266 -11.6193345414943 0.78454996572722 1.55661892860538e-14
23.04 -2.08037698450863 -4.77895061618527 0.78454996572722 1.62737433445108e-14
23.08 3.60946880529272 4.9398068733694 0.784549965727221 1.69812974029678e-14
23.12 8.6958911986097 13.5172476829564 0.784549965727221 1.76888514614248e-14
23.16 8.788053474689 13.0795795532902 0.784549965727221 1.78303622731162e-14
23.2 7.70467458715222 8.95934900442535 0.784549965727223 2.02360460718699e-14
23.24 3.89063666215354 3.03155869091449 0.784549965727224 2.13681325654011e-14
23.28 5.64176886582458 1.51242832151593 0.784549965727225 2.25002190589323e-14
23.32 7.90737215175168 -2.02591754907977 0.784549965727225 2.29247514940065e-14
23.36 13.8872255326692 -9.81144789643782 0.784549965727228 2.57549677278344e-14
23.4 11.8132592895137 -13.1961548091199 0.784549965727226 2.39153271758463e-14
23.44 8.08469972169631 -12.6595520035171 0.784549965727227 2.47643920459947e-14
23.48 0.512223307072792 -2.56082843089578 0.784549965727227 2.56134569161431e-14
23.52 -2.37046764695802 2.76292382372971 0.784549965727227 2.56134569161431e-14
23.56 -2.63743512987724 3.32815348580388 0.784549965727226 2.40568379875377e-14
23.6 -2.40738308504244 2.79995222102557 0.784549965727227 2.46228812343033e-14
23.64 0.113451151128163 -0.811003687066465 0.784549965727228 2.61795001629086e-14
23.68 -2.80121726801328 4.64455850627086 0.784549965727227 2.56134569161431e-14
23.72 -6.15901718045582 7.64768193781352 0.784549965727227 2.54719461044517e-14
23.76 -12.9029670228494 9.2119230759624 0.784549965727226 2.32077731173893e-14
23.8 -12.7509561997377 3.59160403517525 0.784549965727226 2.32077731173893e-14
23.84 -10.3040828610564 -2.09715424971129 0.784549965727228 2.64625217862914e-14
23.88 -4.82020830787662 -4.02639942624752 0.784549965727227 2.56134569161431e-14
23.92 -4.69285123585132 -6.06515289443722 0.784549965727227 2.50474136693775e-14
23.96 -5.24049609460707 -8.55326047890967 0.784549965727227 2.56134569161431e-14
24 -7.41295122576328 -12.5031168384344 0.784549965727227 2.53304352927603e-14
24.04 -5.08065416232895 -10.0051199118793 0.784549965727228 2.67455434096742e-14
24.08 -1.69878382514338 -4.36260242646938 0.784549965727229 2.78776299032054e-14
24.12 3.41014819110276 5.02818709039093 0.784549965727229 2.80191407148968e-14
24.16 7.20360153826296 11.3530257247375 0.784549965727228 2.61795001629086e-14
24.2 7.57826406707228 11.4109536283479 0.784549965727228 2.66040325979828e-14
24.24 6.96744966108453 8.66452157345383 0.784549965727229 2.7028565033057e-14
24.28 4.12669589236143 3.5267113790098 0.784549965727228 2.60379893512172e-14
24.32 6.25662790261854 2.17896391472072 0.784549965727227 2.49059028576861e-14
24.36 8.82049967193669 -1.41878441606089 0.784549965727225 2.29247514940065e-14
24.4 14.159760434979 -9.0354473881387 0.784549965727224 2.16511541887839e-14
24.44 11.3599071425067 -12.4244749374492 0.784549965727222 1.89624487666473e-14
24.48 7.62050009208182 -11.9132019522519 0.784549965727222 1.82548947081904e-14
24.52 -0.659452915690162 -0.17961386401484 0.784549965727222 1.88209379549559e-14
24.56 -2.00817786628974 2.59079424994244 0.784549965727222 1.89624487666473e-14
24.6 -1.63186994659747 1.88867699581873 0.784549965727221 1.71228082146592e-14
24.64 0.166585653462247 -1.29294495771987 0.784549965727219 1.5283167662671e-14
24.68 1.58626885982424 -3.70062496987616 0.784549965727219 1.42925919808312e-14
24.72 -2.20533598521405 3.29351937717345 0.784549965727219 1.44341027925226e-14
24.76 -6.44712247865251 8.35954048765781 0.784549965727219 1.42925919808312e-14
24.8 -14.3768022990478 11.2930394163989 0.78454996572722 1.57077000977452e-14
24.84 -13.5042523455799 4.86894296432062 0.78454996572722 1.65567649678936e-14
24.88 -10.4384197924824 -1.14364322267228 0.784549965727221 1.69812974029678e-14
24.92 -4.33519393439638 -3.0104149695192 0.784549965727222 1.82548947081904e-14
24.96 -4.33693076829569 -5.67698821564249 0.784549965727221 1.79718730848076e-14
25 -5.03758012915483 -8.70291473244851 0.78454996572722 1.65567649678936e-14
25.04 -8.36282961984703 -13.4030745480827 0.78454996572722 1.5990721721128e-14
25.08 -6.22965623610383 -11.5298191896169 0.784549965727221 1.68397865912764e-14
25.12 -3.10719674873862 -6.7692874644605 0.784549965727219 1.54246784743624e-14
25.16 3.18857710931324 4.97236817365401 0.78454996572722 1.5990721721128e-14
25.2 7.5914334137839 11.7544306784754 0.784549965727219 1.42925919808312e-14
25.24 8.54699860930007 12.5023644090361 0.78454996572722 1.57077000977452e-14
25.28 7.29139227823558 9.34288964701814 0.78454996572722 1.62737433445108e-14
25.32 3.81904174624406 3.5869898200592 0.78454996572722 1.6698275779585e-14
25.36 5.61158230377366 2.501104149029 0.78454996572722 1.65567649678936e-14
25.4 8.55742500641058 -0.595610967086585 0.784549965727222 1.82548947081904e-14
25.44 13.5811506444252 -7.49735564183504 0.78454996572722 1.5990721721128e-14
25.48 11.3313249736684 -11.61567323198 0.784549965727221 1.79718730848076e-14
25.52 8.07324271967029 -11.79811354076 0.78454996572722 1.5990721721128e-14
25.56 0.361218492607395 -1.04302158446969 0.784549965727218 1.41510811691398e-14
25.6 -1.21265634158917 0.915538905674757 0.784549965727218 1.41510811691398e-14
25.64 -1.73259549429534 1.47580384852261 0.784549965727217 1.2452951428843e-14
25.68 0.438202307294015 -2.17494311674025 0.784549965727217 1.28774838639172e-14
25.72 0.985184830517472 -3.42535529479722 0.784549965727219 1.42925919808312e-14
25.76 -2.21393238998492 2.8018196300751 0.784549965727218 1.35850379223742e-14
25.8 -6.59624928151477 9.20204158375887 0.784549965727218 1.35850379223742e-14
25.84 -13.3391929564675 11.8150074438543 0.784549965727218 1.40095703574484e-14
25.88 -12.4646306204484 5.53491238617937 0.78454996572722 1.6698275779585e-14
25.92 -9.12260224588084 -0.19849501242645 0.784549965727221 1.71228082146592e-14
25.96 -3.9412177969016 -2.63584067494883 0.784549965727221 1.7405829838042e-14
26 -4.85656273934895 -6.27541508878785 0.784549965727222 1.91039595783387e-14
26.04 -6.76674131644718 -10.1717767538542 0.784549965727222 1.8113383896499e-14
26.08 -9.75829579934917 -13.8480373980205 0.784549965727219 1.48586352275968e-14
26.12 -6.17272202929523 -10.9045019993881 0.784549965727222 1.83964055198817e-14
26.16 -2.62157206762545 -5.72549637488164 0.784549965727221 1.69812974029678e-14
26.2 4.73386609852465 7.48308931462186 0.784549965727223 2.05190676952527e-14
26.24 7.31525579214619 10.6026161008678 0.784549965727221 1.78303622731162e-14
26.28 7.29289659719744 10.6591252922043 0.784549965727222 1.89624487666473e-14
26.32 4.71362900871188 7.16409428031487 0.784549965727224 2.15096433770925e-14
26.36 2.46839695086637 2.92137141629943 0.784549965727226 2.33492839290807e-14
26.4 5.41183955892682 2.90504171374548 0.784549965727224 2.13681325654011e-14
26.44 9.76074949044674 0.21134180321369 0.784549965727224 2.13681325654011e-14
26.48 15.416990817307 -7.13782275841347 0.784549965727224 2.15096433770925e-14
26.52 12.864275398125 -12.003927149425 0.784549965727223 1.95284920134129e-14
26.56 8.33613213154308 -11.3285476139812 0.784549965727221 1.75473406497334e-14
26.6 -0.0516724226929924 -0.0677548181649807 0.784549965727222 1.8113383896499e-14
26.64 -2.1018252621179 2.2093240303538 0.784549965727222 1.88209379549559e-14
26.68 -1.93204771195555 1.53033772418666 0.784549965727221 1.75473406497334e-14
26.72 1.54849787019642 -4.33389451372503 0.78454996572722 1.64152541562022e-14
26.76 1.82219901485743 -5.47904673175676 0.784549965727221 1.75473406497334e-14
26.8 -1.25618101662831 1.1830995764708 0.78454996572722 1.65567649678936e-14
26.84 -7.05859276763135 10.6943239319785 0.784549965727219 1.42925919808312e-14
26.88 -13.7984603801497 13.175514329205 0.784549965727217 1.23114406171516e-14
26.92 -13.1752065270846 6.77946920467761 0.784549965727218 1.35850379223742e-14
26.96 -9.57221239639511 0.603127433773357 0.784549965727217 1.28774838639172e-14
27 -3.92225310827025 -2.35006962485073 0.784549965727219 1.42925919808312e-14
27.04 -4.24269706690654 -5.45686308592795 0.784549965727219 1.42925919808312e-14
27.08 -6.86473124044501 -9.28663114483937 0.784549965727218 1.40095703574484e-14
27.12 -9.54795157160669 -12.6513225107559 0.784549965727217 1.23114406171516e-14
27.16 -6.24760408776524 -11.2592973066619 0.784549965727218 1.41510811691398e-14
27.2 -3.31921275009001 -7.7961643156546 0.784549965727218 1.35850379223742e-14
27.24 3.86343148923959 5.67772058113243 0.784549965727219 1.42925919808312e-14
27.28 6.18185188696751 8.52529484132243 0.784549965727219 1.44341027925226e-14
27.32 7.16650017237915 10.9011364046468 0.78454996572722 1.62737433445108e-14
27.36 4.55334454650426 7.54431025189342 0.78454996572722 1.6698275779585e-14
27.4 3.04925452148913 3.55618604371876 0.784549965727221 1.7405829838042e-14
27.44 5.93124411510041 3.62933811080607 0.784549965727221 1.69812974029678e-14
27.48 10.146594484619 1.12163873376774 0.784549965727219 1.51416568509796e-14
27.52 14.6599954109001 -5.57933393461374 0.78454996572722 1.65567649678936e-14
27.56 12.0679870681067 -10.6085382044888 0.784549965727221 1.69812974029678e-14
27.6 7.03143632751582 -9.26261177681742 0.784549965727221 1.7405829838042e-14
27.64 0.383379796581636 -0.435071612891102 0.78454996572722 1.62737433445108e-14
27.68 -1.04322281361085 -0.044016296889597 0.784549965727221 1.7405829838042e-14
27.72 0.0825944849197115 -2.29806777529349 0.78454996572722 1.5990721721128e-14
27.76 2.95630224291029 -6.56843689562376 0.784549965727219 1.48586352275968e-14
27.8 1.97440567532146 -6.18233099187885 0.784549965727218 1.40095703574484e-14
27.84 -1.35171920178729 1.68638242073483 0.784549965727218 1.40095703574484e-14
27.88 -8.23976838266464 12.9666760904647 0.784549965727216 1.10378433119291e-14
27.92 -13.8168697439553 13.9205855195921 0.784549965727216 1.07548216885463e-14
27.96 -12.496004328963 7.22126770777503 0.784549965727213 NaN
28 -8.22703033162911 1.22893294852979 0.784549965727213 NaN
28.04 -3.45661097928487 -1.72037213478635 0.784549965727212 NaN
28.08 -4.99448266215317 -5.29060706685461 0.784549965727213 NaN
28.12 -8.97927735945385 -10.6235215288472 0.784549965727212 NaN
28.16 -11.0337999356577 -14.517176533844 0.784549965727213 NaN
28.2 -7.11287354502729 -13.3778536365607 0.784549965727211 NaN
28.24 -2.7254934130179 -7.00034163013238 0.784549965727211 NaN
28.28 4.74956514919506 7.09864932273742 0.78454996572721 NaN
28.32 6.91595773906872 9.58191560261326 0.784549965727208 NaN
28.36 7.10084097919207 11.5280868717294 0.784549965727209 NaN
28.4 3.2041327102258 5.92873397052277 0.78454996572721 NaN
28.44 2.19457811411474 2.7398872765454 0.784549965727211 NaN
28.48 5.49702555991641 3.81677580182021 0.784549965727214 NaN
28.52 10.7776002049129 2.11366357840404 0.784549965727214 NaN
28.56 15.4972642181898 -4.52066366549836 0.784549965727214 NaN
28.6 12.5132628441256 -9.84059483692069 0.784549965727215 NaN
28.64 6.68510513425348 -7.84654405566204 0.784549965727216 1.14623757470032e-14
28.68 0.624945719056172 -0.94588304883941 0.784549965727216 1.06133108768549e-14
28.72 -1.33347058274105 -0.607042731047366 0.784549965727214 NaN
28.76 0.544256191968597 -3.62285743309779 0.784549965727212 NaN
28.8 3.10214562580441 -7.2850010421238 0.784549965727209 NaN
28.84 2.39273306841878 -6.89592233544002 0.78454996572721 NaN
28.88 -0.955429793796399 2.12486309792529 0.784549965727212 NaN
28.92 -8.38532117242804 13.4737894458484 0.784549965727214 NaN
28.96 -12.7728212310673 13.339141851892 0.784549965727215 NaN
29 -12.0906313676107 7.89287990219737 0.784549965727213 NaN
29.04 -7.49935373965637 1.83679878303736 0.784549965727214 NaN
29.08 -3.47762432795464 -1.34714667767087 0.784549965727212 NaN
29.12 -5.59426785168159 -5.00611177995819 0.784549965727213 NaN
29.16 -10.0416938722772 -10.6669486035213 0.784549965727211 NaN
29.2 -11.0423535090522 -14.5530747496386 0.784549965727211 NaN
29.24 -6.46713524105532 -12.5972172165589 0.784549965727212 NaN
29.28 -1.59221028369631 -4.62811510990409 0.784549965727211 NaN
29.32 4.4850840735755 6.87290686279647 0.78454996572721 NaN
29.36 5.41043871054538 7.51355979181456 0.784549965727211 NaN
29.4 5.07712197074067 9.25250780679571 0.784549965727212 NaN
29.44 1.3432288760528 3.51649217696185 0.784549965727211 NaN
29.48 2.3220625299296 2.79106118694295 0.784549965727207 NaN
29.52 6.46237014615187 4.90157341029796 0.784549965727208 NaN
29.56 12.6393147973585 3.56710415171491 0.784549965727206 NaN
29.6 15.712004179916 -3.18154908299689 0.784549965727208 NaN
29.64 11.8565268464941 -8.10978045635974 0.784549965727208 NaN
29.68 5.63623299413205 -6.03089169314209 0.784549965727206 NaN
29.72 0.621624686821893 -1.8613779658726 0.784549965727207 NaN
29.76 -0.0699698350393696 -3.17959439218031 0.784549965727205 NaN
29.8 3.10332578001091 -7.39572632135858 0.784549965727205 NaN
29.84 4.1896379468131 -8.67075694933656 0.784549965727205 NaN
29.88 2.05430558307805 -5.55552471021341 0.784549965727205 NaN
29.92 -2.59435947205367 5.30381935902265 0.784549965727207 NaN
29.96 -10.047032546042 14.9621916517244 0.784549965727205 NaN
30 -12.6638480990514 13.3455423868906 0.784549965727207 NaN
30.04 -11.1157484869841 8.36875393130512 0.784549965727206 NaN
30.08 -5.24041827406101 2.0137734531934 0.784549965727206 NaN
30.12 -3.57815280617575 -0.842285397914545 0.784549965727206 NaN
30.16 -6.25163191783192 -4.62835018025164 0.784549965727206 NaN
30.2 -11.5684240597106 -11.4395149139597 0.784549965727205 NaN
30.24 -11.322931855674 -15.3750234367818 0.784549965727206 NaN
30.28 -6.58643810039452 -12.9041149955608 0.784549965727206 NaN
30.32 -0.537976286615327 -2.43272687127758 0.784549965727206 NaN
30.36 4.22492201485191 6.51824708266929 0.784549965727207 NaN
30.4 4.67930033054421 7.02303299876221 0.784549965727206 NaN
30.44 3.7935552064982 7.75922518159415 0.784549965727206 NaN
30.48 0.872250437475272 2.13952614400967 0.784549965727204 NaN
30.52 2.97519280445162 3.43184777187091 0.784549965727202 NaN
30.56 7.07834934613674 5.93312787685759 0.784549965727203 NaN
30.6 13.1170618363422 4.80339090123784 0.784549965727201 NaN
30.64 14.1784854505794 -1.64646594286011 0.784549965727201 NaN
30.68 10.5496058052804 -6.51057377312321 0.784549965727201 NaN
30.72 5.01579775062333 -5.4869560717958 0.784549965727202 NaN
30.76 2.03326514840884 -4.40602097418767 0.784549965727202 NaN
30.8 1.62273652767704 -5.6301779177689 0.784549965727202 NaN
30.84 4.38942430517702 -8.52928917858481 0.784549965727202 NaN
30.88 3.68639135666546 -7.07485584190312 0.784549965727204 NaN
30.92 1.39751827961286 -3.62124745213357 0.784549965727203 NaN
30.96 -3.24302242326703 5.98565337845451 0.784549965727201 NaN
31 -8.73230856615097 12.5718707728693 0.7845499657272 NaN
31.04 -10.4114719586568 11.5697076794162 0.784549965727201 NaN
31.08 -9.52781062438028 8.17795418097386 0.784549965727201 NaN
31.12 -5.67190664985199 2.70819528890358 0.784549965727202 NaN
31.16 -6.22882476648498 -0.509971227050159 0.784549965727202 NaN
31.2 -8.81259629469218 -4.92372801608634 0.784549965727202 NaN
31.24 -12.1883750960009 -11.5907891749013 0.784549965727203 NaN
31.28 -9.88772983900051 -14.1543110630948 0.784549965727204 NaN
31.32 -4.93605386615706 -10.0958916364075 0.784549965727204 NaN
31.36 0.0284691638806657 -0.605215094145333 0.784549965727205 NaN
31.4 2.62189178596695 4.0136505395181 0.784549965727204 NaN
31.44 2.56010132422233 3.96141408546692 0.784549965727204 NaN
31.48 1.55657700128207 3.32746342179691 0.784549965727206 NaN
31.52 1.86693895033814 2.64830760190654 0.784549965727204 NaN
31.56 4.89361693751842 5.6851949837241 0.784549965727205 NaN
31.6 9.00159602133849 8.15355819566517 0.784549965727206 NaN
31.64 12.9442429698582 5.87673403327084 0.784549965727205 NaN
31.68 12.4865436666476 -0.349782683865001 0.784549965727206 NaN
31.72 8.87981388660571 -4.70256033894947 0.784549965727208 NaN
31.76 4.84906022640077 -5.24597968567948 0.784549965727209 NaN
31.8 3.40628781001925 -6.03387918764653 0.784549965727208 NaN
31.84 3.59073959417423 -7.44545654103868 0.784549965727209 NaN
31.88 5.16034195599132 -9.46787704729524 0.784549965727209 NaN
31.92 3.14573329414577 -6.70062527033143 0.784549965727208 NaN
31.96 0.396453549919099 -1.84271641460501 0.784549965727207 NaN
32 -4.23320317552023 6.62590910802646 0.784549965727208 NaN
32.04 -7.79809987269073 10.8405863178958 0.78454996572721 NaN
32.08 -8.83268506347492 10.8745996019736 0.78454996572721 NaN
32.12 -7.88324759034524 7.88115258035148 0.78454996572721 NaN
32.16 -6.08768261706341 3.30256921144985 0.78454996572721 NaN
32.2 -7.24178961223929 0.121968431177259 0.784549965727211 NaN
32.24 -9.21907221517796 -4.48166837266497 0.784549965727212 NaN
32.28 -11.3498791009338 -10.8181306860504 0.784549965727212 NaN
32.32 -8.91881024066703 -12.2785236199839 0.784549965727212 NaN
32.36 -4.70964633410045 -7.90369370339202 0.784549965727212 NaN
32.4 -1.08686323970917 -2.00662202533327 0.784549965727213 NaN
32.44 0.951352657555963 1.0298252211159 0.784549965727214 NaN
32.48 1.38250106970504 1.82447320295952 0.784549965727214 NaN
32.52 1.12117038335313 1.26867574544155 0.784549965727218 1.31605054873e-14
32.56 2.36593816856069 3.1630336236153 0.784549965727218 1.30189946756086e-14
32.6 5.16569359091717 6.91431983357413 0.784549965727217 1.2452951428843e-14
32.64 8.97927744286632 8.95576218478877 0.784549965727219 1.50001460392882e-14
32.68 11.1554459354359 6.0638654635155 0.784549965727219 1.44341027925226e-14
32.72 10.9113410402846 0.66245141569742 0.784549965727217 1.25944622405344e-14
32.76 9.03159695460506 -3.91901017690064 0.784549965727216 1.11793541236204e-14
32.8 7.09545652841687 -6.71153266391916 0.784549965727217 1.2452951428843e-14
32.84 6.08718761550715 -8.71327895442469 0.784549965727219 1.42925919808312e-14
32.88 5.05245459255414 -8.78805798511757 0.784549965727218 1.3868059545757e-14
32.92 4.37375598668612 -8.36045093679032 0.784549965727219 1.50001460392882e-14
32.96 1.58989333441547 -3.9809918341112 0.78454996572722 1.62737433445108e-14
33 -0.829488554886352 0.3977918543072 0.784549965727221 1.68397865912764e-14
33.04 -3.7677205305201 5.01524255846818 0.784549965727221 1.7405829838042e-14
33.08 -5.83079186969947 8.28391428938481 0.784549965727222 1.91039595783387e-14
33.12 -7.08842160373603 9.62230813167164 0.784549965727222 1.92454703900301e-14
33.16 -7.45749665750383 7.77685179081936 0.784549965727221 1.72643190263506e-14
33.2 -7.91654540081009 4.76160237861358 0.784549965727221 1.71228082146592e-14
33.24 -9.15845965696695 0.981423188209475 0.784549965727222 1.88209379549559e-14
33.28 -9.81843089993712 -3.94391488534496 0.784549965727223 1.96700028251043e-14
33.32 -9.34174305029832 -8.54335963350808 0.784549965727223 2.02360460718699e-14
33.36 -7.16968384437498 -9.50712512712831 0.784549965727223 1.99530244484871e-14
33.4 -4.4264738869521 -6.81725223074283 0.784549965727224 2.06605785069441e-14
33.44 -2.49559808017519 -4.97431416244312 0.784549965727224 2.17926650004753e-14
33.48 -1.26146408402707 -3.52444694859652 0.784549965727227 2.51889244810689e-14
33.52 -0.259759710581389 -1.48591337798325 0.784549965727227 2.53304352927603e-14
33.56 1.13767520352911 0.92749351084996 0.784549965727228 2.67455434096742e-14
33.6 4.10535812739141 6.36040452861771 0.784549965727228 2.66040325979828e-14
33.64 6.68075193028234 9.44623702552868 0.784549965727226 2.40568379875377e-14
33.68 8.78568432814038 9.22844137676647 0.784549965727225 2.29247514940065e-14
33.72 9.21315642924897 5.80765064349945 0.784549965727226 2.33492839290807e-14
33.76 9.13045989456165 1.37488447069268 0.784549965727225 2.23587082472409e-14
33.8 8.46747096076062 -3.04385758053859 0.784549965727225 2.20756866238581e-14
33.84 8.15052623624996 -7.20507240702337 0.784549965727225 2.20756866238581e-14
33.88 7.44989800240596 -9.74609148888532 0.784549965727224 2.16511541887839e-14
33.92 5.6896980013002 -9.15020802978364 0.784549965727224 2.10851109420183e-14
33.96 3.79868889536535 -7.64105296027055 0.784549965727224 2.16511541887839e-14
34 1.09867984973583 -2.92312271788299 0.784549965727223 1.93869812017215e-14
34.04 -0.800188568437639 0.538829638697263 0.784549965727221 1.72643190263506e-14
34.08 -2.45608265858237 2.56094390375801 0.78454996572722 1.5990721721128e-14
34.12 -3.85138448669271 5.65735839684966 0.78454996572722 1.58492109094366e-14
34.16 -5.67127638403578 8.33142818664528 0.784549965727219 1.42925919808312e-14
34.2 -7.88500784846588 8.48395791637131 0.784549965727218 1.3868059545757e-14
34.24 -9.43314653319698 6.22081494142176 0.78454996572722 1.61322325328194e-14
34.28 -10.1343629911159 1.93443954284126 0.784549965727219 1.4575613604214e-14
34.32 -9.32981395976299 -2.85067974110841 0.78454996572722 1.65567649678936e-14
34.36 -8.35167879910454 -6.92885337496862 0.784549965727221 1.78303622731162e-14
34.4 -7.24097867288546 -9.0415396114096 0.784549965727222 1.89624487666473e-14
34.44 -5.90414130904738 -8.94128634933355 0.784549965727223 1.95284920134129e-14
34.48 -4.3703695539648 -8.51799774138404 0.784549965727222 1.8113383896499e-14
34.52 -2.38299080457928 -5.49792734069479 0.784549965727219 1.42925919808312e-14
34.56 0.142272009049666 -0.721032760268862 0.784549965727219 1.44341027925226e-14
34.6 2.56048081510453 3.22838437481345 0.78454996572722 1.55661892860538e-14
34.64 5.1910486596765 8.3425331786078 0.784549965727219 1.42925919808312e-14
34.68 6.59476549689012 9.51882460716574 0.784549965727219 1.50001460392882e-14
34.72 7.01121461349123 7.61431162127855 0.784549965727217 1.2452951428843e-14
34.76 7.4614949134234 5.38101301447449 0.784549965727216 1.13208649353118e-14
34.8 8.88422034379634 2.15547354600851 0.784549965727216 1.11793541236204e-14
34.84 10.3220852399024 -2.68440920306935 0.784549965727216 1.08963325002377e-14
34.88 9.97100576147536 -7.55697813118211 0.784549965727216 1.10378433119291e-14
34.92 8.14948005077963 -9.62027902363253 0.784549965727215 1.03302892534721e-14
34.96 4.58010917132503 -7.24700091406168 0.784549965727215 NaN
35 2.12960623485968 -5.27082077795584 0.784549965727217 1.2452951428843e-14
35.04 0.427237715807276 -2.36488138341985 0.784549965727217 1.27359730522258e-14
35.08 0.129376045512709 -1.58727244268114 0.784549965727216 1.11793541236204e-14
35.12 -0.518634544770593 -0.84248029453699 0.784549965727216 1.06133108768549e-14
35.16 -2.37413743383118 3.68120056069154 0.784549965727215 NaN
35.2 -5.5282082057 8.35790545166997 0.784549965727216 1.07548216885463e-14
35.24 -9.02205619096611 10.0019703853259 0.784549965727215 NaN
35.28 -10.447434042175 7.60603887612416 0.784549965727216 1.07548216885463e-14
35.32 -9.76148423767948 2.68959812116594 0.784549965727215 1.00472676300893e-14
35.36 -7.44268553191759 -1.69497147545488 0.784549965727217 1.25944622405344e-14
35.4 -6.88892122300352 -5.51345845269364 0.784549965727217 1.25944622405344e-14
35.44 -7.73479109811364 -8.96150558501361 0.784549965727217 1.1745397370386e-14
35.48 -7.61352714793088 -10.6285016353714 0.784549965727216 1.14623757470032e-14
35.52 -5.56482161165068 -10.1056311823472 0.784549965727216 1.08963325002377e-14
35.56 -2.74902914046157 -5.76798250353198 0.784549965727217 1.20284189937688e-14
35.6 0.92330652876073 0.853974299484052 0.784549965727218 1.31605054873e-14
35.64 2.99336291584441 3.89391406758517 0.784549965727217 1.20284189937688e-14
35.68 4.86618718867099 8.0462681750266 0.784549965727217 1.28774838639172e-14
35.72 4.54239590159255 6.98597467569201 0.784549965727216 1.11793541236204e-14
35.76 5.38368275191516 6.32388684834475 0.784549965727215 NaN
35.8 6.95381207279735 5.71443651530837 0.784549965727214 NaN
35.84 10.0001824561379 3.28685634469913 0.784549965727213 NaN
35.88 11.6174521814704 -1.91584190437601 0.784549965727213 NaN
35.92 10.738119858136 -6.99473158328822 0.784549965727213 NaN
35.96 7.83186483948056 -8.56786495510193 0.784549965727213 NaN
36 4.32836799737119 -6.99191037927188 0.784549965727212 NaN
36.04 2.57950937854585 -6.31505260343659 0.784549965727212 NaN
36.08 1.8566978861448 -4.5852241555808 0.784549965727213 NaN
36.12 1.30876308957988 -3.28168895240098 0.784549965727211 NaN
36.16 -0.401153771283796 -0.813433155748591 0.784549965727212 NaN
36.2 -3.02675525852091 4.93660630536896 0.784549965727212 NaN
36.24 -7.00242146151872 10.0757197041725 0.784549965727212 NaN
36.28 -9.30867259245962 10.4311388113831 0.784549965727214 NaN
36.32 -9.6013129081693 7.86844878191127 0.784549965727215 NaN
36.36 -7.82201196993885 3.07804876832415 0.784549965727213 NaN
36.4 -7.22067773833707 -0.972771306485807 0.784549965727213 NaN
36.44 -7.8251243280209 -5.18672140981485 0.784549965727213 NaN
36.48 -9.5440007657145 -9.95445675889228 0.784549965727214 NaN
36.52 -8.08231696233415 -11.3986806419664 0.784549965727212 NaN
36.56 -5.22576735467519 -9.63563339441074 0.784549965727212 NaN
36.6 -1.28587399716257 -3.21908601657799 0.784549965727212 NaN
36.64 1.18877929805453 1.15045970688965 0.784549965727211 NaN
36.68 2.08706439967763 2.73451033654424 0.784549965727213 NaN
36.72 2.92072273063303 5.23656286657726 0.784549965727215 NaN
36.76 3.33828484166496 5.0720763133277 0.784549965727216 1.08963325002377e-14
36.8 5.77378090664626 6.97272234421358 0.784549965727215 NaN
36.84 8.22994400480653 7.21018506162152 0.784549965727214 NaN
36.88 11.1661130640962 4.581677825845 0.784549965727215 NaN
36.92 10.8906014434186 -0.849280081891597 0.784549965727215 1.00472676300893e-14
36.96 9.1356713524016 -5.38459155956436 0.784549965727215 1.03302892534721e-14
37 6.43110053774794 -7.09581054593315 0.784549965727215 1.00472676300893e-14
37.04 4.70206200538425 -7.64396324818809 0.784549965727215 1.01887784417807e-14
37.08 3.92361878226194 -7.9211667571484 0.784549965727216 1.13208649353118e-14
37.12 3.67046700129368 -6.98552384457258 0.784549965727215 NaN
37.16 1.85879227818375 -3.86942812149702 0.784549965727215 NaN
37.2 -0.470340429865896 -0.236512616843234 0.784549965727213 NaN
37.24 -3.61141874206223 5.36947586037195 0.784549965727216 1.07548216885463e-14
37.28 -6.38875542907604 8.88288710109778 0.784549965727218 1.34435271106828e-14
37.32 -8.09215988992131 9.85350868775206 0.78454996572722 1.5990721721128e-14
37.36 -8.28815708657172 7.694645492578 0.784549965727221 1.69812974029678e-14
37.4 -8.06439635299184 3.77798418054676 0.78454996572722 1.58492109094366e-14
37.44 -8.75811511597251 -0.292398538043507 0.784549965727221 1.76888514614248e-14
37.48 -9.58342937170394 -5.08799542136287 0.784549965727221 1.68397865912764e-14
37.52 -9.79491298793106 -9.78014579701974 0.78454996572722 1.64152541562022e-14
37.56 -7.34712392550838 -10.465303405857 0.78454996572722 1.58492109094366e-14
37.6 -4.48995443982672 -8.0625872618615 0.78454996572722 1.57077000977452e-14
37.64 -1.80755298740806 -3.87901715814579 0.784549965727219 1.44341027925226e-14
37.68 -0.358790893873297 -1.50743226842101 0.784549965727218 1.33020162989914e-14
37.72 0.796892357766486 0.51668408245551 0.784549965727217 1.28774838639172e-14
37.76 2.25745314547459 3.3624860960611 0.784549965727217 1.23114406171516e-14
37.8 4.69048223560685 6.83507149293616 0.784549965727216 1.10378433119291e-14
37.84 7.11959066477716 8.91804496858406 0.784549965727215 NaN
37.88 8.80928057037276 8.28007495477802 0.784549965727215 1.03302892534721e-14
37.92 9.74903107947761 4.89222543821029 0.784549965727216 1.14623757470032e-14
37.96 9.41761179079066 0.107631947651794 0.784549965727216 1.08963325002377e-14
38 8.5250217604705 -4.25828374295264 0.784549965727215 1.00472676300893e-14
38.04 7.71404681191508 -7.69198327281805 0.784549965727214 NaN
38.08 6.54904187999906 -9.18787100070902 0.784549965727215 NaN
38.12 5.03022823784857 -8.77278729392972 0.784549965727215 NaN
38.16 2.93130907651829 -6.2660328970545 0.784549965727215 1.00472676300893e-14
38.2 0.459248178844008 -2.06918133782408 0.784549965727215 NaN
38.24 -1.31786548118931 0.89402698729908 0.784549965727215 1.00472676300893e-14
38.28 -3.05709280817059 3.9666163067582 0.784549965727216 1.06133108768549e-14
38.32 -4.51189168952268 6.67418530598164 0.784549965727217 1.18869081820774e-14
38.36 -6.31245332672363 8.47059210822937 0.784549965727218 1.34435271106828e-14
38.4 -7.84955700347744 7.80124284987336 0.784549965727221 1.71228082146592e-14
38.44 -9.52907279166132 5.0501750336668 0.78454996572722 1.62737433445108e-14
38.48 -9.67587000019685 0.530161302754247 0.784549965727221 1.69812974029678e-14
38.52 -9.00530093037066 -4.1595619098085 0.784549965727222 1.82548947081904e-14
38.56 -8.0592041477464 -7.93902673989357 0.784549965727218 1.40095703574484e-14
38.6 -6.74461883372847 -8.97726236828335 0.784549965727218 1.40095703574484e-14
38.64 -5.12492928736359 -8.17798741179818 0.784549965727219 1.4575613604214e-14
38.68 -3.52711552169173 -6.76892742184316 0.784549965727219 1.5283167662671e-14
38.72 -1.65027850746523 -3.59950550512135 0.78454996572722 1.61322325328194e-14
38.76 0.350772175929308 -0.432979989086744 0.784549965727221 1.75473406497334e-14
38.8 2.76230039098844 3.8001026887032 0.784549965727221 1.7405829838042e-14
38.84 5.018608392891 7.80739919498592 0.78454996572722 1.65567649678936e-14
38.88 6.4942742908033 8.74541457118902 0.784549965727222 1.91039595783387e-14
38.92 7.38138838136083 7.59420564448788 0.784549965727223 1.96700028251043e-14
38.96 8.2964393707017 4.98022355992079 0.784549965727221 1.78303622731162e-14
39 9.37551807890436 0.942836883598402 0.784549965727221 1.76888514614248e-14
39.04 10.1081023393291 -3.98542546176514 0.784549965727223 1.96700028251043e-14
39.08 9.59978316603679 -8.37817410673179 0.784549965727223 2.03775568835613e-14
39.12 7.39207048506624 -9.59583714183807 0.784549965727223 2.03775568835613e-14
39.16 4.65608344298283 -8.20935399192244 0.784549965727224 2.15096433770925e-14
39.2 2.40966049334625 -5.66223485615115 0.784549965727224 2.10851109420183e-14
39.24 0.655842795703524 -2.09918035244522 0.784549965727222 1.89624487666473e-14
39.28 -0.498167412028253 -0.4320059768418 0.78454996572722 1.64152541562022e-14
39.32 -2.02988073399047 2.2607294172546 0.784549965727218 1.40095703574484e-14
39.36 -4.12786507981607 6.29976530513697 0.78454996572722 1.58492109094366e-14
39.4 -7.06116684944229 9.25344185157095 0.784549965727219 1.5283167662671e-14
39.44 -9.05944708492099 9.23690115305186 0.784549965727219 1.51416568509796e-14
39.48 -9.64992654291146 6.07040193436633 0.784549965727219 1.44341027925226e-14
39.52 -8.64820751212436 1.29079524402201 0.784549965727218 1.30189946756086e-14
39.56 -7.81286206389816 -2.97266699555223 0.784549965727217 1.2452951428843e-14
39.6 -7.75907955553481 -6.97747619251182 0.784549965727217 1.27359730522258e-14
39.64 -7.93503843991106 -9.80705972777646 0.784549965727216 1.13208649353118e-14
39.68 -6.60770833735575 -10.2029417309907 0.784549965727215 1.01887784417807e-14
39.72 -4.13311631212917 -7.97372587699678 0.784549965727215 NaN
39.76 -1.0676966473024 -2.83094428666099 0.784549965727215 NaN
39.8 1.08187664119612 0.699738843238887 0.784549965727214 NaN
39.84 2.90674055201263 4.37349030779726 0.784549965727213 NaN
39.88 4.15717910043088 6.83242575825665 0.784549965727212 NaN
39.92 5.1610906187759 7.10430128139899 0.784549965727213 NaN
39.96 6.64420925823578 7.24975607532342 0.784549965727214 NaN
40 8.66643564291885 5.86582287353817 0.784549965727215 1.03302892534721e-14
