"Time, Y-Force, Work integrand, Mass, Mass error"
1e-05 1.34420605590878e-13 -2.21645737134775e-31 0.785390488322164 NaN
0.04 -4.6496067395902e-07 -6.07047474555347e-12 0.785390488322164 NaN
0.08 -2.86988930461976e-05 -7.46986504311337e-11 0.785390488322164 NaN
0.12 -0.000310513291215423 -1.30594967911482e-08 0.785390488322164 NaN
0.16 -0.00161301049882442 -3.35858201977662e-07 0.785390488322164 NaN
0.2 -0.00549446601743876 -3.76991390772198e-06 0.785390488322163 NaN
0.24 -0.0139939960137179 -2.38748552418581e-05 0.785390488322164 NaN
0.28 -0.0281945277026248 -9.62608563712588e-05 0.785390488322164 NaN
0.32 -0.0454673940846462 -0.000256225841402702 0.785390488322164 NaN
0.36 -0.056140388394452 -0.000424012661046116 0.785390488322163 NaN
0.4 -0.0411135964027639 -0.000300239068307301 0.785390488322164 NaN
0.44 0.027529193728456 9.6624401764564e-05 0.785390488322164 NaN
0.48 0.180965770651894 -0.0019757011005309 0.785390488322164 NaN
0.52 0.442340169510441 -0.0168221608951446 0.785390488322164 NaN
0.56 0.810741676094839 -0.0664997129008722 0.785390488322164 NaN
0.6 1.24402785591274 -0.179311034588243 0.785390488322163 NaN
0.64 1.64696649231837 -0.364057145241043 0.785390488322163 NaN
0.68 1.87281497188645 -0.567846484784722 0.785390488322164 NaN
0.72 1.74492099180214 -0.653565261078038 0.785390488322163 NaN
0.76 1.09916106156088 -0.457716483428238 0.785390488322163 NaN
0.8 -0.158173843969276 0.0404011724508066 0.785390488322164 NaN
0.84 -1.98520823811775 0.518158387041483 0.785390488322164 NaN
0.88 -4.15062678923068 0.306122358016304 0.785390488322163 NaN
0.92 -6.23174046795534 -1.20063088319765 0.785390488322164 NaN
0.96 -7.69056165494462 -3.89157741886682 0.785390488322163 NaN
1 -7.98381758720014 -6.63847522142435 0.785390488322164 NaN
1.04 -6.6861575517769 -7.68711476468463 0.785390488322163 NaN
1.08 -3.762992570327 -5.68798126960286 0.785390488322164 NaN
1.12 0.135854144267925 -1.00937466717325 0.785390488322164 NaN
1.16 3.87722991090035 4.03379034957274 0.785390488322164 NaN
1.2 6.38310986518865 6.82034503730693 0.785390488322164 NaN
1.24 7.20280554545361 6.44328583605956 0.785390488322163 NaN
1.28 7.02527821139538 3.97465785446353 0.785390488322164 NaN
1.32 6.89700290818966 0.703276781492466 0.785390488322164 NaN
1.36 7.15919414349898 -2.73548544000756 0.785390488322163 NaN
1.4 7.89758416597358 -6.6334522150957 0.785390488322163 NaN
1.44 8.66052777945046 -11.2607241159339 0.785390488322163 NaN
1.48 7.47197004099093 -12.2901639581923 0.785390488322164 NaN
1.52 4.61763378077768 -8.62066308313144 0.785390488322163 NaN
1.56 1.06230199908209 -3.19667297085423 0.785390488322163 NaN
1.6 -2.60144747389601 2.86628618938199 0.785390488322164 NaN
1.64 -4.65999962404664 6.61806581699226 0.785390488322164 NaN
1.68 -6.04528358380384 8.31903134360453 0.785390488322163 NaN
1.72 -6.96332684492097 8.67137192822572 0.785390488322164 NaN
1.76 -6.9633492665473 7.06171747874092 0.785390488322163 NaN
1.8 -7.27711798945228 3.60746861684941 0.785390488322164 NaN
1.84 -7.85859125111719 -0.49540651414987 0.785390488322164 NaN
1.88 -8.34538088272397 -4.13586805538812 0.785390488322164 NaN
1.92 -8.8411166962226 -9.58649049253973 0.785390488322163 NaN
1.96 -7.95975243447585 -12.5460336154504 0.785390488322164 NaN
2 -6.68576883824378 -11.9293911744592 0.785390488322163 NaN
2.04 -4.28229458102778 -9.21580392756814 0.785390488322163 NaN
2.08 -0.547674104091586 -4.32498158255681 0.785390488322162 NaN
2.12 2.55611350019602 2.7926124329632 0.785390488322163 NaN
2.16 5.49125320283409 8.55103421708544 0.785390488322163 NaN
2.2 7.44010993695865 10.8024845492617 0.785390488322162 NaN
2.24 6.61866192523734 9.77644533404527 0.785390488322163 NaN
2.28 6.49708302109456 7.53758767936549 0.785390488322163 NaN
2.32 6.35474722941246 3.24560390190518 0.785390488322163 NaN
2.36 6.63840219458392 -0.244947218252973 0.785390488322163 NaN
2.4 8.5782093379611 -4.37827982028008 0.785390488322163 NaN
2.44 11.4383377916085 -13.0010977442841 0.785390488322163 NaN
2.48 10.8399341320247 -16.7464752651913 0.785390488322163 NaN
2.52 7.29637610834925 -12.9314603669527 0.785390488322163 NaN
2.56 2.7084159265095 -6.62058826863196 0.785390488322163 NaN
2.6 -3.53677695661904 4.63031397574092 0.785390488322163 NaN
2.64 -4.80894823067183 8.78922475928965 0.785390488322163 NaN
2.68 -4.7805538744832 7.20823078144831 0.785390488322163 NaN
2.72 -4.54798320598267 6.06057295397193 0.785390488322163 NaN
2.76 -3.88836943622597 7.21208989985349 0.785390488322162 NaN
2.8 -4.64870022143585 5.75715782413719 0.785390488322163 NaN
2.84 -7.95056832490554 3.81836506733708 0.785390488322163 NaN
2.88 -8.71846839197547 -0.00985567506549811 0.785390488322163 NaN
2.92 -11.4073011062354 -5.7296576616065 0.785390488322163 NaN
2.96 -10.3490402681501 -11.7266937363138 0.785390488322163 NaN
3 -7.61402759065986 -11.6734904607993 0.785390488322163 NaN
3.04 -7.171121563357 -12.3001545744855 0.785390488322163 NaN
3.08 -2.73044227830682 -6.124636533611 0.785390488322163 NaN
3.12 1.19295324584133 0.491325287933768 0.785390488322163 NaN
3.16 2.63257997763206 3.87521588811382 0.785390488322163 NaN
3.2 5.12635526687996 7.84622930101901 0.785390488322163 NaN
3.24 5.15397281841599 8.00002676562172 0.785390488322162 NaN
3.28 5.0158525299922 7.79245397938423 0.785390488322163 NaN
3.32 6.2914081600782 6.87922370222418 0.785390488322163 NaN
3.36 6.57882441040183 3.72118619781348 0.785390488322163 NaN
3.4 7.47598347242999 0.315810133568123 0.785390488322163 NaN
3.44 9.45737865085873 -4.59466817142193 0.785390488322163 NaN
3.48 12.1583011601476 -12.198943433409 0.785390488322163 NaN
3.52 11.1696405725268 -15.7141290455131 0.785390488322162 NaN
3.56 7.79254459683034 -13.2573284621681 0.785390488322163 NaN
3.6 3.44949313533815 -7.17983698291281 0.785390488322163 NaN
3.64 -3.95434254741344 5.55984730158259 0.785390488322163 NaN
3.68 -5.34673308306236 9.10921044564563 0.785390488322163 NaN
3.72 -5.2896748000789 7.9053130816434 0.785390488322162 NaN
3.76 -4.97299337676832 6.02078531997698 0.785390488322163 NaN
3.8 -2.49713947200591 4.90315453640923 0.785390488322163 NaN
3.84 -4.1222156031826 5.59677352738145 0.785390488322163 NaN
3.88 -6.03846114350398 3.91504079145291 0.785390488322163 NaN
3.92 -7.79426412409906 0.691780217054998 0.785390488322163 NaN
3.96 -11.8963101486445 -4.76632021010146 0.785390488322163 NaN
4 -12.6248052773488 -11.3726043155843 0.785390488322163 NaN
4.04 -10.1647930024561 -13.633244220711 0.785390488322163 NaN
4.08 -7.54483801740601 -12.6671918248702 0.785390488322163 NaN
4.12 -2.68554751498073 -6.10112345302775 0.785390488322163 NaN
4.16 3.05397450495359 2.60691912773185 0.785390488322163 NaN
4.2 4.41654874345406 6.03555698728947 0.785390488322163 NaN
4.24 4.6591822802092 6.78034523133614 0.785390488322164 NaN
4.28 4.06467554032039 5.55788521663874 0.785390488322163 NaN
4.32 2.31706495716233 5.0603692612757 0.785390488322163 NaN
4.36 4.86251065408006 6.37327058985369 0.785390488322163 NaN
4.4 6.05346757961422 4.4629313523315 0.785390488322163 NaN
4.44 7.91974380443467 1.00240158027706 0.785390488322163 NaN
4.48 11.393832344041 -3.9203663694509 0.785390488322163 NaN
4.52 13.7802353589234 -12.2764131372507 0.785390488322163 NaN
4.56 11.8478693036541 -16.6748951452446 0.785390488322162 NaN
4.6 8.30023051759964 -13.0587875139405 0.785390488322162 NaN
4.64 2.28143172243792 -5.35619452412067 0.785390488322162 NaN
4.68 -5.36162092480119 7.68687340410589 0.785390488322162 NaN
4.72 -6.19384483077716 10.975045068129 0.785390488322163 NaN
4.76 -4.42385726008368 6.31731872319574 0.785390488322163 NaN
4.8 -2.77852444232893 2.63652472890033 0.785390488322163 NaN
4.84 -0.559159187048831 2.52354473065982 0.785390488322163 NaN
4.88 -3.1670367616113 5.30888385260608 0.785390488322163 NaN
4.92 -5.8149228910025 3.88328453587544 0.785390488322163 NaN
4.96 -9.4170603578994 1.64916338607625 0.785390488322163 NaN
5 -15.6540062513051 -4.79900786779834 0.785390488322163 NaN
5.04 -11.9922978725192 -10.4278210596507 0.785390488322163 NaN
5.08 -11.8398746188341 -14.2892129654752 0.785390488322162 NaN
5.12 -6.06456591928626 -10.2122519722214 0.785390488322162 NaN
5.16 -0.957545736923881 -3.36084225380013 0.785390488322163 NaN
5.2 2.40579579968729 2.87071090632967 0.785390488322163 NaN
5.24 4.95637983042486 6.72285972073775 0.785390488322162 NaN
5.28 3.13015968296163 3.89112807441928 0.785390488322163 NaN
5.32 1.91397804501207 2.70612173926171 0.785390488322162 NaN
5.36 2.76302794880767 4.85020814450704 0.785390488322162 NaN
5.4 3.52616177933541 5.04516668213262 0.785390488322163 NaN
5.44 6.75903157757194 5.42395924325584 0.785390488322162 NaN
5.48 8.96626233000529 1.99646530558312 0.785390488322163 NaN
5.52 12.0769004453079 -3.23758065893338 0.785390488322162 NaN
5.56 14.2207792131823 -11.0999221819462 0.785390488322163 NaN
5.6 12.276729293228 -15.9085221501328 0.785390488322163 NaN
5.64 8.63945332031749 -13.0082422934379 0.785390488322163 NaN
5.68 0.531172359777992 -3.56163069319526 0.785390488322163 NaN
5.72 -5.07436149298553 6.75082921150914 0.785390488322163 NaN
5.76 -6.4564631580368 11.4136273821635 0.785390488322163 NaN
5.8 -3.77342417837758 4.28147684930318 0.785390488322162 NaN
5.84 -0.289858420222364 -0.709793667781322 0.785390488322162 NaN
5.88 0.395812223063317 1.08081318549084 0.785390488322162 NaN
5.92 -1.88701343953207 3.98174963676808 0.785390488322162 NaN
5.96 -5.14950718464859 3.95378128661184 0.785390488322163 NaN
6 -11.5789591045748 2.99466474769787 0.785390488322162 NaN
6.04 -16.4573186423464 -3.63588741405751 0.785390488322162 NaN
6.08 -13.6486342142744 -9.87873751671645 0.785390488322162 NaN
6.12 -10.5329044489437 -12.6933924789723 0.785390488322162 NaN
6.16 -5.29029382989174 -8.82447662279754 0.785390488322162 NaN
6.2 0.193217062716318 -1.65693065335994 0.785390488322162 NaN
6.24 3.97424978446427 5.24816784772415 0.785390488322162 NaN
6.28 3.22494396959581 3.66821531491425 0.785390488322162 NaN
6.32 1.43549468703602 0.701066978667878 0.785390488322162 NaN
6.36 -1.19456850372205 -2.24031909014549 0.785390488322163 NaN
6.4 0.29909920162304 1.30653825266033 0.785390488322163 NaN
6.44 4.41551738684181 6.33772791024879 0.785390488322162 NaN
6.48 8.01052003335448 6.93810233212682 0.785390488322162 NaN
6.52 11.4127209716213 3.48914305185937 0.785390488322162 NaN
6.56 13.2734337699638 -2.38589636749864 0.785390488322163 NaN
6.6 13.5348391152025 -9.43533263147799 0.785390488322162 NaN
6.64 12.1475927489034 -14.1761582688463 0.785390488322163 NaN
6.68 6.39638576116867 -10.0031203044349 0.785390488322163 NaN
6.72 -0.994689254530564 -1.71917787280211 0.785390488322163 NaN
6.76 -5.103314667749 6.20834174560768 0.785390488322163 NaN
6.8 -4.48260494008123 7.67336975109915 0.785390488322163 NaN
6.84 -0.800157753312222 -0.569446572992265 0.785390488322163 NaN
6.88 1.93507923000291 -3.22521566006672 0.785390488322162 NaN
6.92 0.8984003848647 1.09850895210073 0.785390488322163 NaN
6.96 -2.78162868336253 4.11266538437548 0.785390488322162 NaN
7 -7.39006637632274 5.88669464508954 0.785390488322163 NaN
7.04 -13.350690876672 4.63210724659129 0.785390488322163 NaN
7.08 -16.9823527157353 -2.3127334522667 0.785390488322163 NaN
7.12 -12.9256256331614 -8.27034910332253 0.785390488322162 NaN
7.16 -8.5424858412969 -9.51645372187849 0.785390488322162 NaN
7.2 -3.50055870568635 -6.23269922174822 0.785390488322163 NaN
7.24 2.18182065263586 1.18654858504676 0.785390488322162 NaN
7.28 2.71815209609611 2.58327136210038 0.785390488322163 NaN
7.32 1.04010704595423 -0.264450219188477 0.785390488322163 NaN
7.36 -1.0365378482211 -3.91625571070251 0.785390488322162 NaN
7.4 -3.78568353421361 -6.37190619389192 0.785390488322162 NaN
7.44 1.06346637207662 2.38891410777581 0.785390488322163 NaN
7.48 6.09297400857678 8.40296758388658 0.785390488322163 NaN
7.52 9.96095506331844 9.29996349710891 0.785390488322162 NaN
7.56 12.8258176503465 5.00768371875074 0.785390488322163 NaN
7.6 12.3343567969048 -1.13716199052349 0.785390488322162 NaN
7.64 13.0370824171943 -7.7985578483529 0.785390488322163 NaN
7.68 9.44585960629751 -10.7641551094388 0.785390488322162 NaN
7.72 4.72878098636313 -8.345622656997 0.785390488322163 NaN
7.76 0.292250424285813 -3.79048644200369 0.785390488322163 NaN
7.8 -4.41931296094096 5.95923035429491 0.785390488322162 NaN
7.84 -0.864778551753776 1.27971312338394 0.785390488322162 NaN
7.88 1.2313824072045 -3.59106023720162 0.785390488322163 NaN
7.92 1.53803812532749 -1.96343080695984 0.785390488322163 NaN
7.96 1.06219593735405 -0.51845680059402 0.785390488322162 NaN
8 -5.18280135705548 6.24340120351868 0.785390488322162 NaN
8.04 -9.19634089196257 8.09923961548285 0.785390488322163 NaN
8.08 -13.603851046547 5.97873737694086 0.785390488322163 NaN
8.12 -17.9843464933781 -0.891256945248612 0.785390488322163 NaN
8.16 -10.4007707148867 -5.75769849376108 0.785390488322162 NaN
8.2 -6.7605863901533 -7.46235044166547 0.785390488322163 NaN
8.24 -2.11153023533607 -4.46723548532069 0.785390488322163 NaN
8.28 1.61825575891211 -0.413276376846724 0.785390488322162 NaN
8.32 0.0386780647732633 -1.68321112942151 0.785390488322163 NaN
8.36 -1.61847614851994 -4.94970081114888 0.785390488322163 NaN
8.4 -3.47964087036164 -8.19529818236645 0.785390488322163 NaN
8.44 -3.11999013663773 -5.45085859601262 0.785390488322163 NaN
8.48 3.10504874263608 5.11026866009755 0.785390488322163 NaN
8.52 8.45782498955294 11.8337318068199 0.785390488322163 NaN
8.56 12.3351826740243 11.9145245919437 0.785390488322163 NaN
8.6 11.7363577405081 5.54479199346485 0.785390488322163 NaN
8.64 10.5189721325823 -0.0768335068645127 0.785390488322163 NaN
8.68 10.3200056984216 -5.4207402110618 0.785390488322163 NaN
8.72 7.1945673801977 -8.38146869909569 0.785390488322163 NaN
8.76 5.05289774831007 -8.79775222596708 0.785390488322163 NaN
8.8 1.98478699612922 -4.91036544080255 0.785390488322163 NaN
8.84 -0.942701397292937 1.16764148508787 0.785390488322163 NaN
8.88 1.58643455351409 -3.42068783163336 0.785390488322163 NaN
8.92 1.35349759290703 -2.9969401345504 0.785390488322163 NaN
8.96 0.447113001171359 -0.875785147243792 0.785390488322164 NaN
9 -1.46194429095788 1.32910549103985 0.785390488322163 NaN
9.04 -6.61649253473283 8.58709221152049 0.785390488322163 NaN
9.08 -9.25176036851457 9.27158938093336 0.785390488322163 NaN
9.12 -12.8826635362157 6.81125663667508 0.785390488322163 NaN
9.16 -13.6955888028644 0.499483815441426 0.785390488322163 NaN
9.2 -9.10917393006809 -4.317890427129 0.785390488322163 NaN
9.24 -6.01850074064432 -6.31122102517357 0.785390488322163 NaN
9.28 -1.90729282835656 -4.28150151621284 0.785390488322163 NaN
9.32 -2.14373353407572 -5.34866979073934 0.785390488322163 NaN
9.36 -2.28016135930271 -5.29982859218619 0.785390488322163 NaN
9.4 -3.91852481840002 -8.88223354192182 0.785390488322163 NaN
9.44 -4.63896663441113 -10.3963382446356 0.785390488322164 NaN
9.48 -0.0216297060831409 -0.764556932310674 0.785390488322164 NaN
9.52 4.8578489267824 7.77337197122774 0.785390488322164 NaN
9.56 10.1882548429415 14.1377019514644 0.785390488322163 NaN
9.6 11.3669560551956 11.8887681795728 0.785390488322164 NaN
9.64 9.81027022273973 5.62780882875256 0.785390488322163 NaN
9.68 8.20334049233212 0.641804659666877 0.785390488322163 NaN
9.72 7.32144373109549 -3.39857451249817 0.785390488322164 NaN
9.76 7.33674849992155 -7.73362290067802 0.785390488322164 NaN
9.8 6.63161194596853 -9.93719303814376 0.785390488322164 NaN
9.84 5.25126030166275 -8.63832700490873 0.785390488322164 NaN
9.88 3.73628544386303 -7.26299669255974 0.785390488322164 NaN
9.92 1.75744453900044 -4.26719607794237 0.785390488322164 NaN
9.96 -0.15236739754954 -0.057247815963964 0.785390488322164 NaN
10 -1.88844480880109 1.92507491025278 0.785390488322164 NaN
10.04 -4.19924709992991 5.53309861005617 0.785390488322164 NaN
10.08 -6.18582837867605 8.81647556876966 0.785390488322164 NaN
10.12 -7.88106624789328 8.85510400238915 0.785390488322164 NaN
10.16 -10.8795696867298 6.70778468915582 0.785390488322164 NaN
10.2 -10.7954238017222 1.35169668582633 0.785390488322164 NaN
10.24 -8.65150525568571 -3.34248979997447 0.785390488322164 NaN
10.28 -7.30769149075991 -6.75332290654625 0.785390488322164 NaN
10.32 -4.41857410753137 -7.46686483892702 0.785390488322164 NaN
10.36 -4.60123871070625 -8.46087066968996 0.785390488322164 NaN
10.4 -4.16781961675052 -7.69061878231123 0.785390488322165 NaN
10.44 -3.68378153663299 -8.44335166283114 0.785390488322164 NaN
10.48 -2.40288436257353 -6.16827667433218 0.785390488322164 NaN
10.52 2.06639773513375 2.79653749001963 0.785390488322164 NaN
10.56 6.22040758039097 9.32586809291615 0.785390488322164 NaN
10.6 8.90027900375336 12.3746905975521 0.785390488322164 NaN
10.64 9.38884693118696 10.7829401316274 0.785390488322163 NaN
10.68 7.81067801966232 5.44299986249559 0.785390488322164 NaN
10.72 6.22056393464516 1.07119346204112 0.785390488322164 NaN
10.76 7.23921058508779 -2.58382904507756 0.785390488322163 NaN
10.8 8.68457863964277 -7.81792096151208 0.785390488322163 NaN
10.84 9.64004723955378 -12.6682704110546 0.785390488322163 NaN
10.88 7.98396648139235 -12.8545556675747 0.785390488322164 NaN
10.92 4.90823916561669 -9.6949476196752 0.785390488322163 NaN
10.96 -0.00767573536581002 -1.07967016633704 0.785390488322164 NaN
11 -2.84373588924276 4.74837756484441 0.785390488322163 NaN
11.04 -3.48501776849741 4.97633700351108 0.785390488322164 NaN
11.08 -4.41087284570757 6.48666183281194 0.785390488322163 NaN
11.12 -3.90880339536905 6.00559233190332 0.785390488322163 NaN
11.16 -5.48670226146715 6.5190655955244 0.785390488322163 NaN
11.2 -8.31697543599417 5.99333443396221 0.785390488322163 NaN
11.24 -9.62785394717141 2.11020725778439 0.785390488322163 NaN
11.28 -11.4725404402315 -3.21470815605192 0.785390488322163 NaN
11.32 -9.14003617163929 -7.5134453147633 0.785390488322163 NaN
11.36 -6.98876722376431 -9.61585213044586 0.785390488322163 NaN
11.4 -5.43581557345473 -8.66777043530723 0.785390488322163 NaN
11.44 -3.56961347383389 -6.64818116663848 0.785390488322163 NaN
11.48 -2.17039437924582 -6.05884196606326 0.785390488322164 NaN
11.52 -0.0765264812565109 -2.04420424349105 0.785390488322163 NaN
11.56 2.20876999025877 2.35622774079094 0.785390488322163 NaN
11.6 4.45686149737638 5.87240568126823 0.785390488322163 NaN
11.64 6.6956846219016 9.91864276435424 0.785390488322163 NaN
11.68 7.36719298019399 9.53780484675942 0.785390488322163 NaN
11.72 7.16403630297972 5.79125858615456 0.785390488322162 NaN
11.76 7.08965097128505 1.83279533810327 0.785390488322163 NaN
11.8 8.37073475491237 -2.00275951510559 0.785390488322163 NaN
11.84 10.6725427330531 -8.29908651119335 0.785390488322163 NaN
11.88 11.386718464353 -14.3440496768767 0.785390488322162 NaN
11.92 8.39839275203076 -13.1890804065348 0.785390488322163 NaN
11.96 3.53149676127869 -6.87346750085671 0.785390488322163 NaN
12 -2.39833038473603 3.22057515442652 0.785390488322163 NaN
12.04 -3.69372973866542 6.34412086839812 0.785390488322163 NaN
12.08 -2.90014553862502 4.26798126263694 0.785390488322163 NaN
12.12 -2.12435902494063 2.3998469824482 0.785390488322163 NaN
12.16 -1.13113501922445 1.66045647480311 0.785390488322163 NaN
12.2 -3.97730929968097 5.25232079321663 0.785390488322163 NaN
12.24 -7.81838873279133 6.46636258219903 0.785390488322163 NaN
12.28 -12.1791707488049 3.63828744805679 0.785390488322164 NaN
12.32 -13.5525751404508 -2.58763964679422 0.785390488322163 NaN
12.36 -10.8640642673558 -7.50837080447883 0.785390488322163 NaN
12.4 -7.04747118540317 -8.64531547037891 0.785390488322163 NaN
12.44 -3.61970158499442 -6.29445789119853 0.785390488322163 NaN
12.48 -1.66830059555002 -4.47340141111341 0.785390488322163 NaN
12.52 -0.709756399170438 -3.16798946557628 0.785390488322163 NaN
12.56 -0.810688069906515 -3.56422429462007 0.785390488322163 NaN
12.6 -0.557922339464199 -2.90143135983978 0.785390488322163 NaN
12.64 1.62831923621677 2.14002919319784 0.785390488322163 NaN
12.68 5.32034868143152 8.18169147176677 0.785390488322163 NaN
12.72 7.96948812983072 10.3345331403751 0.785390488322163 NaN
12.76 8.83284645941857 7.74350524068592 0.785390488322163 NaN
12.8 8.89098052641223 3.03796349191213 0.785390488322163 NaN
12.84 9.10371108334966 -1.32077035335662 0.785390488322163 NaN
12.88 10.6188194670464 -7.36593809141441 0.785390488322163 NaN
12.92 10.0140010140751 -11.9581218387271 0.785390488322163 NaN
12.96 7.15542904436328 -10.5948890619909 0.785390488322164 NaN
13 2.34924461948524 -5.15985116972865 0.785390488322164 NaN
13.04 -1.58339368921537 1.20270757643341 0.785390488322163 NaN
13.08 -1.87494272424512 3.08439751817457 0.785390488322164 NaN
13.12 -0.897639434977575 0.316611976491601 0.785390488322163 NaN
13.16 -0.362276159951783 -0.524670510375491 0.785390488322163 NaN
13.2 -1.32998341949918 2.30663547450726 0.785390488322163 NaN
13.24 -4.78467628346879 6.37585997097016 0.785390488322163 NaN
13.28 -9.26166544585373 8.12615515510692 0.785390488322163 NaN
13.32 -13.8772460707496 5.25618343054158 0.785390488322164 NaN
13.36 -13.7526677749181 -1.38500898062602 0.785390488322164 NaN
13.4 -9.82324975021486 -5.95147963819644 0.785390488322163 NaN
13.44 -5.01197420050137 -6.62645011762415 0.785390488322163 NaN
13.48 -2.12454493755363 -4.53653846648931 0.785390488322163 NaN
13.52 -1.50895320161461 -3.28292915106844 0.785390488322163 NaN
13.56 -2.70351658131039 -6.20597233544214 0.785390488322163 NaN
13.6 -3.95105848389051 -9.47880645060048 0.785390488322163 NaN
13.64 -2.54791765411458 -6.12435393227419 0.785390488322162 NaN
13.68 1.27992017771922 0.969203739056881 0.785390488322163 NaN
13.72 7.14885886802781 10.3415453222545 0.785390488322163 NaN
13.76 10.3597802276104 13.8509719894538 0.785390488322163 NaN
13.8 9.95919130416267 9.60737864760933 0.785390488322163 NaN
13.84 8.34185268149634 3.4695207576676 0.785390488322163 NaN
13.88 7.20695985269456 -0.427620868735717 0.785390488322163 NaN
13.92 8.18914286462686 -5.068206377169 0.785390488322163 NaN
13.96 8.92779667883181 -10.2589805923363 0.785390488322163 NaN
14 7.60875802211098 -11.2008363966967 0.785390488322163 NaN
14.04 5.11609440287262 -9.00748075787927 0.785390488322162 NaN
14.08 1.22365975800319 -3.06472383246872 0.785390488322163 NaN
14.12 -0.580433147247373 0.629370206533623 0.785390488322162 NaN
14.16 -1.2100283848005 1.28260407010988 0.785390488322163 NaN
14.2 -2.53198635675108 3.22153702845085 0.785390488322163 NaN
14.24 -2.75771017030991 3.56422839927871 0.785390488322163 NaN
14.28 -5.33776284082928 6.95925891546115 0.785390488322163 NaN
14.32 -8.44478442180399 8.42112326524992 0.785390488322163 NaN
14.36 -11.9649916486294 5.66356159535728 0.785390488322163 NaN
14.4 -11.8894598697445 -0.152032820935737 0.785390488322163 NaN
14.44 -8.88388952893537 -4.68425773372124 0.785390488322163 NaN
14.48 -5.51004536405515 -6.62025013770854 0.785390488322163 NaN
14.52 -3.25268567252161 -5.5144216966569 0.785390488322163 NaN
14.56 -3.96960839920501 -7.12100495999506 0.785390488322163 NaN
14.6 -4.51075776211679 -9.42961043467376 0.785390488322163 NaN
14.64 -4.52010184986856 -10.3516026095473 0.785390488322163 NaN
14.68 -1.62333817077781 -4.78579621230026 0.785390488322162 NaN
14.72 3.16217938826072 4.06339879636986 0.785390488322162 NaN
14.76 8.39087974294362 12.5731097341514 0.785390488322162 NaN
14.8 10.1967178930966 14.0040046300286 0.785390488322162 NaN
14.84 8.27327570987615 8.73194865537392 0.785390488322162 NaN
14.88 6.57473484705957 3.45237928366043 0.785390488322163 NaN
14.92 5.10495095771901 0.17908093316951 0.785390488322161 NaN
14.96 7.95033206351373 -4.13153415284319 0.785390488322162 NaN
15 10.4192442616206 -10.7972101501866 0.785390488322162 NaN
15.04 10.8405092587162 -14.2463647720775 0.785390488322162 NaN
15.08 7.36336918815152 -11.7637583445055 0.785390488322162 NaN
15.12 1.98881950634776 -4.84443224199815 0.785390488322162 NaN
15.16 -2.52336432954487 3.85599506650957 0.785390488322162 NaN
15.2 -3.59054008394171 5.51015398491329 0.785390488322162 NaN
15.24 -3.25893877455586 3.81125412497241 0.785390488322162 NaN
15.28 -2.28468976773627 2.82011038487288 0.785390488322162 NaN
15.32 -2.92855418054469 4.55583201917328 0.785390488322162 NaN
15.36 -6.42046566121742 7.27137411042877 0.785390488322162 NaN
15.4 -10.191451992625 5.80617686465466 0.785390488322162 NaN
15.44 -12.8595243503301 0.962362842985048 0.785390488322162 NaN
15.48 -11.3118902816731 -4.69026016688797 0.785390488322162 NaN
15.52 -6.63994283959888 -7.18025275544784 0.785390488322162 NaN
15.56 -4.48921127358179 -6.87201394628058 0.785390488322162 NaN
15.6 -3.84803771630385 -6.46700585812423 0.785390488322162 NaN
15.64 -3.5284538497082 -7.27065005299997 0.785390488322162 NaN
15.68 -3.39161359593898 -8.43299742475618 0.785390488322162 NaN
15.72 -1.21445324657526 -4.1496411276047 0.785390488322162 NaN
15.76 2.20660316842568 2.20173635287921 0.785390488322162 NaN
15.8 6.6161010416639 9.29777861940515 0.785390488322162 NaN
15.84 8.42148176032424 12.3183541238161 0.785390488322162 NaN
15.88 7.90219319067686 9.24785677528996 0.785390488322162 NaN
15.92 6.83986641035912 4.17772400253496 0.785390488322162 NaN
15.96 5.93880162053365 0.758522220605653 0.785390488322162 NaN
16 8.57822456462882 -3.47601596693108 0.785390488322163 NaN
16.04 11.731439438781 -11.0204044381699 0.785390488322163 NaN
16.08 11.4668693773394 -14.2644858669655 0.785390488322163 NaN
16.12 6.54924463813605 -10.6026840369977 0.785390488322163 NaN
16.16 1.0041766306297 -2.86754684332523 0.785390488322163 NaN
16.2 -3.94444829322516 6.42868736362046 0.785390488322163 NaN
16.24 -2.59688043002201 3.47988954398386 0.785390488322163 NaN
16.28 -1.78134044917812 1.58926288962545 0.785390488322163 NaN
16.32 -0.124918012195925 -0.896336795853037 0.785390488322163 NaN
16.36 -1.77759939669057 2.74548916915994 0.785390488322163 NaN
16.4 -6.37302021996828 7.74962928521814 0.785390488322163 NaN
16.44 -10.9429886289675 7.20277089821236 0.785390488322163 NaN
16.48 -15.5137529311269 2.41757153134378 0.785390488322163 NaN
16.52 -11.4584770351398 -3.7692631153996 0.785390488322162 NaN
16.56 -6.63590358226786 -6.33883210617837 0.785390488322163 NaN
16.6 -2.67874289439681 -4.39982914354996 0.785390488322162 NaN
16.64 -2.41558034802854 -4.76792616440509 0.785390488322162 NaN
16.68 -3.49296679670711 -7.36514677914857 0.785390488322163 NaN
16.72 -4.64638621017781 -10.3185330418073 0.785390488322162 NaN
16.76 -3.31739500433874 -8.16821187673129 0.785390488322162 NaN
16.8 0.187618391547439 -1.2062414242709 0.785390488322162 NaN
16.84 6.34349551715956 9.35245686374267 0.785390488322162 NaN
16.88 9.67415081579585 14.3425031141029 0.785390488322162 NaN
16.92 8.99320565597428 10.8228107301594 0.785390488322162 NaN
16.96 7.7310422395244 5.31412931848441 0.785390488322162 NaN
17 5.33718203805003 1.17901482679062 0.785390488322162 NaN
17.04 8.40264484343097 -2.68169186445494 0.785390488322162 NaN
17.08 10.3550373824515 -8.82671514087816 0.785390488322162 NaN
17.12 10.9457212916454 -12.6104591996186 0.785390488322162 NaN
17.16 6.50841854192736 -10.1827506883197 0.785390488322163 NaN
17.2 1.97084601265802 -5.01819744815076 0.785390488322162 NaN
17.24 -2.9703193400918 4.49655963849874 0.785390488322162 NaN
17.28 -1.25763874201465 0.983171854257182 0.785390488322162 NaN
17.32 -1.29284858970405 0.581891972235352 0.785390488322163 NaN
17.36 -0.659679842738471 0.3913378110275 0.785390488322163 NaN
17.4 -2.56221514165734 4.23811620007909 0.785390488322163 NaN
17.44 -6.97155708619007 8.77538189492962 0.785390488322163 NaN
17.48 -11.9038973560275 8.55661193826885 0.785390488322163 NaN
17.52 -15.645748529981 3.65867672041833 0.785390488322163 NaN
17.56 -9.6036147889556 -2.40028981031051 0.785390488322163 NaN
17.6 -5.08851504569547 -4.66533372768931 0.785390488322163 NaN
17.64 -2.04285983553482 -3.55532664967056 0.785390488322162 NaN
17.68 -3.99085334765475 -6.47686512361463 0.785390488322163 NaN
17.72 -5.83550119799681 -11.3053803262766 0.785390488322163 NaN
17.76 -7.20911998790487 -15.1809514194498 0.785390488322163 NaN
17.8 -3.84166219792934 -9.17367227010275 0.785390488322163 NaN
17.84 1.59227259882772 0.868152657903875 0.785390488322163 NaN
17.88 9.2261302061973 13.9506519025088 0.785390488322163 NaN
17.92 9.83965943075107 15.3024075936373 0.785390488322163 NaN
17.96 8.55935253248771 10.9947222667118 0.785390488322163 NaN
18 5.05186263504031 3.92641187569244 0.785390488322163 NaN
18.04 3.70233307136517 1.32670663885278 0.785390488322163 NaN
18.08 7.5893565029667 -1.65655020410502 0.785390488322163 NaN
18.12 11.3081655010522 -8.3096090489259 0.785390488322163 NaN
18.16 12.9326735146851 -14.2107162941619 0.785390488322163 NaN
18.2 8.67217600492932 -12.893104415272 0.785390488322163 NaN
18.24 3.10789210146707 -7.01571633372061 0.785390488322163 NaN
18.28 -3.22050943801236 3.82477197991006 0.785390488322163 NaN
18.32 -2.45371902836193 3.33001945094207 0.785390488322162 NaN
18.36 -2.60874662333144 3.05738135499677 0.785390488322163 NaN
18.4 0.51533069106418 -1.83631790211859 0.785390488322163 NaN
18.44 -1.91859260932302 3.71435414793298 0.785390488322163 NaN
18.48 -5.53771663944368 7.63318975535466 0.785390488322163 NaN
18.52 -11.1159294808364 8.68174238358369 0.785390488322162 NaN
18.56 -14.2194235277424 4.64337659108038 0.785390488322163 NaN
18.6 -9.98351798772106 -1.57195086726819 0.785390488322163 NaN
18.64 -5.18251678539711 -4.34261277625631 0.785390488322163 NaN
18.68 -4.32692455951491 -5.42219087451642 0.785390488322163 NaN
18.72 -5.04856368463783 -8.17058036866925 0.785390488322163 NaN
18.76 -6.59277524899979 -12.2468836444918 0.785390488322163 NaN
18.8 -6.83290193742857 -14.3227644872275 0.785390488322163 NaN
18.84 -2.30468540295736 -6.51289568131008 0.785390488322163 NaN
18.88 2.21289314270749 2.12501929773859 0.785390488322163 NaN
18.92 9.77496359152389 14.071650121327 0.785390488322162 NaN
18.96 7.93473762588386 12.7976098279862 0.785390488322162 NaN
19 7.29617287187729 10.1522904951523 0.785390488322163 NaN
19.04 0.972193276120574 1.45188930172896 0.785390488322163 NaN
19.08 5.55946280959421 2.2492123478718 0.785390488322163 NaN
19.12 8.37467322565842 -0.940910242628295 0.785390488322162 NaN
19.16 16.6154321789773 -9.90575734275404 0.785390488322163 NaN
19.2 12.028250947348 -12.7489944069061 0.785390488322163 NaN
19.24 7.88058634938856 -12.1856141192695 0.785390488322163 NaN
19.28 1.70157123098075 -4.98227756874781 0.785390488322163 NaN
19.32 -2.55253622235441 3.07830549834471 0.785390488322163 NaN
19.36 -1.12237391226452 0.985127397056114 0.785390488322163 NaN
19.4 -1.10216487883955 1.03078500471501 0.785390488322163 NaN
19.44 4.39114834636083 -8.24935610678696 0.785390488322163 NaN
19.48 -1.97218701844504 3.11254930377518 0.785390488322163 NaN
19.52 -6.2349677131619 8.36482461853514 0.785390488322163 NaN
19.56 -15.9668290197315 12.5819597064376 0.785390488322163 NaN
19.6 -13.3504132102446 5.75144736270221 0.785390488322163 NaN
19.64 -9.57539488451971 -0.609731670304809 0.785390488322162 NaN
19.68 -2.05795589405457 -1.69673648257203 0.785390488322163 NaN
19.72 -4.56589055186071 -5.75660120785548 0.785390488322163 NaN
19.76 -5.07816248282742 -9.08989713817205 0.785390488322163 NaN
19.8 -11.4116805361936 -16.9753438960391 0.785390488322163 NaN
19.84 -5.67299242978112 -11.4071609861527 0.785390488322163 NaN
19.88 -2.86799787702806 -7.35047858597746 0.785390488322163 NaN
19.92 2.32936477644302 3.41474968410384 0.785390488322163 NaN
19.96 7.46346738010168 11.8724393524654 0.785390488322163 NaN
20 7.32156357798351 11.3393531728286 0.785390488322163 NaN
20.04 7.12642645551597 10.2714150054161 0.785390488322163 NaN
20.08 2.30514282297508 2.57067944327851 0.785390488322163 NaN
20.12 6.0631932300102 2.94887541149749 0.785390488322163 NaN
20.16 8.96263751806534 -0.16914514214658 0.785390488322163 NaN
20.2 15.0663356940126 -7.6711170803809 0.785390488322163 NaN
20.24 10.9824110775665 -11.452266187053 0.785390488322163 NaN
20.28 7.80461582643123 -11.6661647350117 0.785390488322163 NaN
20.32 -2.11269207367422 3.05393915061349 0.785390488322163 NaN
20.36 -0.170852043177241 -0.79492444429188 0.785390488322164 NaN
20.4 -0.700171829550368 0.276215504700242 0.785390488322163 NaN
20.44 0.521612038650893 -1.81656725636329 0.785390488322163 NaN
20.48 1.1663960888097 -3.48559771201914 0.785390488322163 NaN
20.52 -2.53417376237661 3.17143782011477 0.785390488322163 NaN
20.56 -6.50533283684361 8.92447651822619 0.785390488322163 NaN
20.6 -13.9057185105982 12.8338389181511 0.785390488322163 NaN
20.64 -11.4868978107691 6.03624879707896 0.785390488322163 NaN
20.68 -8.74214284109806 0.230422639313629 0.785390488322164 NaN
20.72 -4.33036654539513 -2.53167444269163 0.785390488322163 NaN
20.76 -5.295505240731 -6.72460307687983 0.785390488322164 NaN
20.8 -6.77403772854868 -10.5556668601865 0.785390488322163 NaN
20.84 -10.5097877175901 -15.0044783243913 0.785390488322163 NaN
20.88 -5.3888102218096 -10.49881398893 0.785390488322163 NaN
20.92 -2.40710610478896 -6.63008609188777 0.785390488322163 NaN
20.96 5.60921450723492 8.55447624266832 0.785390488322163 NaN
21 5.86448798558885 8.26029979895757 0.785390488322164 NaN
21.04 6.88052343384133 10.2259414462623 0.785390488322164 NaN
21.08 4.98897483322591 8.31014480473413 0.785390488322163 NaN
21.12 3.01998674472611 3.91521049500022 0.785390488322163 NaN
21.16 6.01050546041155 3.43258572848974 0.785390488322163 NaN
21.2 9.63935718433592 0.722618183070647 0.785390488322163 NaN
21.24 14.6603803800496 -6.33945875944814 0.785390488322163 NaN
21.28 11.9621859677796 -11.4615289171215 0.785390488322163 NaN
21.32 8.2763448590938 -11.1504854226109 0.785390488322163 NaN
21.36 0.0572429031729044 0.147478163307875 0.785390488322163 NaN
21.4 -0.709845282137351 -0.528355166562877 0.785390488322163 NaN
21.44 -1.52334461259593 0.93810695424671 0.785390488322163 NaN
21.48 2.98474602113004 -6.73522891377029 0.785390488322163 NaN
21.52 1.19952334035234 -4.56808041188146 0.785390488322163 NaN
21.56 -0.994849614467938 0.831972874970537 0.785390488322163 NaN
21.6 -6.12834724796593 9.91931715901016 0.785390488322162 NaN
21.64 -12.4191403435487 12.9090588832512 0.785390488322162 NaN
21.68 -12.0955298166506 6.86940923526165 0.785390488322162 NaN
21.72 -10.1204347295491 1.11298454182645 0.785390488322162 NaN
21.76 -5.05123880070388 -2.56551485416938 0.785390488322163 NaN
21.8 -4.5958428513364 -5.93175295897284 0.785390488322162 NaN
21.84 -6.71419157966141 -8.8894530740766 0.785390488322162 NaN
21.88 -9.18494772452594 -11.9001911465781 0.785390488322163 NaN
21.92 -5.62792550732455 -11.397731236694 0.785390488322162 NaN
21.96 -3.51001105653153 -9.14120724058752 0.785390488322163 NaN
22 3.63881334152774 4.56205967031689 0.785390488322162 NaN
22.04 4.89436444992835 5.61614046716404 0.785390488322163 NaN
22.08 6.97703089279961 10.8526666039309 0.785390488322163 NaN
22.12 4.92153956728013 8.87440073156513 0.785390488322162 NaN
22.16 3.77484172423633 4.92448603375413 0.785390488322162 NaN
22.2 5.73732674462859 3.65674515349524 0.785390488322162 NaN
22.24 9.54381850197508 1.61314422986208 0.785390488322162 NaN
22.28 14.1993554721439 -4.86338939173225 0.785390488322162 NaN
22.32 12.3197405752058 -10.4861664838362 0.785390488322162 NaN
22.36 7.66858032557337 -9.64429444990041 0.785390488322162 NaN
22.4 0.730347393281186 -0.477668969553019 0.785390488322163 NaN
22.44 -0.297438000071546 -2.44212215061325 0.785390488322162 NaN
22.48 -0.1741692514806 -2.49929255121214 0.785390488322163 NaN
22.52 3.45812941333311 -7.25284879978068 0.785390488322162 NaN
22.56 1.47398430691318 -5.63347453604946 0.785390488322163 NaN
22.6 -0.464275638088462 1.01959695747879 0.785390488322162 NaN
22.64 -7.20417965473383 12.5461157561696 0.785390488322162 NaN
22.68 -13.0471490079447 13.7249635955616 0.785390488322162 NaN
22.72 -12.0421627566178 7.33464982018036 0.785390488322162 NaN
22.76 -9.78687901708053 2.002422706173 0.785390488322162 NaN
22.8 -2.48564085751774 -1.36246323872527 0.785390488322162 NaN
22.84 -4.81281906717692 -5.38456295222161 0.785390488322162 NaN
22.88 -7.23924983784643 -8.24430718415657 0.785390488322162 NaN
22.92 -11.8391034709077 -14.7405462998623 0.785390488322162 NaN
22.96 -7.49914764218967 -15.339298536728 0.785390488322162 NaN
23 -3.37442274910072 -9.02958534206566 0.785390488322162 NaN
23.04 3.08868875530601 3.43146641633018 0.785390488322162 NaN
23.08 6.99915782605618 8.96267345860691 0.785390488322162 NaN
23.12 6.69860958469205 11.535700017656 0.785390488322162 NaN
23.16 4.64048126990754 9.02173235196259 0.785390488322162 NaN
23.2 1.40283536629607 2.2915422859957 0.785390488322162 NaN
23.24 4.6725215093414 3.52665893640624 0.785390488322162 NaN
23.28 9.45090328216307 2.41814778563621 0.785390488322163 NaN
23.32 16.8958317689981 -4.18283027504656 0.785390488322162 NaN
23.36 12.8244061332883 -9.80633030678987 0.785390488322162 NaN
23.4 8.13019392112422 -9.49788663743582 0.785390488322162 NaN
23.44 1.30683217973676 -1.69338809962696 0.785390488322162 NaN
23.48 -1.04913043678871 -2.28436321307027 0.785390488322162 NaN
23.52 0.720334754225305 -3.79105505263537 0.785390488322162 NaN
23.56 2.95550810394792 -6.11780050558209 0.785390488322162 NaN
23.6 2.10194907836607 -6.1881529872803 0.785390488322163 NaN
23.64 -0.0814276595218933 1.44354669322013 0.785390488322163 NaN
23.68 -6.74664564596928 11.826720832095 0.785390488322162 NaN
23.72 -12.947649267882 13.5283376556743 0.785390488322163 NaN
23.76 -11.7617500354445 8.07165206726924 0.785390488322162 NaN
23.8 -8.50889345843683 2.7039153371926 0.785390488322162 NaN
23.84 -2.68304964398157 -1.05968823405928 0.785390488322162 NaN
23.88 -6.51412102706362 -5.27830281051186 0.785390488322163 NaN
23.92 -7.87959068060845 -8.38309966506145 0.785390488322163 NaN
23.96 -12.7621492169346 -16.4898643775207 0.785390488322162 NaN
24 -6.20506532339735 -13.50689976112 0.785390488322163 NaN
24.04 -2.60196770877294 -7.90680754375976 0.785390488322163 NaN
24.08 5.69535045379892 8.40192876210659 0.785390488322162 NaN
24.12 5.61487517122191 7.64441291179642 0.785390488322162 NaN
24.16 4.80381998715082 8.97218995635309 0.785390488322162 NaN
24.2 3.27244130352547 7.36724931408364 0.785390488322162 NaN
24.24 2.36799066621972 3.22201572562597 0.785390488322162 NaN
24.28 6.17946160075168 4.94589213126605 0.785390488322162 NaN
24.32 11.1943378161089 3.72932201779771 0.785390488322163 NaN
24.36 14.7035954507058 -2.34892731439717 0.785390488322162 NaN
24.4 11.3126193438375 -7.69399601147872 0.785390488322162 NaN
24.44 6.64843220807198 -7.22868252886487 0.785390488322162 NaN
24.48 1.15219409224291 -2.66209044483312 0.785390488322162 NaN
24.52 0.802520065261089 -5.35476207856576 0.785390488322163 NaN
24.56 2.61168198976697 -6.60537816372015 0.785390488322162 NaN
24.6 6.1241341030181 -11.9264388474241 0.785390488322162 NaN
24.64 1.49521394780542 -4.39313315616115 0.785390488322162 NaN
24.68 -1.20105736997302 3.47610286919547 0.785390488322162 NaN
24.72 -8.77574578294724 13.9519919720351 0.785390488322162 NaN
24.76 -10.8816804173996 11.7814200475507 0.785390488322162 NaN
24.8 -10.5604996461613 8.70132436918667 0.785390488322162 NaN
24.84 -6.4501229172412 2.74292068605663 0.785390488322162 NaN
24.88 -4.45843516674407 -0.69063208199696 0.785390488322162 NaN
24.92 -6.80585001221324 -4.45731078527179 0.785390488322162 NaN
24.96 -10.2343623098279 -10.2067764196676 0.785390488322161 NaN
25 -10.6213493540858 -14.9650209453415 0.785390488322162 NaN
25.04 -5.98900658642753 -13.0820426685946 0.785390488322162 NaN
25.08 -2.22631647618874 -6.26389102920928 0.785390488322162 NaN
25.12 3.73398010394507 5.36923117327782 0.785390488322162 NaN
25.16 3.84368210795712 5.31057285737887 0.785390488322162 NaN
25.2 3.61715416286294 7.40440624140824 0.785390488322161 NaN
25.24 0.970240348719437 1.98194132924422 0.785390488322162 NaN
25.28 3.79728243373734 4.57019180200589 0.785390488322162 NaN
25.32 6.73880315784684 6.10644050937312 0.785390488322162 NaN
25.36 11.7387404757377 5.04467081669654 0.785390488322162 NaN
25.4 12.5098038164061 -0.877363789753967 0.785390488322162 NaN
25.44 10.2487673930398 -5.67679367422207 0.785390488322162 NaN
25.48 5.96481598606389 -6.3470233105467 0.785390488322162 NaN
25.52 4.10324623935916 -7.73831194981371 0.785390488322162 NaN
25.56 2.03691816122719 -6.88337426444816 0.785390488322162 NaN
25.6 4.10437783821264 -8.40730678728847 0.785390488322162 NaN
25.64 3.66751957116137 -7.14289993447067 0.785390488322162 NaN
25.68 0.165118348790469 -0.884237926427121 0.785390488322162 NaN
25.72 -2.04607375402946 4.53427689395571 0.785390488322162 NaN
25.76 -8.35917482040391 11.974397436552 0.785390488322162 NaN
25.8 -8.2375840597168 9.30755120033536 0.785390488322162 NaN
25.84 -9.38108380063523 8.84363219821594 0.785390488322162 NaN
25.88 -6.1793194856025 3.30664667413805 0.785390488322161 NaN
25.92 -6.85540824095105 -0.185092905787146 0.785390488322162 NaN
25.96 -8.35111519996081 -4.31226556475064 0.785390488322162 NaN
26 -11.0224316700439 -10.6111273377368 0.785390488322162 NaN
26.04 -9.39434602936832 -14.0160998976557 0.785390488322161 NaN
26.08 -4.47991051155925 -9.50541506478172 0.785390488322161 NaN
26.12 -1.47359037442429 -3.30081578248074 0.785390488322161 NaN
26.16 2.63117941720419 3.41100600812339 0.785390488322161 NaN
26.2 1.61278855343992 1.77597577809207 0.785390488322162 NaN
26.24 2.08941357523586 3.79027018940773 0.785390488322162 NaN
26.28 1.51680271544743 1.63798930864934 0.785390488322162 NaN
26.32 5.2078042793956 6.6355665087506 0.785390488322162 NaN
26.36 8.28364741213399 8.47531295086094 0.785390488322161 NaN
26.4 11.2459587139167 5.73164336649987 0.785390488322161 NaN
26.44 11.2991026060758 0.251405945624167 0.785390488322161 NaN
26.48 9.05442232009749 -4.27679339972677 0.785390488322162 NaN
26.52 6.07733248777883 -6.71423216279551 0.785390488322162 NaN
26.56 4.91446818062228 -8.41626120737294 0.785390488322162 NaN
26.6 4.10243575666132 -8.36576570445807 0.785390488322162 NaN
26.64 4.54359655860934 -8.20909094089949 0.785390488322162 NaN
26.68 3.23821735624528 -6.58199469996815 0.785390488322162 NaN
26.72 -0.307492580132974 0.0714916202237659 0.785390488322161 NaN
26.76 -2.26014163230976 3.59259351291174 0.785390488322161 NaN
26.8 -7.18835006838294 9.55180388235703 0.785390488322162 NaN
26.84 -6.87973119277048 8.83952462162426 0.785390488322162 NaN
26.88 -8.37963277012454 8.97394758710805 0.785390488322161 NaN
26.92 -6.74516478036217 4.09236851634039 0.785390488322162 NaN
26.96 -8.00118777415741 0.566951899502585 0.785390488322162 NaN
27 -8.97227561279189 -3.87138069668357 0.785390488322162 NaN
27.04 -10.128163165017 -9.64242246911472 0.785390488322162 NaN
27.08 -8.08236943678722 -11.4849445458141 0.785390488322161 NaN
27.12 -4.2848076351568 -7.69347854364924 0.785390488322162 NaN
27.16 -2.8880529817082 -5.72279958801271 0.785390488322162 NaN
27.2 0.666813748214477 -0.655991528401232 0.785390488322162 NaN
27.24 0.0126727071816669 -1.46769236899254 0.785390488322162 NaN
27.28 2.21266918470934 2.77997854726148 0.785390488322162 NaN
27.32 2.95041030880037 3.85002234431488 0.785390488322161 NaN
27.36 5.92335529945251 8.65376711977296 0.785390488322162 NaN
27.4 8.30561924826063 8.99611496310927 0.785390488322161 NaN
27.44 9.42785622752211 5.67755073181394 0.785390488322161 NaN
27.48 9.69030607069171 1.11404448870655 0.785390488322161 NaN
27.52 8.70173745803508 -3.47244752947376 0.785390488322162 NaN
27.56 8.01180921066978 -7.54656187593299 0.785390488322162 NaN
27.6 6.9968224479094 -9.97591944066781 0.785390488322162 NaN
27.64 5.13034433963267 -9.34224058315917 0.785390488322162 NaN
27.68 3.52537352128115 -7.08701548783695 0.785390488322162 NaN
27.72 1.36642671872191 -3.62714258158744 0.785390488322162 NaN
27.76 -0.983484746270175 1.02393653401821 0.785390488322162 NaN
27.8 -1.75196365242235 2.33784841504919 0.785390488322162 NaN
27.84 -4.30137581485529 6.13652866811009 0.785390488322162 NaN
27.88 -5.5042457676413 7.88681891719162 0.785390488322162 NaN
27.92 -8.03900757593942 8.72033206538664 0.785390488322162 NaN
27.96 -8.89630882581344 5.81749522968676 0.785390488322162 NaN
28 -9.38472820011229 1.52515171969248 0.785390488322162 NaN
28.04 -8.99422840801868 -3.15452126979588 0.785390488322162 NaN
28.08 -8.31581671126095 -7.33707984267557 0.785390488322162 NaN
28.12 -7.21775071667349 -9.75878298226707 0.785390488322162 NaN
28.16 -4.80600397219005 -8.36975237396146 0.785390488322162 NaN
28.2 -4.2612390343887 -8.2157526086399 0.785390488322162 NaN
28.24 -1.43081864760939 -4.470879179059 0.785390488322162 NaN
28.28 -0.186921980944949 -1.98433809984987 0.785390488322162 NaN
28.32 2.69557907769348 3.25467476340099 0.785390488322162 NaN
28.36 4.75805931296231 7.18868258136591 0.785390488322162 NaN
28.4 5.90092081107351 8.87570129913315 0.785390488322161 NaN
28.44 7.04989583439404 7.99477223422639 0.785390488322162 NaN
28.48 7.83553442461916 5.58172994377826 0.785390488322162 NaN
28.52 9.12218259931686 1.88428777303849 0.785390488322162 NaN
28.56 9.95966182002069 -3.06024712722487 0.785390488322162 NaN
28.6 9.36990401753529 -7.78987755938032 0.785390488322162 NaN
28.64 7.76844532679199 -10.157756354302 0.785390488322162 NaN
28.68 4.39232125165712 -7.90353417652403 0.785390488322162 NaN
28.72 2.97993407496317 -6.19635038944618 0.785390488322162 NaN
28.76 0.85694920817183 -2.86642078828442 0.785390488322162 NaN
28.8 -0.0137304273277205 -0.871164891732072 0.785390488322162 NaN
28.84 -0.440561005731216 -0.353576870198069 0.785390488322162 NaN
28.88 -3.27067828542465 4.60673693902999 0.785390488322162 NaN
28.92 -5.51246952790043 8.05982252894711 0.785390488322163 NaN
28.96 -9.55566751249997 10.5427550376877 0.785390488322162 NaN
29 -9.22027587053488 6.74253002437598 0.785390488322162 NaN
29.04 -9.07370030025277 2.26255526100277 0.785390488322162 NaN
29.08 -7.18271407656933 -2.067421337822 0.785390488322162 NaN
29.12 -7.70873494121929 -6.48416259555207 0.785390488322161 NaN
29.16 -8.03572271756459 -9.89037518127237 0.785390488322162 NaN
29.2 -7.28045130850633 -10.6244720340299 0.785390488322162 NaN
29.24 -5.12378569422606 -9.86363679912573 0.785390488322162 NaN
29.28 -1.39781715416391 -4.66960560822095 0.785390488322162 NaN
29.32 1.18968307647312 0.486488915562608 0.785390488322162 NaN
29.36 2.99378976088435 3.43547934692052 0.785390488322162 NaN
29.4 4.50477005714958 7.08919651622081 0.785390488322162 NaN
29.44 4.25817384816141 7.19268804415785 0.785390488322162 NaN
29.48 5.51597498413059 6.78308007797724 0.785390488322162 NaN
29.52 7.32989781320389 5.82432287369235 0.785390488322161 NaN
29.56 10.2878197604581 2.99301630787462 0.785390488322162 NaN
29.6 11.3453143243947 -2.40640829001133 0.785390488322162 NaN
29.64 9.58920261577808 -7.03665813849748 0.785390488322162 NaN
29.68 7.13722641774739 -8.58227398363104 0.785390488322162 NaN
29.72 3.60934840916851 -6.45862710676903 0.785390488322162 NaN
29.76 3.13987646993973 -7.44830567146293 0.785390488322162 NaN
29.8 1.8136036772385 -4.74100408028809 0.785390488322162 NaN
29.84 2.03204012275427 -4.41924433922249 0.785390488322161 NaN
29.88 -0.191635051624973 -0.80215971723084 0.785390488322161 NaN
29.92 -2.93490639536348 5.04804596098734 0.785390488322161 NaN
29.96 -6.62113361742234 9.84492863126781 0.785390488322162 NaN
30 -9.57462851814579 10.623235249299 0.785390488322162 NaN
30.04 -8.8793580553366 7.16507027139685 0.785390488322161 NaN
30.08 -7.92883390466493 2.86493422483027 0.785390488322161 NaN
30.12 -6.94883895401544 -1.29389876221511 0.785390488322162 NaN
30.16 -8.38563386823878 -5.8034492387539 0.785390488322162 NaN
30.2 -9.02602485253141 -9.87710865280654 0.785390488322162 NaN
30.24 -7.87668183580806 -11.9267363294765 0.785390488322162 NaN
30.28 -4.58776800350892 -9.56744748726038 0.785390488322162 NaN
30.32 -1.38539931124768 -4.14548238430978 0.785390488322162 NaN
30.36 1.19959463238245 0.645463260393079 0.785390488322162 NaN
30.4 2.1924117186418 2.44907180035685 0.785390488322162 NaN
30.44 3.25772565090692 5.6387268018852 0.785390488322162 NaN
30.48 3.63118441983438 5.7884595072372 0.785390488322162 NaN
30.52 6.00152034639376 7.27262305584567 0.785390488322161 NaN
30.56 8.19071307492308 7.14511140957867 0.785390488322162 NaN
30.6 10.623534445792 4.06379027013584 0.785390488322162 NaN
30.64 10.3261527175456 -1.26135222443983 0.785390488322162 NaN
30.68 8.70165578719795 -5.57413567829974 0.785390488322161 NaN
30.72 6.88142559444532 -7.95379485462987 0.785390488322162 NaN
30.76 4.95163139880524 -8.65415610542828 0.785390488322162 NaN
30.8 4.59975179863446 -9.34622724637788 0.785390488322162 NaN
30.84 2.83663728469035 -5.81880728268495 0.785390488322162 NaN
30.88 1.57452695084338 -3.5946465955866 0.785390488322162 NaN
30.92 -1.22111331021168 1.52658843700956 0.785390488322161 NaN
30.96 -3.24751927681342 5.23252376765312 0.785390488322162 NaN
31 -6.12211030494547 8.46935189632994 0.785390488322161 NaN
31.04 -7.41474797576181 8.98465589695101 0.785390488322162 NaN
31.08 -7.80062126934202 7.22287068321528 0.785390488322162 NaN
31.12 -7.80824919945583 3.50527382398591 0.785390488322162 NaN
31.16 -8.89624923175641 -0.684679224792234 0.785390488322162 NaN
31.2 -9.22023217560505 -5.51448971440896 0.785390488322162 NaN
31.24 -9.49708701642547 -10.015690834179 0.785390488322162 NaN
31.28 -6.4708084552397 -9.8174100011543 0.785390488322162 NaN
31.32 -4.01485615553822 -7.72255666432406 0.785390488322162 NaN
31.36 -1.61273417319958 -4.1251260014847 0.785390488322161 NaN
31.4 -0.27845083755769 -2.2058230573179 0.785390488322162 NaN
31.44 0.380648665489259 -0.88538127081073 0.785390488322162 NaN
31.48 2.60515825448323 3.72415060319613 0.785390488322162 NaN
31.52 4.12022198014957 6.18573909339285 0.785390488322162 NaN
31.56 7.34178306830135 9.61798840646417 0.785390488322162 NaN
31.6 8.15861786553772 7.77186590033474 0.785390488322162 NaN
31.64 9.8800253304545 4.65972417029657 0.785390488322162 NaN
31.68 8.85667500805562 -0.259831128559612 0.785390488322162 NaN
31.72 8.64173193752099 -4.82350239565548 0.785390488322162 NaN
31.76 7.66838513883533 -8.23230740777575 0.785390488322162 NaN
31.8 6.79264437582111 -10.3333253741098 0.785390488322162 NaN
31.84 4.90391587253016 -9.26284591234041 0.785390488322162 NaN
31.88 2.8108127592822 -6.05441655183481 0.785390488322162 NaN
31.92 0.673237828299708 -2.02560640448027 0.785390488322162 NaN
31.96 -1.15563460192704 1.2779520382748 0.785390488322162 NaN
32 -2.44245168353227 3.43538117286839 0.785390488322162 NaN
32.04 -4.72334729560414 6.85854389822439 0.785390488322163 NaN
32.08 -6.39009335010348 8.30409996951216 0.785390488322162 NaN
32.12 -8.53045128146521 8.26989770525262 0.785390488322163 NaN
32.16 -8.96686127982126 4.71285677937384 0.785390488322163 NaN
32.2 -9.31662961955131 0.158617213646678 0.785390488322162 NaN
32.24 -8.11223117854044 -4.25065008376348 0.785390488322162 NaN
32.28 -8.25041100463027 -8.41435026995855 0.785390488322163 NaN
32.32 -6.5644093557541 -9.46801423115724 0.785390488322163 NaN
32.36 -5.56615725964864 -9.55892689725048 0.785390488322163 NaN
32.4 -3.14602302043935 -6.93696880732969 0.785390488322163 NaN
32.44 -1.286465786762 -3.97492843749716 0.785390488322163 NaN
32.48 1.24590617715289 0.486501448373354 0.785390488322163 NaN
32.52 3.35088948896991 4.70340350789909 0.785390488322163 NaN
32.56 4.95236397739846 7.75830776676814 0.785390488322162 NaN
32.6 6.15877899572995 8.54367274477429 0.785390488322163 NaN
32.64 6.73483246809767 7.02473542365857 0.785390488322163 NaN
32.68 8.50914509030209 4.83786719005457 0.785390488322163 NaN
32.72 9.42723753253288 0.593120432422787 0.785390488322162 NaN
32.76 10.2326176206333 -4.63489345257574 0.785390488322163 NaN
32.8 8.83543867176991 -8.55389136136932 0.785390488322163 NaN
32.84 6.88633610893918 -9.78765859663575 0.785390488322163 NaN
32.88 3.79683199578465 -7.3069364182306 0.785390488322163 NaN
32.92 2.30462060868718 -5.66784412198431 0.785390488322163 NaN
32.96 0.879464145203285 -2.45027033442182 0.785390488322163 NaN
33 0.464317567285686 -1.86274391741108 0.785390488322163 NaN
33.04 -1.38921102235638 1.59783920234479 0.785390488322163 NaN
33.08 -3.98792009201043 6.14328948890399 0.785390488322163 NaN
33.12 -7.17465817696546 9.48980702093889 0.785390488322163 NaN
33.16 -9.04502857371268 9.19095651579597 0.785390488322164 NaN
33.2 -9.32489505634818 5.62981542661978 0.785390488322163 NaN
33.24 -8.18422380061085 0.933141314945052 0.785390488322163 NaN
33.28 -7.68112489873039 -3.3496760833409 0.785390488322164 NaN
33.32 -8.15370963284501 -7.56604211773089 0.785390488322163 NaN
33.36 -7.98461762878129 -10.2919566432153 0.785390488322163 NaN
33.4 -6.13180806511559 -10.513133799628 0.785390488322163 NaN
33.44 -3.44249085401559 -7.66844409430807 0.785390488322163 NaN
33.48 -0.900358726776813 -3.16842225068316 0.785390488322163 NaN
33.52 1.3598642091309 0.589704823334936 0.785390488322162 NaN
33.56 2.75231796373918 3.87956128541508 0.785390488322163 NaN
33.6 4.22847391579065 6.96100595409942 0.785390488322163 NaN
33.64 5.0026020656721 7.10632092993215 0.785390488322163 NaN
33.68 6.94320806010241 7.61960883208752 0.785390488322162 NaN
33.72 8.92872629382684 5.81395070065096 0.785390488322162 NaN
33.76 10.1341808617893 1.55867370973272 0.785390488322163 NaN
33.8 9.6996965120597 -3.50211250957775 0.785390488322163 NaN
33.84 8.19584888598204 -7.211725665044 0.785390488322163 NaN
33.88 6.49026552402515 -8.99362014614612 0.785390488322163 NaN
33.92 4.76763723581659 -9.08124083460266 0.785390488322162 NaN
33.96 3.79449829622681 -7.83425528514572 0.785390488322162 NaN
34 1.77042498735531 -3.88816175079843 0.785390488322163 NaN
34.04 0.211079708924071 -1.23448825706908 0.785390488322163 NaN
34.08 -1.93597894880217 2.97752436687382 0.785390488322162 NaN
34.12 -4.34944724457593 6.38939740277632 0.785390488322163 NaN
34.16 -6.5136970231359 8.52424636891721 0.785390488322163 NaN
34.2 -7.88552239668228 8.7705112549666 0.785390488322163 NaN
34.24 -8.13566463856222 5.80753726971746 0.785390488322163 NaN
34.28 -8.43624048723354 1.73967395621555 0.785390488322163 NaN
34.32 -8.86829481974113 -2.83020117801854 0.785390488322162 NaN
34.36 -9.27949260325284 -7.69247262567846 0.785390488322163 NaN
34.4 -7.9152037405555 -10.1438675943791 0.785390488322162 NaN
34.44 -5.41279078426197 -9.14118041041694 0.785390488322162 NaN
34.48 -3.0876992444986 -6.2812662807385 0.785390488322162 NaN
34.52 -1.09861302100321 -3.46423644324788 0.785390488322162 NaN
34.56 -0.0910453452244152 -1.91102945036713 0.785390488322162 NaN
34.6 1.61049859850221 1.58412789265129 0.785390488322162 NaN
34.64 3.47527730262952 5.13749146037195 0.785390488322162 NaN
34.68 5.78985700832938 8.39833068311538 0.785390488322162 NaN
34.72 7.68489030744351 9.06184908752719 0.785390488322162 NaN
34.76 8.94203271795021 6.57317597150529 0.785390488322162 NaN
34.8 9.18891615542949 2.24888027979469 0.785390488322163 NaN
34.84 8.8015174389401 -2.3801290088707 0.785390488322162 NaN
34.88 8.37669782142757 -6.73064550772944 0.785390488322162 NaN
34.92 7.38729196056423 -9.50452184570798 0.785390488322162 NaN
34.96 5.98070433607653 -10.0246013816564 0.785390488322162 NaN
35 4.05307899374228 -8.1041247814775 0.785390488322162 NaN
35.04 1.59816629757825 -3.92643946125708 0.785390488322163 NaN
35.08 -0.171266829003075 -0.490081354658949 0.785390488322163 NaN
35.12 -1.94214620922652 2.49239102093144 0.785390488322162 NaN
35.16 -3.28873521231088 4.80034509532346 0.785390488322162 NaN
35.2 -5.52453718256204 7.80942876118263 0.785390488322162 NaN
35.24 -7.39828461005621 8.64749730820959 0.785390488322162 NaN
35.28 -8.80382634281859 6.79838758178282 0.785390488322162 NaN
35.32 -9.14257119351295 2.67745879276396 0.785390488322162 NaN
35.36 -8.82617555943794 -2.00105650598727 0.785390488322162 NaN
35.4 -8.33036041638536 -6.38510820986322 0.785390488322162 NaN
35.44 -7.45845082889335 -9.07306661414203 0.785390488322162 NaN
35.48 -6.22094048944565 -9.58176635340179 0.785390488322162 NaN
35.52 -4.11283634642967 -8.1368803778796 0.785390488322162 NaN
35.56 -2.39119318990412 -5.87921227150224 0.785390488322162 NaN
35.6 -0.0773181887750746 -1.89933503009906 0.785390488322161 NaN
35.64 1.77157254352685 1.47608769687049 0.785390488322161 NaN
35.68 4.17649140805317 6.57129526978518 0.785390488322162 NaN
35.72 5.43599345170905 8.22721561578299 0.785390488322162 NaN
35.76 6.67162110812172 8.23450850554655 0.785390488322162 NaN
35.8 7.82172938514941 6.5104892484347 0.785390488322162 NaN
35.84 8.94094374870253 3.00083769565183 0.785390488322162 NaN
35.88 9.70595123967113 -1.68917806243479 0.785390488322161 NaN
35.92 9.28382300716997 -6.50099889302668 0.785390488322161 NaN
35.96 7.81488893260297 -9.20890919086563 0.785390488322162 NaN
36 5.6759271871126 -9.29602556956203 0.785390488322162 NaN
36.04 3.62510293557231 -7.7795377661771 0.785390488322162 NaN
36.08 1.82736379199938 -4.31591115172886 0.785390488322162 NaN
36.12 0.492251255556402 -1.71846610837913 0.785390488322162 NaN
36.16 -0.764888346129719 0.419357828164173 0.785390488322161 NaN
36.2 -2.8076148115264 4.41507232700107 0.785390488322161 NaN
36.24 -5.44589024816715 7.64086451306943 0.785390488322162 NaN
36.28 -7.8486028708699 9.30746512019224 0.785390488322161 NaN
36.32 -8.97152438243113 7.68076913972813 0.785390488322161 NaN
36.36 -8.59163962230763 3.34155203672194 0.785390488322162 NaN
36.4 -8.31466857870688 -1.0983422218553 0.785390488322162 NaN
36.44 -8.27549255388563 -5.54483218574346 0.785390488322162 NaN
36.48 -8.3540708669727 -9.2317679354965 0.785390488322161 NaN
36.52 -6.74333059597434 -10.272165482688 0.785390488322162 NaN
36.56 -4.60011353665755 -8.90341304175574 0.785390488322162 NaN
36.6 -2.00804483145053 -4.79490463039824 0.785390488322161 NaN
36.64 -0.418957882657194 -2.45673638288741 0.785390488322162 NaN
36.68 1.56521800141755 1.24525189272455 0.785390488322161 NaN
36.72 3.24196302847532 4.99582059042508 0.785390488322161 NaN
36.76 4.94853659586087 7.35995447355718 0.785390488322162 NaN
36.8 6.47711041532928 8.33614083527686 0.785390488322161 NaN
36.84 8.13885053047455 7.44904362187781 0.785390488322162 NaN
36.88 9.21941310840653 3.91554655729198 0.785390488322162 NaN
36.92 9.43999251162909 -0.757532683646496 0.785390488322162 NaN
36.96 8.76971569282515 -5.36438028793279 0.785390488322162 NaN
37 7.73277265874972 -8.70670926958427 0.785390488322161 NaN
37.04 6.30170822690244 -9.92686453386144 0.785390488322162 NaN
37.08 4.76035074229876 -9.06111392776928 0.785390488322162 NaN
37.12 2.5336676172932 -5.38282870057007 0.785390488322162 NaN
37.16 0.442478867174897 -1.6421862347054 0.785390488322162 NaN
37.2 -1.21190118092556 1.32533977769456 0.785390488322162 NaN
37.24 -2.85985447374441 4.02172025560755 0.785390488322162 NaN
37.28 -4.74454311295038 6.67441743590567 0.785390488322162 NaN
37.32 -6.93806321996714 8.88471030488198 0.785390488322162 NaN
37.36 -8.02572010000068 7.61032497160987 0.785390488322162 NaN
37.4 -9.05139466809342 4.25266250092474 0.785390488322162 NaN
37.44 -9.06043717684875 -0.316140775332341 0.785390488322162 NaN
37.48 -8.99419755325819 -5.13431682382043 0.785390488322162 NaN
37.52 -7.96466071515025 -8.53719705624958 0.785390488322162 NaN
37.56 -6.48914431600892 -9.28641769729635 0.785390488322162 NaN
37.6 -4.21186090705366 -7.68707163770621 0.785390488322162 NaN
37.64 -2.88086885285364 -6.55346153012197 0.785390488322162 NaN
37.68 -1.12474747993598 -3.75935606803296 0.785390488322162 NaN
37.72 0.346913361956972 -1.21050491477223 0.785390488322163 NaN
37.76 3.04962093079821 4.23494678612373 0.785390488322163 NaN
37.8 5.24783824396327 8.22092684920604 0.785390488322163 NaN
37.84 7.00755941224347 9.435758410199 0.785390488322162 NaN
37.88 7.85768295997185 7.74496165980983 0.785390488322162 NaN
37.92 8.42179079625025 4.34474344976721 0.785390488322162 NaN
37.96 8.8020629543595 0.103282108763487 0.785390488322162 NaN
38 8.9400036266284 -4.6341283815675 0.785390488322162 NaN
38.04 8.48690466367332 -8.68498856950287 0.785390488322163 NaN
38.08 7.07500090745546 -10.2129123883658 0.785390488322162 NaN
38.12 5.08608668819457 -9.51517622699584 0.785390488322162 NaN
38.16 2.52517192851064 -5.75744551105267 0.785390488322162 NaN
38.2 0.364192686275743 -1.39798139757212 0.785390488322162 NaN
38.24 -0.9519275395302 0.6820916986506 0.785390488322162 NaN
38.28 -2.23925512248904 3.25435374317865 0.785390488322162 NaN
38.32 -4.00168033925968 5.87509479618263 0.785390488322162 NaN
38.36 -6.47276755164106 8.30390354962273 0.785390488322162 NaN
38.4 -8.29482456867651 8.37436099228336 0.785390488322162 NaN
38.44 -9.1764563036099 5.11988095667811 0.785390488322162 NaN
38.48 -9.01062809411863 0.525261769415508 0.785390488322162 NaN
38.52 -8.57970224542446 -4.13630220086337 0.785390488322162 NaN
38.56 -8.02756788711163 -7.87642823535347 0.785390488322163 NaN
38.6 -7.00777242065647 -9.52021832232998 0.785390488322162 NaN
38.64 -5.15257862349051 -9.19628384936119 0.785390488322162 NaN
38.68 -3.03519461024332 -6.58672063076547 0.785390488322163 NaN
38.72 -1.37163668086152 -4.01279572937119 0.785390488322163 NaN
38.76 0.498214422148306 -1.0338469094238 0.785390488322162 NaN
38.8 2.66895176816002 3.76636193123142 0.785390488322162 NaN
38.84 4.71389665293293 7.23540848529177 0.785390488322162 NaN
38.88 6.28911543304575 8.68569043870031 0.785390488322162 NaN
38.92 7.51962402814934 8.10456096663849 0.785390488322162 NaN
38.96 8.69113004761722 5.23399488713242 0.785390488322163 NaN
39 9.12865928941213 0.937373834187518 0.785390488322163 NaN
39.04 9.16743309222105 -3.85127417667412 0.785390488322162 NaN
39.08 8.16144646883177 -7.7247784480377 0.785390488322163 NaN
39.12 7.11215590534958 -9.95282920516486 0.785390488322163 NaN
39.16 5.22325922889284 -9.53845130737207 0.785390488322163 NaN
39.2 3.48204595699515 -7.03960609169999 0.785390488322163 NaN
39.24 0.940534931482978 -2.52617610319866 0.785390488322163 NaN
39.28 -0.570617769666441 0.0838574376165633 0.785390488322162 NaN
39.32 -2.29575045996815 3.24602923683601 0.785390488322163 NaN
39.36 -3.93169801920497 5.55126624738269 0.785390488322162 NaN
39.4 -6.24019953997664 8.36067456019615 0.785390488322162 NaN
39.44 -7.81940896253873 8.57332146388959 0.785390488322163 NaN
39.48 -8.67512845084956 5.60214116609405 0.785390488322162 NaN
39.52 -8.96184037705088 1.33829146973506 0.785390488322162 NaN
39.56 -9.00528040486976 -3.41599542108205 0.785390488322162 NaN
39.6 -8.44832052336623 -7.67949431242089 0.785390488322162 NaN
39.64 -7.30820327958506 -9.46291172887555 0.785390488322163 NaN
39.68 -5.03055661625139 -8.38442510287106 0.785390488322162 NaN
39.72 -3.23127148655286 -6.80794221523624 0.785390488322162 NaN
39.76 -1.5673110538068 -4.42608884433547 0.785390488322162 NaN
39.8 -0.303982119901331 -2.51208229510096 0.785390488322163 NaN
39.84 1.93716286384659 1.97545140286797 0.785390488322162 NaN
39.88 4.40925865635801 6.9105873152119 0.785390488322162 NaN
39.92 6.46480362235427 9.32836893300894 0.785390488322162 NaN
39.96 7.73140518185943 8.80685626240595 0.785390488322162 NaN
40 8.3616711996642 5.75866413134096 0.785390488322162 NaN
