"Time, Y-Force, Work integrand, Mass, Mass error"
0.001 -1.42549533597458e-05 1.37212226228655e-11 0.784549965727207 NaN
0.002 -6.2140047032877e-05 -7.00418042048059e-10 0.784549965727207 NaN
0.003 -0.000137640642299642 -3.18070795397077e-09 0.784549965727207 NaN
0.004 -0.00023434378760204 -9.39343575541642e-09 0.784549965727207 NaN
0.005 -0.000352929468435581 -2.14379800956764e-08 0.784549965727207 NaN
0.006 -0.000497456720508352 -4.22626297579889e-08 0.784549965727207 NaN
0.007 -0.000670692590035312 -7.55971655607618e-08 0.784549965727207 NaN
0.008 -0.000872905621790472 -1.25832193201732e-07 0.784549965727207 NaN
0.009 -0.00110298428091018 -1.97195636759992e-07 0.784549965727207 NaN
0.01 -0.0013597423730146 -2.95204640403931e-07 0.784549965727207 NaN
0.011 -0.00164250006384204 -4.25370370400568e-07 0.784549965727207 NaN
0.012 -0.00195106708084375 -5.93923904608792e-07 0.784549965727207 NaN
0.013 -0.00228552013361143 -8.07679067065062e-07 0.784549965727207 NaN
0.014 -0.0026460187755936 -1.07397449151099e-06 0.784549965727207 NaN
0.015 -0.00303271715574128 -1.40052148543015e-06 0.784549965727207 NaN
0.016 -0.0034457427384953 -1.79597183698261e-06 0.784549965727207 NaN
0.017 -0.00388520205010526 -2.26944982771089e-06 0.784549965727207 NaN
0.018 -0.00435119172374566 -2.83005509144839e-06 0.784549965727207 NaN
0.019 -0.00484380490333152 -3.48787908308677e-06 0.784549965727206 NaN
0.02 -0.00536313156829395 -4.25389122605837e-06 0.784549965727207 NaN
0.021 -0.00590925434212171 -5.13894795817161e-06 0.784549965727207 NaN
0.022 -0.0064822439300894 -6.1547539786176e-06 0.784549965727207 NaN
0.023 -0.00708215794738427 -7.31356595256616e-06 0.784549965727206 NaN
0.024 -0.00770904374338723 -8.62792309777808e-06 0.784549965727207 NaN
0.025 -0.00836294377159633 -1.0110768661277e-05 0.784549965727207 NaN
0.026 -0.00904390041982341 -1.17762256575765e-05 0.784549965727207 NaN
0.027 -0.0097519586721939 -1.36387576045214e-05 0.784549965727207 NaN
0.028 -0.0104871665840725 -1.57127381217933e-05 0.784549965727206 NaN
0.029 -0.011249574284252 -1.80138856656318e-05 0.784549965727206 NaN
0.03 -0.0120392328150206 -2.05573904960002e-05 0.784549965727206 NaN
0.031 -0.0128561931768921 -2.33601613485203e-05 0.784549965727206 NaN
0.032 -0.0137005056375595 -2.64391128618968e-05 0.784549965727207 NaN
0.033 -0.0145722193169346 -2.98109914954586e-05 0.784549965727206 NaN
0.034 -0.015471381513515 -3.34945387109877e-05 0.784549965727206 NaN
0.035 -0.0163980372709544 -3.75071339595626e-05 0.784549965727207 NaN
0.036 -0.0173522292216078 -4.18684818380471e-05 0.784549965727207 NaN
0.037 -0.0183339978378204 -4.65980810664304e-05 0.784549965727207 NaN
0.038 -0.0193433821563997 -5.1715366571106e-05 0.784549965727207 NaN
0.039 -0.0203804209714133 -5.72407541233434e-05 0.784549965727207 NaN
0.04 -0.0214451540681465 -6.3195708436542e-05 0.784549965727207 NaN
0.041 -0.0225376231936436 -6.96011368222521e-05 0.784549965727206 NaN
0.042 -0.0236578725867434 -7.64792988654995e-05 0.784549965727206 NaN
0.043 -0.0248059489089448 -8.38523243350135e-05 0.784549965727206 NaN
0.044 -0.0259819004568583 -9.17437221897315e-05 0.784549965727206 NaN
0.045 -0.0271857758629391 -0.000100176234124539 0.784549965727206 NaN
0.046 -0.0284176222456566 -0.000109174470073672 0.784549965727206 NaN
0.047 -0.0296774833450487 -0.000118762514554329 0.784549965727206 NaN
0.048 -0.0309653976546865 -0.000128965608195254 0.784549965727206 NaN
0.049 -0.0322813971445118 -0.000139808742487139 0.784549965727206 NaN
0.05 -0.0336255067562828 -0.000151318198753645 0.784549965727206 NaN
0.051 -0.0349977448453871 -0.000163520017445649 0.784549965727206 NaN
0.052 -0.0363981246281821 -0.00017644141995541 0.784549965727206 NaN
0.053 -0.0378266564961002 -0.000190108817538397 0.784549965727206 NaN
0.054 -0.039283350742418 -0.000204550652563216 0.784549965727206 NaN
0.055 -0.0407682204214582 -0.000219794880515618 0.784549965727206 NaN
0.056 -0.0422812836029987 -0.000235870054543741 0.784549965727206 NaN
0.057 -0.0438225648996426 -0.000252805331115915 0.784549965727206 NaN
0.058 -0.045392095512556 -0.000270630721517223 0.784549965727206 NaN
0.059 -0.0469899120416643 -0.000289375468424268 0.784549965727206 NaN
0.06 -0.048616053959873 -0.000309071173104532 0.784549965727206 NaN
0.061 -0.0502705599721413 -0.000329748798097297 0.784549965727207 NaN
0.062 -0.0519534638928481 -0.000351439433884021 0.784549965727206 NaN
0.063 -0.053664790425289 -0.000374175281649827 0.784549965727206 NaN
0.064 -0.0554045515359534 -0.000397988702720687 0.784549965727206 NaN
0.065 -0.0571727440623721 -0.000422912581674673 0.784549965727206 NaN
0.066 -0.0589693487482145 -0.000448979675788527 0.784549965727206 NaN
0.067 -0.0607943310324071 -0.000476223504083007 0.784549965727206 NaN
0.068 -0.0626476439290558 -0.000504677908861341 0.784549965727206 NaN
0.069 -0.0645292319854919 -0.000534376715489727 0.784549965727206 NaN
0.07 -0.0664390368521432 -0.000565354413579713 0.784549965727207 NaN
0.071 -0.0683770029920596 -0.000597645607190128 0.784549965727206 NaN
0.072 -0.0703430835023653 -0.000631285624426438 0.784549965727207 NaN
0.073 -0.0723372448539789 -0.000666310058526776 0.784549965727207 NaN
0.074 -0.0743594705011677 -0.000702755124938871 0.784549965727207 NaN
0.075 -0.0764097623893464 -0.000740657043906184 0.784549965727206 NaN
0.076 -0.0784881405094352 -0.000780053679075778 0.784549965727206 NaN
0.077 -0.0805946402325113 -0.000820982193897682 0.784549965727207 NaN
0.078 -0.08272930794188 -0.000863481062726718 0.784549965727207 NaN
0.079 -0.0848921949311378 -0.000907588979721963 0.784549965727206 NaN
0.08 -0.0870833505672614 -0.000953345185684422 0.784549965727206 NaN
0.081 -0.0893028149758595 -0.00100078904800979 0.784549965727207 NaN
0.082 -0.0915506120320994 -0.0010499600772149 0.784549965727207 NaN
0.083 -0.0938267433620792 -0.00110089893769466 0.784549965727206 NaN
0.084 -0.0961311835082384 -0.00115364504708802 0.784549965727206 NaN
0.085 -0.0984638769737039 -0.00120823896676256 0.784549965727206 NaN
0.086 -0.100824737086059 -0.00126472074684463 0.784549965727206 NaN
0.087 -0.103213646985373 -0.00132313104581272 0.784549965727206 NaN
0.088 -0.105630462254001 -0.0013835093884145 0.784549965727206 NaN
0.089 -0.108075015372661 -0.00144589661056221 0.784549965727206 NaN
0.09 -0.110547121333989 -0.00151033209337037 0.784549965727206 NaN
0.091 -0.113046584119229 -0.00157685661678817 0.784549965727206 NaN
0.092 -0.115573203820853 -0.00164551057213361 0.784549965727206 NaN
0.093 -0.118126783373547 -0.00171633424674716 0.784549965727206 NaN
0.094 -0.120707135292324 -0.00178936826974656 0.784549965727206 NaN
0.095 -0.123314087250799 -0.00186465370184378 0.784549965727206 NaN
0.096 -0.125947486767169 -0.00194223232808258 0.784549965727206 NaN
0.097 -0.128607204579864 -0.00202214555963284 0.784549965727206 NaN
0.098 -0.131293136502635 -0.00210443551438067 0.784549965727207 NaN
0.099 -0.134005203981253 -0.00218914540261164 0.784549965727206 NaN
0.1 -0.136743353009161 -0.00227631832326682 0.784549965727206 NaN
0.101 -0.139507551962431 -0.00236599816103615 0.784549965727206 NaN
0.102 -0.142297788237593 -0.00245822933837849 0.784549965727206 NaN
0.103 -0.145114063788055 -0.00255305645555655 0.784549965727206 NaN
0.104 -0.147956390187238 -0.00265052507044864 0.784549965727206 NaN
0.105 -0.150824783145193 -0.00275068004452006 0.784549965727206 NaN
0.106 -0.153719256729754 -0.00285356774586027 0.784549965727206 NaN
0.107 -0.156639817701962 -0.00295923411209144 0.784549965727206 NaN
0.108 -0.159586459897406 -0.00306772458681702 0.784549965727206 NaN
0.109 -0.162559158987588 -0.00317908562601147 0.784549965727207 NaN
0.11 -0.165557867785892 -0.00329336307361495 0.784549965727206 NaN
0.111 -0.168582512026813 -0.00341060258915086 0.784549965727207 NaN
0.112 -0.171632986834447 -0.00353084945114531 0.784549965727207 NaN
0.113 -0.174709153994114 -0.00365414848532429 0.784549965727207 NaN
0.114 -0.177810839776184 -0.00378054428695121 0.784549965727207 NaN
0.115 -0.180937833723936 -0.00391008069774259 0.784549965727207 NaN
0.116 -0.1840898879866 -0.00404280052768168 0.784549965727207 NaN
0.117 -0.187266717619689 -0.00417874704366887 0.784549965727207 NaN
0.118 -0.190468001389367 -0.00431796096578155 0.784549965727207 NaN
0.119 -0.193693383408087 -0.00446048431877613 0.784549965727207 NaN
0.12 -0.196942475258969 -0.00460635640583079 0.784549965727207 NaN
0.121 -0.200214858890318 -0.00475561688673357 0.784549965727207 NaN
0.122 -0.203510089888287 -0.00490830420776569 0.784549965727207 NaN
0.123 -0.20682770137867 -0.00506445550542415 0.784549965727207 NaN
0.124 -0.21016720825411 -0.00522410868602829 0.784549965727206 NaN
0.125 -0.213528111853394 -0.00538729918846755 0.784549965727207 NaN
0.126 -0.216909904890412 -0.00555406250069848 0.784549965727207 NaN
0.127 -0.220312076820305 -0.00572443385360423 0.784549965727207 NaN
0.128 -0.223734119133802 -0.00589844778259523 0.784549965727207 NaN
0.129 -0.227175530935208 -0.00607613741794926 0.784549965727207 NaN
0.13 -0.230635824420001 -0.00625753744841189 0.784549965727207 NaN
0.131 -0.234114530277691 -0.00644268071433082 0.784549965727207 NaN
0.132 -0.237611202720403 -0.00663160107489664 0.784549965727207 NaN
0.133 -0.241125424202893 -0.00682433196881251 0.784549965727207 NaN
0.134 -0.244656809496893 -0.00702090711446575 0.784549965727207 NaN
0.135 -0.248205009028201 -0.00722136131397782 0.784549965727207 NaN
0.136 -0.251769711205101 -0.00742572840027406 0.784549965727207 NaN
0.137 -0.255350643929316 -0.00763404393703121 0.784549965727207 NaN
0.138 -0.25894757452176 -0.00784634356861231 0.784549965727207 NaN
0.139 -0.262560308821655 -0.00806266419066784 0.784549965727207 NaN
0.14 -0.26618868851261 -0.0082830427321652 0.784549965727207 NaN
0.141 -0.269832587349015 -0.00850751648618818 0.784549965727207 NaN
0.142 -0.273491905957838 -0.00873612441673913 0.784549965727207 NaN
0.143 -0.277166565230966 -0.00896890494313047 0.784549965727207 NaN
0.144 -0.280856498768648 -0.00920589657601732 0.784549965727207 NaN
0.145 -0.28456164407991 -0.0094471388198369 0.784549965727207 NaN
0.146 -0.2882819331079 -0.009692670773802 0.784549965727207 NaN
0.147 -0.292017281917338 -0.00994252987638564 0.784549965727207 NaN
0.148 -0.295767580037478 -0.0101967544042103 0.784549965727207 NaN
0.149 -0.299532679460097 -0.0104553798342104 0.784549965727207 NaN
0.15 -0.303312383803106 -0.0107184411485186 0.784549965727207 NaN
0.151 -0.307106437418169 -0.0109859710152788 0.784549965727207 NaN
0.152 -0.310914515017331 -0.0112579995250944 0.784549965727206 NaN
0.153 -0.314736211798114 -0.01153455438046 0.784549965727207 NaN
0.154 -0.318571034420485 -0.0118156591203797 0.784549965727207 NaN
0.155 -0.322418392658507 -0.0121013343827321 0.784549965727207 NaN
0.156 -0.326277592334162 -0.0123915957737402 0.784549965727207 NaN
0.157 -0.330147829216253 -0.012686455900705 0.784549965727207 NaN
0.158 -0.334028184324308 -0.0129859206973918 0.784549965727207 NaN
0.159 -0.337917620506581 -0.0132899916663846 0.784549965727207 NaN
0.16 -0.341814980663144 -0.0135986644820771 0.784549965727207 NaN
0.161 -0.345718987353022 -0.0139119294109283 0.784549965727207 NaN
0.162 -0.349628244098425 -0.0142297694449287 0.784549965727207 NaN
0.163 -0.353541238314711 -0.014552162647259 0.784549965727207 NaN
0.164 -0.357456345995758 -0.0148790799359392 0.784549965727207 NaN
0.165 -0.361371837872912 -0.0152104856821536 0.784549965727207 NaN
0.166 -0.3652858873681 -0.0155463381750261 0.784549965727207 NaN
0.167 -0.369196580076139 -0.0158865899197673 0.784549965727207 NaN
0.168 -0.373101924577241 -0.0162311865506084 0.784549965727207 NaN
0.169 -0.376999864610147 -0.0165800676369741 0.784549965727207 NaN
0.17 -0.380888292494984 -0.0169331686259483 0.784549965727207 NaN
0.171 -0.384765063229219 -0.017290418526943 0.784549965727207 NaN
0.172 -0.388628009464067 -0.0176517420338368 0.784549965727207 NaN
0.173 -0.392474956905918 -0.0180170605258348 0.784549965727207 NaN
0.174 -0.396303739736056 -0.0183862901107889 0.784549965727207 NaN
0.175 -0.400112216157408 -0.0187593458038937 0.784549965727207 NaN
0.176 -0.403898283348351 -0.0191361395590882 0.784549965727207 NaN
0.177 -0.407659891989241 -0.0195165811669598 0.784549965727207 NaN
0.178 -0.411395059778447 -0.0199005799129658 0.784549965727207 NaN
0.179 -0.415101883968219 -0.0202880443645565 0.784549965727207 NaN
0.18 -0.418778552424698 -0.0206788833276694 0.784549965727207 NaN
0.181 -0.422423353672101 -0.0210730066866449 0.784549965727207 NaN
0.182 -0.426034684950341 -0.0214703254182088 0.784549965727207 NaN
0.183 -0.429611059071671 -0.0218707523433871 0.784549965727207 NaN
0.184 -0.43315110936323 -0.0222742022678801 0.784549965727207 NaN
0.185 -0.436653593291517 -0.022680593408584 0.784549965727207 NaN
0.186 -0.440117394266805 -0.0230898455023918 0.784549965727207 NaN
0.187 -0.443541522163115 -0.0235018832726643 0.784549965727207 NaN
0.188 -0.446925112433345 -0.0239166344567493 0.784549965727207 NaN
0.189 -0.450267423862531 -0.0243340293813789 0.784549965727207 NaN
0.19 -0.453567835442721 -0.0247540032798597 0.784549965727207 NaN
0.191 -0.45682584215318 -0.0251764945125833 0.784549965727207 NaN
0.192 -0.460041049881542 -0.0256014460513439 0.784549965727207 NaN
0.193 -0.46321316996318 -0.0260288037540055 0.784549965727207 NaN
0.194 -0.466342012896529 -0.0264585180213822 0.784549965727207 NaN
0.195 -0.469427481918308 -0.0268905415711533 0.784549965727207 NaN
0.196 -0.472469566298524 -0.0273248328834471 0.784549965727207 NaN
0.197 -0.475468334279004 -0.0277613513166817 0.784549965727207 NaN
0.198 -0.478423926352708 -0.0282000614041962 0.784549965727207 NaN
0.199 -0.481336548093435 -0.0286409292211574 0.784549965727207 NaN
0.2 -0.484206463496269 -0.0290839248775094 0.784549965727207 NaN
0.201 -0.487033988060756 -0.0295290204821416 0.784549965727207 NaN
0.202 -0.489819482282915 -0.0299761909086786 0.784549965727207 NaN
0.203 -0.492563345151055 -0.0304254125228887 0.784549965727207 NaN
0.204 -0.495266007928015 -0.0308766645943169 0.784549965727207 NaN
0.205 -0.497927928004902 -0.0313299276800443 0.784549965727207 NaN
0.206 -0.500549583039696 -0.0317851837211753 0.784549965727207 NaN
0.207 -0.503131465277235 -0.0322424159290427 0.784549965727207 NaN
0.208 -0.505674075955534 -0.0327016091084501 0.784549965727207 NaN
0.209 -0.508177919992621 -0.0331627480654626 0.784549965727207 NaN
0.21 -0.51064350097648 -0.0336258178752942 0.784549965727207 NaN
0.211 -0.513071316215807 -0.0340908044750811 0.784549965727207 NaN
0.212 -0.515461852156693 -0.0345576937028083 0.784549965727207 NaN
0.213 -0.517815580012531 -0.0350264706475003 0.784549965727207 NaN
0.214 -0.520132951788952 -0.0354971194493634 0.784549965727207 NaN
0.215 -0.522414396531061 -0.0359696237590295 0.784549965727207 NaN
0.216 -0.52466031710806 -0.0364439663328355 0.784549965727207 NaN
0.217 -0.526871087278247 -0.0369201278428233 0.784549965727207 NaN
0.218 -0.529047049335303 -0.0373980873586676 0.784549965727207 NaN
0.219 -0.53118851209306 -0.0378778230323698 0.784549965727207 NaN
0.22 -0.533295749626321 -0.0383593098187834 0.784549965727207 NaN
0.221 -0.535369000252503 -0.0388425210894749 0.784549965727207 NaN
0.222 -0.537408466385887 -0.0393274275878842 0.784549965727207 NaN
0.223 -0.53941431465772 -0.0398139985299471 0.784549965727207 NaN
0.224 -0.54138667682908 -0.040302199873876 0.784549965727207 NaN
0.225 -0.543325651032235 -0.0407919952619337 0.784549965727207 NaN
0.226 -0.545231303700734 -0.0412833467697458 0.784549965727207 NaN
0.227 -0.547103671777555 -0.0417762125902357 0.784549965727207 NaN
0.228 -0.548942765488266 -0.0422705506565241 0.784549965727207 NaN
0.229 -0.550748571339239 -0.0427663155858339 0.784549965727207 NaN
0.23 -0.552521055480531 -0.0432634606288688 0.784549965727207 NaN
0.231 -0.554260167171202 -0.0437619370331011 0.784549965727207 NaN
0.232 -0.55596584243924 -0.0442616949823639 0.784549965727207 NaN
0.233 -0.557638007773167 -0.0447626830681892 0.784549965727207 NaN
0.234 -0.559276583736485 -0.0452648492924085 0.784549965727207 NaN
0.235 -0.560881488459933 -0.0457681408565717 0.784549965727207 NaN
0.236 -0.56245264094745 -0.0462725043500706 0.784549965727207 NaN
0.237 -0.563989964155353 -0.0467778859849566 0.784549965727207 NaN
0.238 -0.565493387709247 -0.0472842326842102 0.784549965727207 NaN
0.239 -0.566962850143447 -0.0477914899930197 0.784549965727207 NaN
0.24 -0.568398301026037 -0.0482996059132 0.784549965727207 NaN
0.241 -0.569799702287701 -0.0488085271438913 0.784549965727207 NaN
0.242 -0.571167029380042 -0.049318202045088 0.784549965727207 NaN
0.243 -0.572500271813685 -0.0498285795254041 0.784549965727207 NaN
0.244 -0.5737994333522 -0.050339608825971 0.784549965727207 NaN
0.245 -0.57506453166247 -0.0508512397981613 0.784549965727207 NaN
0.246 -0.576295597807453 -0.0513634239256768 0.784549965727207 NaN
0.247 -0.577492675034033 -0.0518761125516241 0.784549965727207 NaN
0.248 -0.578655817663318 -0.0523892580941448 0.784549965727207 NaN
0.249 -0.579785089454756 -0.0529028129930322 0.784549965727207 NaN
0.25 -0.580880561749095 -0.0534167302490294 0.784549965727207 NaN
0.251 -0.581942311723855 -0.0539309636062145 0.784549965727207 NaN
0.252 -0.582970420423958 -0.0544454659122126 0.784549965727207 NaN
0.253 -0.583964970907049 -0.054960190481301 0.784549965727207 NaN
0.254 -0.584926046315563 -0.0554750893602938 0.784549965727207 NaN
0.255 -0.585853728204918 -0.0559901162958256 0.784549965727207 NaN
0.256 -0.58674809493958 -0.0565052215977457 0.784549965727207 NaN
0.257 -0.587609220466166 -0.0570203571559169 0.784549965727207 NaN
0.258 -0.588437173186775 -0.0575354724838792 0.784549965727207 NaN
0.259 -0.589232015298168 -0.0580505168723692 0.784549965727207 NaN
0.26 -0.589993802379684 -0.0585654379863784 0.784549965727207 NaN
0.261 -0.590722583365128 -0.05908018321938 0.784549965727207 NaN
0.262 -0.591418400905762 -0.0595946978554251 0.784549965727207 NaN
0.263 -0.59208129198156 -0.0601089268537592 0.784549965727207 NaN
0.264 -0.592711289033266 -0.0606228135535865 0.784549965727207 NaN
0.265 -0.593308421304985 -0.061136301793279 0.784549965727207 NaN
0.266 -0.593872716566201 -0.0616493327578444 0.784549965727207 NaN
0.267 -0.594404203014078 -0.0621618487380215 0.784549965727207 NaN
0.268 -0.594902911561808 -0.0626737908800219 0.784549965727207 NaN
0.269 -0.59536887812984 -0.0631851002521339 0.784549965727207 NaN
0.27 -0.595802146245939 -0.0636957186798444 0.784549965727207 NaN
0.271 -0.596202769684038 -0.0642055879941558 0.784549965727207 NaN
0.272 -0.596570814943109 -0.0647146513720492 0.784549965727207 NaN
0.273 -0.5969063640067 -0.0652228520977052 0.784549965727207 NaN
0.274 -0.59720951665639 -0.0657301359331863 0.784549965727207 NaN
0.275 -0.597480392940809 -0.0662364499265582 0.784549965727207 NaN
0.276 -0.597719135332093 -0.0667417432893384 0.784549965727207 NaN
0.277 -0.597925910555326 -0.0672459672574055 0.784549965727207 NaN
0.278 -0.598100911212315 -0.0677490758516023 0.784549965727208 NaN
0.279 -0.598244357152417 -0.0682510262586052 0.784549965727207 NaN
0.28 -0.598356496267677 -0.068751778001513 0.784549965727207 NaN
0.281 -0.598437605192236 -0.0692512943349035 0.784549965727208 NaN
0.282 -0.59848798928551 -0.0697495415617989 0.784549965727207 NaN
0.283 -0.598507982473849 -0.0702464894485623 0.784549965727207 NaN
0.284 -0.598497946676502 -0.0707421110396827 0.784549965727207 NaN
0.285 -0.598458270814124 -0.0712363831464538 0.784549965727207 NaN
0.286 -0.598389369403209 -0.0717292857218379 0.784549965727207 NaN
0.287 -0.59829168092859 -0.0722208020928058 0.784549965727207 NaN
0.288 -0.598165665816863 -0.0727109188589192 0.784549965727207 NaN
0.289 -0.598011804197447 -0.0731996252448531 0.784549965727207 NaN
0.29 -0.597830593494201 -0.0736869136164636 0.784549965727208 NaN
0.291 -0.59762254576548 -0.0741727784716587 0.784549965727207 NaN
0.292 -0.597388184921413 -0.0746572167644003 0.784549965727207 NaN
0.293 -0.597128043999233 -0.0751402281727618 0.784549965727207 NaN
0.294 -0.596842662333171 -0.0756218127575115 0.784549965727207 NaN
0.295 -0.596532582837378 -0.0761019726744173 0.784549965727207 NaN
0.296 -0.596198349240577 -0.0765807114909593 0.784549965727207 NaN
0.297 -0.595840503444558 -0.0770580329272726 0.784549965727207 NaN
0.298 -0.595459583325537 -0.0775339408218906 0.784549965727208 NaN
0.299 -0.595056120568483 -0.0780084410300139 0.784549965727208 NaN
0.3 -0.594630638827961 -0.0784815368924503 0.784549965727207 NaN
0.301 -0.594183652248422 -0.0789532332692966 0.784549965727207 NaN
0.302 -0.593715664272491 -0.0794235340807261 0.784549965727207 NaN
0.303 -0.593227166679151 -0.0798924419105554 0.784549965727208 NaN
0.304 -0.592718639000766 -0.0803599597827992 0.784549965727207 NaN
0.305 -0.592190548864348 -0.0808260890981401 0.784549965727207 NaN
0.306 -0.591643352270513 -0.0812908308830284 0.784549965727207 NaN
0.307 -0.591077494219371 -0.081754185135248 0.784549965727207 NaN
0.308 -0.590493409987003 -0.0822161515000451 0.784549965727207 NaN
0.309 -0.589891526760751 -0.0826767290978527 0.784549965727207 NaN
0.31 -0.58927226571097 -0.0831359170422064 0.784549965727207 NaN
0.311 -0.588636044614812 -0.0835937142100924 0.784549965727207 NaN
0.312 -0.587983280531523 -0.0840501200675714 0.784549965727207 NaN
0.313 -0.587314392946042 -0.08450513563974 0.784549965727207 NaN
0.314 -0.586629807211543 -0.0849587619121233 0.784549965727207 NaN
0.315 -0.585929958389498 -0.0854110030637709 0.784549965727207 NaN
0.316 -0.585215295173661 -0.0858618656801922 0.784549965727208 NaN
0.317 -0.584486284089555 -0.0863113587455844 0.784549965727208 NaN
0.318 -0.583743413872299 -0.0867594958621672 0.784549965727208 NaN
0.319 -0.582987199760918 -0.0872062947987986 0.784549965727208 NaN
0.32 -0.582218188009027 -0.0876517782432026 0.784549965727207 NaN
0.321 -0.581436960300046 -0.0880959761574977 0.784549965727208 NaN
0.322 -0.580644138006828 -0.0885389235781415 0.784549965727208 NaN
0.323 -0.579840386423959 -0.088980665093236 0.784549965727207 NaN
0.324 -0.579026418598003 -0.0894212519769725 0.784549965727207 NaN
0.325 -0.578202999117782 -0.0898607451374986 0.784549965727207 NaN
0.326 -0.577370947187148 -0.0902992154486786 0.784549965727207 NaN
0.327 -0.57653113968285 -0.0907367445216053 0.784549965727207 NaN
0.328 -0.575684513487247 -0.091173424025509 0.784549965727207 NaN
0.329 -0.574832067433708 -0.0916093584564404 0.784549965727207 NaN
0.33 -0.573974863587333 -0.0920446635734506 0.784549965727207 NaN
0.331 -0.573114027975173 -0.0924794676915316 0.784549965727207 NaN
0.332 -0.572250750595535 -0.0929139129142827 0.784549965727207 NaN
0.333 -0.571386284775071 -0.0933481529098494 0.784549965727207 NaN
0.334 -0.57052194594653 -0.0937823553086822 0.784549965727207 NaN
0.335 -0.56965910940375 -0.094216701370727 0.784549965727207 NaN
0.336 -0.568799207699904 -0.0946513845601425 0.784549965727207 NaN
0.337 -0.567943727068116 -0.0950866108144701 0.784549965727207 NaN
0.338 -0.567094203241499 -0.0955225997486505 0.784549965727207 NaN
0.339 -0.566252216592348 -0.09595958220677 0.784549965727207 NaN
0.34 -0.565419386648848 -0.0963978003463216 0.784549965727207 NaN
0.341 -0.564597365959823 -0.0968375073087393 0.784549965727207 NaN
0.342 -0.563787833469623 -0.0972789657320356 0.784549965727207 NaN
0.343 -0.562992487379926 -0.0977224471119449 0.784549965727207 NaN
0.344 -0.562213037547109 -0.0981682312915716 0.784549965727207 NaN
0.345 -0.56145119767351 -0.0986166038105211 0.784549965727207 NaN
0.346 -0.560708677038186 -0.0990678569900543 0.784549965727208 NaN
0.347 -0.55998717214126 -0.0995222872519363 0.784549965727207 NaN
0.348 -0.559288358242629 -0.0999801930453914 0.784549965727207 NaN
0.349 -0.558613880901074 -0.100441874862483 0.784549965727207 NaN
0.35 -0.55796534749641 -0.100907633651755 0.784549965727207 NaN
0.351 -0.557344319028975 -0.101377768491583 0.784549965727207 NaN
0.352 -0.556752302095563 -0.101852576200539 0.784549965727208 NaN
0.353 -0.556190741174077 -0.102332349633603 0.784549965727207 NaN
0.354 -0.555661011448446 -0.102817375037314 0.784549965727207 NaN
0.355 -0.555164412022163 -0.103307932864007 0.784549965727208 NaN
0.356 -0.554702159599914 -0.103804295219807 0.784549965727207 NaN
0.357 -0.554275383113242 -0.104306724504032 0.784549965727207 NaN
0.358 -0.553885118558573 -0.104815472387953 0.784549965727207 NaN
0.359 -0.553532305002937 -0.105330779126032 0.784549965727207 NaN
0.36 -0.553217781091922 -0.105852872506679 0.784549965727207 NaN
0.361 -0.552942282522757 -0.10638196704538 0.784549965727207 NaN
0.362 -0.552706440220284 -0.106918262625275 0.784549965727208 NaN
0.363 -0.552510779337822 -0.107461944011928 0.784549965727208 NaN
0.364 -0.552355719178817 -0.108013181845433 0.784549965727207 NaN
0.365 -0.552241573953118 -0.108572130290526 0.784549965727208 NaN
0.366 -0.552168554187951 -0.109138928135837 0.784549965727208 NaN
0.367 -0.552136769179988 -0.109713697486975 0.784549965727207 NaN
0.368 -0.552146229928891 -0.110296546218288 0.784549965727207 NaN
0.369 -0.552196853036304 -0.110887565612681 0.784549965727208 NaN
0.37 -0.552288465082376 -0.111486831131324 0.784549965727208 NaN
0.371 -0.552420807676696 -0.112094404675681 0.784549965727207 NaN
0.372 -0.552593543148358 -0.112710333665038 0.784549965727207 NaN
0.373 -0.55280626052713 -0.11333465173326 0.784549965727208 NaN
0.374 -0.553058482155694 -0.113967379744236 0.784549965727208 NaN
0.375 -0.553349670447314 -0.114608527044358 0.784549965727207 NaN
0.376 -0.553679235058161 -0.115258091994846 0.784549965727207 NaN
0.377 -0.554046540184164 -0.115916063322491 0.784549965727207 NaN
0.378 -0.554450911953805 -0.116582420889297 0.784549965727207 NaN
0.379 -0.554891645697352 -0.117257137375715 0.784549965727207 NaN
0.38 -0.555368013548721 -0.11794017808397 0.784549965727207 NaN
0.381 -0.55587927162707 -0.118631503783314 0.784549965727207 NaN
0.382 -0.556424667140204 -0.119331071895755 0.784549965727207 NaN
0.383 -0.557003445161732 -0.120038835790748 0.784549965727207 NaN
0.384 -0.557614855151854 -0.120754748104163 0.784549965727207 NaN
0.385 -0.558258156999163 -0.121478759803773 0.784549965727207 NaN
0.386 -0.558932626740108 -0.122210823844512 0.784549965727208 NaN
0.387 -0.559637561824054 -0.122950893632449 0.784549965727207 NaN
0.388 -0.560372285665544 -0.12369892560654 0.784549965727207 NaN
0.389 -0.561136152018932 -0.124454879162135 0.784549965727208 NaN
0.39 -0.56192854831101 -0.125218718401509 0.784549965727208 NaN
0.391 -0.562748898598404 -0.12599041190211 0.784549965727208 NaN
0.392 -0.563596666368697 -0.126769934646033 0.784549965727208 NaN
0.393 -0.564471356308534 -0.1275572667441 0.784549965727208 NaN
0.394 -0.565372515319413 -0.128352394933309 0.784549965727208 NaN
0.395 -0.566299733115393 -0.12915531361574 0.784549965727208 NaN
0.396 -0.567252642469488 -0.129966023308343 0.784549965727208 NaN
0.397 -0.568230919127783 -0.13078453287759 0.784549965727208 NaN
0.398 -0.569234281058262 -0.131610857045414 0.784549965727208 NaN
0.399 -0.570262487151074 -0.132445019078807 0.784549965727208 NaN
0.4 -0.571315335424359 -0.133287048867328 0.784549965727208 NaN
0.401 -0.572392661052507 -0.134136983225133 0.784549965727208 NaN
0.402 -0.573494334175525 -0.134994865714986 0.784549965727208 NaN
0.403 -0.57462025743982 -0.135860746312678 0.784549965727208 NaN
0.404 -0.575770363422993 -0.136734681080515 0.784549965727208 NaN
0.405 -0.57694461181009 -0.137616731167022 0.784549965727208 NaN
0.406 -0.578142986331488 -0.138506963434412 0.784549965727208 NaN
0.407 -0.579365492145066 -0.13940545001645 0.784549965727208 NaN
0.408 -0.580612152918561 -0.140312265652298 0.784549965727208 NaN
0.409 -0.581883007890246 -0.141227490197322 0.784549965727208 NaN
0.41 -0.583178109156995 -0.142151205900581 0.784549965727208 NaN
0.411 -0.584497519314636 -0.143083498568894 0.784549965727208 NaN
0.412 -0.585841309035265 -0.14402445553329 0.784549965727208 NaN
0.413 -0.587209554625806 -0.1449741665579 0.784549965727208 NaN
0.414 -0.588602335794694 -0.145932723010522 0.784549965727208 NaN
0.415 -0.590019733808256 -0.146900215970729 0.784549965727207 NaN
0.416 -0.591461830021567 -0.147876738751193 0.784549965727208 NaN
0.417 -0.592928704389479 -0.148862384083374 0.784549965727208 NaN
0.418 -0.594420434302855 -0.149857245463864 0.784549965727208 NaN
0.419 -0.595937093372895 -0.150861415412078 0.784549965727208 NaN
0.42 -0.597478750539082 -0.151874986733855 0.784549965727207 NaN
0.421 -0.599045469147724 -0.152898050557655 0.784549965727207 NaN
0.422 -0.600637306399629 -0.153930697705761 0.784549965727208 NaN
0.423 -0.602254312736801 -0.15497301861401 0.784549965727207 NaN
0.424 -0.60389653127398 -0.15602510088567 0.784549965727207 NaN
0.425 -0.605563997489201 -0.157087032331634 0.784549965727207 NaN
0.426 -0.607256738741804 -0.158158897024575 0.784549965727207 NaN
0.427 -0.608974773847133 -0.159240779567776 0.784549965727207 NaN
0.428 -0.610718112748204 -0.160332761156531 0.784549965727207 NaN
0.429 -0.612486755977146 -0.161434921960602 0.784549965727207 NaN
0.43 -0.614280694210102 -0.162547338550241 0.784549965727207 NaN
0.431 -0.616099907606331 -0.163670086422427 0.784549965727207 NaN
0.432 -0.617944365161954 -0.164803236874414 0.784549965727207 NaN
0.433 -0.619814023928918 -0.165946859303405 0.784549965727207 NaN
0.434 -0.621708828267413 -0.167101020138276 0.784549965727207 NaN
0.435 -0.623628708843759 -0.168265781489517 0.784549965727207 NaN
0.436 -0.625573581690908 -0.16944120148703 0.784549965727207 NaN
0.437 -0.627543347093034 -0.170627335307626 0.784549965727207 NaN
0.438 -0.629537888576821 -0.171824233077352 0.784549965727207 NaN
0.439 -0.631557071651111 -0.173031939718004 0.784549965727207 NaN
0.44 -0.633600742793464 -0.17425049583347 0.784549965727207 NaN
0.441 -0.635668728180851 -0.175479936467758 0.784549965727207 NaN
0.442 -0.637760832650066 -0.176720289775157 0.784549965727207 NaN
0.443 -0.639876838627207 -0.177971579962736 0.784549965727207 NaN
0.444 -0.642016505064752 -0.17923382281055 0.784549965727207 NaN
0.445 -0.644179566670692 -0.180507027600081 0.784549965727207 NaN
0.446 -0.646365732920407 -0.181791197722199 0.784549965727207 NaN
0.447 -0.648574687681019 -0.183086328429802 0.784549965727207 NaN
0.448 -0.650806088615391 -0.184392407386558 0.784549965727207 NaN
0.449 -0.653059566840918 -0.185709415722463 0.784549965727207 NaN
0.45 -0.655334726755513 -0.187037325121075 0.784549965727207 NaN
0.451 -0.657631146127688 -0.188376100255829 0.784549965727208 NaN
0.452 -0.659948376366741 -0.189725698100391 0.784549965727207 NaN
0.453 -0.662285943073737 -0.191086066406981 0.784549965727207 NaN
0.454 -0.66464334650041 -0.192457146511969 0.784549965727208 NaN
0.455 -0.667020062189276 -0.193838870453077 0.784549965727207 NaN
0.456 -0.669415542481405 -0.195231164013719 0.784549965727207 NaN
0.457 -0.671829217495941 -0.196633944115885 0.784549965727207 NaN
0.458 -0.67426049652476 -0.198047120584333 0.784549965727207 NaN
0.459 -0.67670876953098 -0.199470596737741 0.784549965727207 NaN
0.46 -0.679173408838318 -0.200904268786149 0.784549965727208 NaN
0.461 -0.681653770776894 -0.202348025610852 0.784549965727208 NaN
0.462 -0.684149197456119 -0.203801751296186 0.784549965727208 NaN
0.463 -0.686659018749054 -0.205265323747428 0.784549965727207 NaN
0.464 -0.689182554052179 -0.20673861473143 0.784549965727208 NaN
0.465 -0.691719114211017 -0.208221491769825 0.784549965727208 NaN
0.466 -0.694268003376506 -0.209713817292971 0.784549965727208 NaN
0.467 -0.696828520707023 -0.211215449889296 0.784549965727208 NaN
0.468 -0.699399962014415 -0.212726243672031 0.784549965727208 NaN
0.469 -0.701981621394526 -0.214246049459104 0.784549965727208 NaN
0.47 -0.704572792625415 -0.215774714493499 0.784549965727208 NaN
0.471 -0.70717277028506 -0.217312083613135 0.784549965727208 NaN
0.472 -0.709780850951479 -0.218857998335461 0.784549965727208 NaN
0.473 -0.712396333955818 -0.22041229801882 0.784549965727208 NaN
0.474 -0.715018521965378 -0.22197481867016 0.784549965727208 NaN
0.475 -0.71764672145073 -0.223545394663551 0.784549965727208 NaN
0.476 -0.720280242617705 -0.225123858416276 0.784549965727208 NaN
0.477 -0.722918399383016 -0.226710038279526 0.784549965727208 NaN
0.478 -0.725560508913043 -0.228303761784563 0.784549965727208 NaN
0.479 -0.728205890846521 -0.22990485295114 0.784549965727208 NaN
0.48 -0.730853866440374 -0.23151313318207 0.784549965727208 NaN
0.481 -0.733503757253017 -0.233128419540576 0.784549965727208 NaN
0.482 -0.736154883716898 -0.23475052696521 0.784549965727208 NaN
0.483 -0.738806563362271 -0.236379264827096 0.784549965727208 NaN
0.484 -0.741458108963794 -0.238014439279832 0.784549965727208 NaN
0.485 -0.744108826374908 -0.239655850002825 0.784549965727208 NaN
0.486 -0.746758012212196 -0.241303291258974 0.784549965727208 NaN
0.487 -0.749404951468368 -0.242956551352259 0.784549965727208 NaN
0.488 -0.752048914939072 -0.244615410875889 0.784549965727208 NaN
0.489 -0.754689156605613 -0.246279642527647 0.784549965727208 NaN
0.49 -0.757324911013116 -0.247949010749145 0.784549965727208 NaN
0.491 -0.759955390609732 -0.249623269924732 0.784549965727208 NaN
0.492 -0.76257978313751 -0.251302164998765 0.784549965727208 NaN
0.493 -0.765197249149454 -0.252985429914311 0.784549965727208 NaN
0.494 -0.767806919636651 -0.254672786324539 0.784549965727208 NaN
0.495 -0.77040789378793 -0.256363944670305 0.784549965727208 NaN
0.496 -0.77299923708232 -0.258058601773973 0.784549965727208 NaN
0.497 -0.775579979502047 -0.259756441577465 0.784549965727208 NaN
0.498 -0.778149114176599 -0.261457133739012 0.784549965727208 NaN
0.499 -0.780705596251162 -0.263160334140505 0.784549965727208 NaN
0.5 -0.783248342227184 -0.264865683329569 0.784549965727208 NaN
0.501 -0.785776229666666 -0.266572807812967 0.784549965727208 NaN
0.502 -0.788288097258799 -0.26828131892241 0.784549965727208 NaN
0.503 -0.790782745528953 -0.269990813316585 0.784549965727208 NaN
0.504 -0.793258937828076 -0.271700873293836 0.784549965727208 NaN
0.505 -0.7957154018955 -0.273411066794725 0.784549965727208 NaN
0.506 -0.79815083193544 -0.275120948604482 0.784549965727208 NaN
0.507 -0.800563891161166 -0.276830059329828 0.784549965727208 NaN
0.508 -0.802953214804768 -0.278537928439608 0.784549965727208 NaN
0.509 -0.805317413681177 -0.280244073344949 0.784549965727208 NaN
0.51 -0.807655078125493 -0.281948001662584 0.784549965727208 NaN
0.511 -0.809964782402581 -0.28364921225906 0.784549965727208 NaN
0.512 -0.812245089615141 -0.285347195406569 0.784549965727208 NaN
0.513 -0.81449455672041 -0.287041436174822 0.784549965727208 NaN
0.514 -0.816711740280477 -0.288731414706424 0.784549965727208 NaN
0.515 -0.81889520203541 -0.290416608534289 0.784549965727208 NaN
0.516 -0.821043515099388 -0.292096494093117 0.784549965727208 NaN
0.517 -0.823155270133995 -0.293770549031501 0.784549965727208 NaN
0.518 -0.825229081639157 -0.29543825309565 0.784549965727208 NaN
0.519 -0.82726359434998 -0.297099092164009 0.784549965727208 NaN
0.52 -0.829257489661739 -0.298752558052965 0.784549965727208 NaN
0.521 -0.831209491911392 -0.300398152026169 0.784549965727208 NaN
0.522 -0.833118374540565 -0.302035386308082 0.784549965727208 NaN
0.523 -0.834982966139429 -0.303663785484353 0.784549965727208 NaN
0.524 -0.836802156124464 -0.305282890258636 0.784549965727208 NaN
0.525 -0.838574900225525 -0.306892257173282 0.784549965727208 NaN
0.526 -0.840300225459104 -0.308491461884969 0.784549965727208 NaN
0.527 -0.841977234793629 -0.310080100297324 0.784549965727208 NaN
0.528 -0.843605111325017 -0.311657789907939 0.784549965727208 NaN
0.529 -0.845183121860201 -0.313224172274316 0.784549965727208 NaN
0.53 -0.846710620100887 -0.314778912939818 0.784549965727208 NaN
0.531 -0.848187049034555 -0.316321702656476 0.784549965727208 NaN
0.532 -0.84961194295101 -0.317852260641044 0.784549965727208 NaN
0.533 -0.850984928699429 -0.319370331406484 0.784549965727208 NaN
0.534 -0.852305726250217 -0.320875688977513 0.784549965727208 NaN
0.535 -0.853574148792559 -0.322368134973277 0.784549965727208 NaN
0.536 -0.854790101986709 -0.323847499931511 0.784549965727208 NaN
0.537 -0.855953582836569 -0.325313641983875 0.784549965727208 NaN
0.538 -0.857064677630341 -0.32676644876462 0.784549965727208 NaN
0.539 -0.858123559584223 -0.328205834880866 0.784549965727208 NaN
0.54 -0.859130485729639 -0.32963174233077 0.784549965727208 NaN
0.541 -0.860085793352075 -0.331044139968406 0.784549965727208 NaN
0.542 -0.860989895903324 -0.332443020782319 0.784549965727208 NaN
0.543 -0.861843278430495 -0.333828403269084 0.784549965727208 NaN
0.544 -0.862646492692438 -0.335200328347314 0.784549965727208 NaN
0.545 -0.863400151827143 -0.33655885887395 0.784549965727208 NaN
0.546 -0.864104924739443 -0.337904076809055 0.784549965727208 NaN
0.547 -0.864761530040499 -0.33923608309843 0.784549965727208 NaN
0.548 -0.865370730414502 -0.340554995174913 0.784549965727208 NaN
0.549 -0.865933326350802 -0.341860945224552 0.784549965727208 NaN
0.55 -0.866450149650333 -0.343154078460087 0.784549965727208 NaN
0.551 -0.866922057123587 -0.344434550190258 0.784549965727208 NaN
0.552 -0.8673499244472 -0.345702525935008 0.784549965727208 NaN
0.553 -0.867734639992987 -0.346958177164566 0.784549965727208 NaN
0.554 -0.868077098185564 -0.348201680072728 0.784549965727208 NaN
0.555 -0.868378195071226 -0.349433216014581 0.784549965727208 NaN
0.556 -0.86863882203373 -0.350652965960669 0.784549965727208 NaN
0.557 -0.868859859749795 -0.351861111928685 0.784549965727208 NaN
0.558 -0.869042173682646 -0.353057832541335 0.784549965727208 NaN
0.559 -0.869186609152495 -0.354243303948613 0.784549965727208 NaN
0.56 -0.869293986967766 -0.355417696013571 0.784549965727208 NaN
0.561 -0.86936509943717 -0.356581172126164 0.784549965727208 NaN
0.562 -0.869400706998296 -0.357733887596274 0.784549965727208 NaN
0.563 -0.869401534935721 -0.358875988873312 0.784549965727208 NaN
0.564 -0.869368270672786 -0.360007612029831 0.784549965727208 NaN
0.565 -0.869301561336651 -0.36112888192509 0.784549965727208 NaN
0.566 -0.869202011923569 -0.362239912181603 0.784549965727208 NaN
0.567 -0.869070183924351 -0.363340802624393 0.784549965727208 NaN
0.568 -0.868906594181777 -0.364431641496971 0.784549965727208 NaN
0.569 -0.868711714357177 -0.365512502117754 0.784549965727208 NaN
0.57 -0.868485970721366 -0.366583445007227 0.784549965727208 NaN
0.571 -0.86822974420951 -0.367644516726332 0.784549965727208 NaN
0.572 -0.86794337098152 -0.368695750173283 0.784549965727208 NaN
0.573 -0.867627143261235 -0.369737164557524 0.784549965727208 NaN
0.574 -0.867281310372866 -0.370768764931425 0.784549965727208 NaN
0.575 -0.866906080339438 -0.371790543662779 0.784549965727208 NaN
0.576 -0.866501621449471 -0.372802480526909 0.784549965727208 NaN
0.577 -0.866068064226729 -0.373804543128231 0.784549965727208 NaN
0.578 -0.865605503542556 -0.37479668746091 0.784549965727208 NaN
0.579 -0.865114000915876 -0.375778857671964 0.784549965727208 NaN
0.58 -0.864593587039928 -0.376750988900971 0.784549965727208 NaN
0.581 -0.864044264299211 -0.377713006056428 0.784549965727208 NaN
0.582 -0.863466009494137 -0.378664825552845 0.784549965727208 NaN
0.583 -0.86285877668022 -0.379606356245642 0.784549965727208 NaN
0.584 -0.862222499930781 -0.380537499774348 0.784549965727208 NaN
0.585 -0.861557096294124 -0.381458151970883 0.784549965727208 NaN
0.586 -0.860862468708256 -0.38236820400204 0.784549965727208 NaN
0.587 -0.860138508746569 -0.383267542380938 0.784549965727208 NaN
0.588 -0.859385100144249 -0.384156050968827 0.784549965727208 NaN
0.589 -0.858602120039011 -0.385033611529928 0.784549965727208 NaN
0.59 -0.857789443677218 -0.385900104472393 0.784549965727208 NaN
0.591 -0.85694694726331 -0.386755410266453 0.784549965727208 NaN
0.592 -0.856074509110269 -0.387599410234504 0.784549965727208 NaN
0.593 -0.855172012225284 -0.388431987592827 0.784549965727208 NaN
0.594 -0.854239348430132 -0.38925302802035 0.784549965727208 NaN
0.595 -0.853276421118352 -0.390062421496008 0.784549965727208 NaN
0.596 -0.852283147407155 -0.390860062190374 0.784549965727208 NaN
0.597 -0.851259458974881 -0.391645849487536 0.784549965727208 NaN
0.598 -0.850205306440008 -0.392419690143112 0.784549965727208 NaN
0.599 -0.849120658747431 -0.393181497099751 0.784549965727208 NaN
0.6 -0.848005504804394 -0.393931191859214 0.784549965727208 NaN
0.601 -0.846859858550723 -0.394668704171622 0.784549965727208 NaN
0.602 -0.845683761452322 -0.3953939736734 0.784549965727208 NaN
0.603 -0.844477281860037 -0.39610695079235 0.784549965727208 NaN
0.604 -0.843240515227877 -0.396807596063477 0.784549965727208 NaN
0.605 -0.841973586296096 -0.397495882023649 0.784549965727208 NaN
0.606 -0.840676651851452 -0.398171793506894 0.784549965727208 NaN
0.607 -0.839349902219884 -0.398835329701433 0.784549965727208 NaN
0.608 -0.837993561684538 -0.399486501118114 0.784549965727208 NaN
0.609 -0.836607889300738 -0.400125333864072 0.784549965727208 NaN
0.61 -0.835193179416587 -0.400751867495056 0.784549965727208 NaN
0.611 -0.833749762148527 -0.401366156322571 0.784549965727208 NaN
0.612 -0.832278004121035 -0.401968270728635 0.784549965727208 NaN
0.613 -0.830778307580045 -0.402558294244241 0.784549965727208 NaN
0.614 -0.829251109486767 -0.403136326932595 0.784549965727208 NaN
0.615 -0.827696883149668 -0.403702483147474 0.784549965727208 NaN
0.616 -0.826116138456109 -0.404256893474956 0.784549965727208 NaN
0.617 -0.824509419545774 -0.404799703776146 0.784549965727208 NaN
0.618 -0.822877303497127 -0.405331074471598 0.784549965727208 NaN
0.619 -0.821220400726746 -0.40585118197997 0.784549965727208 NaN
0.62 -0.819539354875109 -0.406360216822084 0.784549965727208 NaN
0.621 -0.817834841480289 -0.406858385409221 0.784549965727208 NaN
0.622 -0.816107565986397 -0.407345907234088 0.784549965727207 NaN
0.623 -0.814358261660517 -0.407823016234321 0.784549965727208 NaN
0.624 -0.812587688266885 -0.408289958933364 0.784549965727207 NaN
0.625 -0.810796630381123 -0.408746994387052 0.784549965727207 NaN
0.626 -0.808985895584301 -0.409194393164449 0.784549965727207 NaN
0.627 -0.807156312443436 -0.409632438264562 0.784549965727207 NaN
0.628 -0.805308728448292 -0.410061422188841 0.784549965727208 NaN
0.629 -0.803444007656255 -0.410481646975708 0.784549965727208 NaN
0.63 -0.801563029347248 -0.410893424510892 0.784549965727207 NaN
0.631 -0.799666686327563 -0.411297075004511 0.784549965727207 NaN
0.632 -0.797755882041235 -0.4116929255904 0.784549965727207 NaN
0.633 -0.795831528080053 -0.412081310380442 0.784549965727207 NaN
0.634 -0.793894542616834 -0.412462569357786 0.784549965727207 NaN
0.635 -0.791945849263566 -0.412837047513501 0.784549965727207 NaN
0.636 -0.789986375198562 -0.413205094728101 0.784549965727207 NaN
0.637 -0.788017049083505 -0.413567064871901 0.784549965727207 NaN
0.638 -0.786038799040012 -0.413923314348719 0.784549965727207 NaN
0.639 -0.78405255132622 -0.414274201894185 0.784549965727207 NaN
0.64 -0.782059229291585 -0.414620088829147 0.784549965727207 NaN
0.641 -0.780059752617551 -0.414961337590083 0.784549965727207 NaN
0.642 -0.778055036546853 -0.415298311312199 0.784549965727207 NaN
0.643 -0.776045991101807 -0.415631375298783 0.784549965727207 NaN
0.644 -0.774033520640076 -0.415960894130786 0.784549965727208 NaN
0.645 -0.772018523990161 -0.416287234401036 0.784549965727207 NaN
0.646 -0.770001894296018 -0.416610762656888 0.784549965727207 NaN
0.647 -0.767984519688273 -0.416931846099929 0.784549965727207 NaN
0.648 -0.765967283762707 -0.417250854230971 0.784549965727207 NaN
0.649 -0.763951066447658 -0.417568156264462 0.784549965727207 NaN
0.65 -0.761936744821811 -0.417884124778374 0.784549965727208 NaN
0.651 -0.759925194333678 -0.418199133983723 0.784549965727207 NaN
0.652 -0.757917289965324 -0.418513560722464 0.784549965727207 NaN
0.653 -0.755913907726227 -0.418827786065994 0.784549965727208 NaN
0.654 -0.753915926219328 -0.419142194652893 0.784549965727207 NaN
0.655 -0.751924228232777 -0.419457176300436 0.784549965727208 NaN
0.656 -0.749939702527307 -0.419773126840777 0.784549965727208 NaN
0.657 -0.74796324571072 -0.420090448615844 0.784549965727208 NaN
0.658 -0.745995763917881 -0.420409551489778 0.784549965727208 NaN
0.659 -0.744038174660035 -0.42073085312252 0.784549965727208 NaN
0.66 -0.742091408712731 -0.42105478100652 0.784549965727208 NaN
0.661 -0.74015641159507 -0.421381773185195 0.784549965727208 NaN
0.662 -0.73823414517437 -0.42171227760401 0.784549965727208 NaN
0.663 -0.73632558903847 -0.422046754310289 0.784549965727208 NaN
0.664 -0.734431741432667 -0.42238567505063 0.784549965727208 NaN
0.665 -0.732553620255083 -0.422729524703938 0.784549965727208 NaN
0.666 -0.730692263542756 -0.423078801360647 0.784549965727208 NaN
0.667 -0.728848729873702 -0.423434015836726 0.784549965727208 NaN
0.668 -0.7270240983528 -0.423795692445543 0.784549965727208 NaN
0.669 -0.725219468224278 -0.424164369352582 0.784549965727208 NaN
0.67 -0.723435958212818 -0.424540597813974 0.784549965727208 NaN
0.671 -0.721674705515216 -0.424924941370014 0.784549965727208 NaN
0.672 -0.719936864521727 -0.42531797679625 0.784549965727208 NaN
0.673 -0.718223605117739 -0.425720292623956 0.784549965727207 NaN
0.674 -0.716536110574068 -0.426132486745281 0.784549965727207 NaN
0.675 -0.714875575062994 -0.426555168653651 0.784549965727208 NaN
0.676 -0.713243200928576 -0.426988954985564 0.784549965727207 NaN
0.677 -0.711640195495641 -0.427434470606449 0.784549965727208 NaN
0.678 -0.710067767537191 -0.427892344561391 0.784549965727208 NaN
0.679 -0.708527123553058 -0.428363210522818 0.784549965727207 NaN
0.68 -0.707019463547286 -0.428847703768141 0.784549965727208 NaN
0.681 -0.705545976813811 -0.429346458615504 0.784549965727208 NaN
0.682 -0.704107837249935 -0.429860106947972 0.784549965727208 NaN
0.683 -0.702706198618542 -0.430389275814022 0.784549965727208 NaN
0.684 -0.701342189774885 -0.430934584558676 0.784549965727208 NaN
0.685 -0.700016909654151 -0.431496642663837 0.784549965727208 NaN
0.686 -0.69873142237246 -0.432076046837358 0.784549965727208 NaN
0.687 -0.697486752188905 -0.4326733784748 0.784549965727208 NaN
0.688 -0.696283878685474 -0.433289201540393 0.784549965727208 NaN
0.689 -0.695123732116902 -0.433924058885666 0.784549965727208 NaN
0.69 -0.69400718863401 -0.434578471304534 0.784549965727208 NaN
0.691 -0.692935066109738 -0.435252933657775 0.784549965727208 NaN
0.692 -0.691908119396965 -0.435947912574179 0.784549965727208 NaN
0.693 -0.69092703631532 -0.436663845005363 0.784549965727208 NaN
0.694 -0.689992435851058 -0.437401135482115 0.784549965727207 NaN
0.695 -0.689104865668117 -0.438160155360356 0.784549965727207 NaN
0.696 -0.688264795998001 -0.438941239498041 0.784549965727207 NaN
0.697 -0.687472617189783 -0.439744683685206 0.784549965727207 NaN
0.698 -0.686728640502918 -0.440570745665912 0.784549965727207 NaN
0.699 -0.686033096899136 -0.441419643506297 0.784549965727207 NaN
0.7 -0.685386134970561 -0.442291553028011 0.784549965727207 NaN
0.701 -0.684787819786847 -0.443186609365383 0.784549965727207 NaN
0.702 -0.684238133264269 -0.444104902908246 0.784549965727207 NaN
0.703 -0.683736975171361 -0.445046483977168 0.784549965727207 NaN
0.704 -0.683284163384527 -0.446011358500658 0.784549965727207 NaN
0.705 -0.682879436600675 -0.446999490934693 0.784549965727207 NaN
0.706 -0.682522455155734 -0.448010802771175 0.784549965727207 NaN
0.707 -0.682212804135359 -0.449045175262948 0.784549965727207 NaN
0.708 -0.681950000494052 -0.45010245203479 0.784549965727207 NaN
0.709 -0.681733491985028 -0.451182437279738 0.784549965727207 NaN
0.71 -0.681562653647612 -0.452284895851161 0.784549965727207 NaN
0.711 -0.681436800665292 -0.453409557580513 0.784549965727207 NaN
0.712 -0.68135519743975 -0.454556121519107 0.784549965727207 NaN
0.713 -0.681317058041675 -0.455724255998683 0.784549965727207 NaN
0.714 -0.681321542517004 -0.456913598410855 0.784549965727207 NaN
0.715 -0.681367766730637 -0.458123759498721 0.784549965727207 NaN
0.716 -0.681454820230316 -0.459354330670594 0.784549965727207 NaN
0.717 -0.681581755278452 -0.460604874901692 0.784549965727207 NaN
0.718 -0.681747592758826 -0.461874941237026 0.784549965727207 NaN
0.719 -0.681951331841536 -0.463164066178723 0.784549965727207 NaN
0.72 -0.68219196466936 -0.464471772365196 0.784549965727207 NaN
0.721 -0.682468473300187 -0.465797572886958 0.784549965727207 NaN
0.722 -0.682779833863901 -0.467140976929514 0.784549965727207 NaN
0.723 -0.683125016655102 -0.468501486674293 0.784549965727207 NaN
0.724 -0.683502991664356 -0.469878600873656 0.784549965727207 NaN
0.725 -0.683912740917955 -0.471271820403644 0.784549965727207 NaN
0.726 -0.684353266041786 -0.472680654390888 0.784549965727207 NaN
0.727 -0.684823589923751 -0.47410462208414 0.784549965727207 NaN
0.728 -0.685322765787838 -0.475543246568459 0.784549965727207 NaN
0.729 -0.685849868025677 -0.476996074129218 0.784549965727207 NaN
0.73 -0.686403984106654 -0.478462659388511 0.784549965727207 NaN
0.731 -0.686984234206777 -0.479942569736844 0.784549965727207 NaN
0.732 -0.68758977791386 -0.481435392650816 0.784549965727207 NaN
0.733 -0.688219817524544 -0.482940737544196 0.784549965727207 NaN
0.734 -0.688873595641616 -0.48445823884342 0.784549965727207 NaN
0.735 -0.689550392299139 -0.485987553402072 0.784549965727207 NaN
0.736 -0.6902495275186 -0.487528362460862 0.784549965727207 NaN
0.737 -0.690970363787614 -0.48908037260981 0.784549965727207 NaN
0.738 -0.691712306510112 -0.490643318603722 0.784549965727207 NaN
0.739 -0.692474803928612 -0.492216961435636 0.784549965727207 NaN
0.74 -0.693257346875411 -0.493801089947544 0.784549965727207 NaN
0.741 -0.694059468533375 -0.495395521513708 0.784549965727207 NaN
0.742 -0.694880743561489 -0.497000101293286 0.784549965727207 NaN
0.743 -0.695720787470506 -0.498614702997239 0.784549965727207 NaN
0.744 -0.696579254626559 -0.500239227774919 0.784549965727207 NaN
0.745 -0.697455836661299 -0.501873603195844 0.784549965727207 NaN
0.746 -0.698350260133061 -0.503517783881363 0.784549965727207 NaN
0.747 -0.69926228420807 -0.505171748287261 0.784549965727207 NaN
0.748 -0.700191698460059 -0.506835499906928 0.784549965727207 NaN
0.749 -0.70113832021744 -0.508509064456885 0.784549965727207 NaN
0.75 -0.702101992164371 -0.510192488595989 0.784549965727207 NaN
0.751 -0.703082579677636 -0.511885839859725 0.784549965727207 NaN
0.752 -0.704079967974279 -0.513589202910192 0.784549965727207 NaN
0.753 -0.705094059372528 -0.51530267911095 0.784549965727207 NaN
0.754 -0.706124770090563 -0.517026384959441 0.784549965727207 NaN
0.755 -0.707172027511364 -0.518760448419813 0.784549965727207 NaN
0.756 -0.708235766905127 -0.520505008809417 0.784549965727207 NaN
0.757 -0.709315928484729 -0.522260213681899 0.784549965727207 NaN
0.758 -0.710412454180898 -0.524026216735466 0.784549965727207 NaN
0.759 -0.711525284640549 -0.52580317514632 0.784549965727207 NaN
0.76 -0.712654355928922 -0.52759124791989 0.784549965727207 NaN
0.761 -0.713799596668501 -0.529390593839249 0.784549965727207 NaN
0.762 -0.714960925012772 -0.531201367604967 0.784549965727207 NaN
0.763 -0.716138245893899 -0.533023719812702 0.784549965727207 NaN
0.764 -0.717331454185108 -0.534857790312897 0.784549965727207 NaN
0.765 -0.718540430366786 -0.536703709564779 0.784549965727207 NaN
0.766 -0.719765017323848 -0.538561604525952 0.784549965727207 NaN
0.767 -0.721005033933886 -0.540431580768476 0.784549965727207 NaN
0.768 -0.722260282499994 -0.54231373079843 0.784549965727207 NaN
0.769 -0.723530540129423 -0.544208132442364 0.784549965727207 NaN
0.77 -0.72481555525129 -0.546114839288539 0.784549965727207 NaN
0.771 -0.726115045755342 -0.548033885448383 0.784549965727207 NaN
0.772 -0.727428711673138 -0.549965292157811 0.784549965727207 NaN
0.773 -0.728756218664107 -0.55190904093156 0.784549965727207 NaN
0.774 -0.730097161451595 -0.553865093735664 0.784549965727207 NaN
0.775 -0.731451115534089 -0.555833381647097 0.784549965727207 NaN
0.776 -0.732817638964774 -0.557813815424931 0.784549965727207 NaN
0.777 -0.734196253101418 -0.55980627822167 0.784549965727207 NaN
0.778 -0.735586440516615 -0.561810625629026 0.784549965727207 NaN
0.779 -0.736987643046787 -0.563826687489655 0.784549965727207 NaN
0.78 -0.738399262712063 -0.565854260681749 0.784549965727207 NaN
0.781 -0.73982063924232 -0.567893089980178 0.784549965727207 NaN
0.782 -0.74125108340029 -0.569942891773094 0.784549965727207 NaN
0.783 -0.742689910721092 -0.572003375284012 0.784549965727206 NaN
0.784 -0.744136421668166 -0.574074228492524 0.784549965727207 NaN
0.785 -0.745589868802931 -0.576155093881411 0.784549965727207 NaN
0.786 -0.747049470983568 -0.578245594789557 0.784549965727206 NaN
0.787 -0.748514415426181 -0.580345324386066 0.784549965727207 NaN
0.788 -0.749983868500509 -0.582453847677969 0.784549965727207 NaN
0.789 -0.751456964445031 -0.584570704623947 0.784549965727207 NaN
0.79 -0.752932814733078 -0.586695410438199 0.784549965727207 NaN
0.791 -0.754410511760651 -0.588827457126263 0.784549965727207 NaN
0.792 -0.755889125976173 -0.590966313524241 0.784549965727207 NaN
0.793 -0.757367709019525 -0.593111426685566 0.784549965727207 NaN
0.794 -0.758845301784706 -0.595262226416113 0.784549965727207 NaN
0.795 -0.760320938310405 -0.597418126572259 0.784549965727207 NaN
0.796 -0.761793647455214 -0.599578526082736 0.784549965727207 NaN
0.797 -0.763262451711358 -0.601742811017963 0.784549965727207 NaN
0.798 -0.764726367075765 -0.603910353134417 0.784549965727207 NaN
0.799 -0.766184403528779 -0.606080511854976 0.784549965727207 NaN
0.8 -0.767635570390292 -0.608252636723462 0.784549965727207 NaN
0.801 -0.769078879529657 -0.610426071244345 0.784549965727207 NaN
0.802 -0.77051334583022 -0.612600151713475 0.784549965727207 NaN
0.803 -0.771937988206877 -0.614774208011477 0.784549965727207 NaN
0.804 -0.773351831169944 -0.616947565987724 0.784549965727207 NaN
0.805 -0.774753907611985 -0.619119548811543 0.784549965727207 NaN
0.806 -0.77614325810412 -0.621289476934519 0.784549965727207 NaN
0.807 -0.777518930941074 -0.623456668995868 0.784549965727207 NaN
0.808 -0.778879983168781 -0.625620442667586 0.784549965727207 NaN
0.809 -0.780225482350757 -0.627780115861678 0.784549965727207 NaN
0.81 -0.781554506776946 -0.629935008258511 0.784549965727207 NaN
0.811 -0.78286614505897 -0.632084441230487 0.784549965727207 NaN
0.812 -0.784159495676098 -0.634227736957572 0.784549965727207 NaN
0.813 -0.78543366624577 -0.63636421911097 0.784549965727207 NaN
0.814 -0.786687772998948 -0.638493212974432 0.784549965727207 NaN
0.815 -0.787920940215693 -0.640614044967624 0.784549965727207 NaN
0.816 -0.789132299795852 -0.642726042245921 0.784549965727207 NaN
0.817 -0.79032098998233 -0.644828534522741 0.784549965727207 NaN
0.818 -0.791486155123735 -0.646920851743129 0.784549965727207 NaN
0.819 -0.792626944830299 -0.649002326612265 0.784549965727207 NaN
0.82 -0.793742513840602 -0.651072292493597 0.784549965727207 NaN
0.821 -0.794832020789229 -0.65313008431688 0.784549965727207 NaN
0.822 -0.795894626315079 -0.655175037182847 0.784549965727207 NaN
0.823 -0.796929491946588 -0.657206487716808 0.784549965727207 NaN
0.824 -0.79793578003852 -0.659223772519611 0.784549965727207 NaN
0.825 -0.79891265331638 -0.661226228120453 0.784549965727207 NaN
0.826 -0.79985927456849 -0.663213190831222 0.784549965727207 NaN
0.827 -0.800774805498926 -0.665183996530068 0.784549965727207 NaN
0.828 -0.801658402098012 -0.667137981456583 0.784549965727207 NaN
0.829 -0.802509217945412 -0.66907448110069 0.784549965727207 NaN
0.83 -0.803326405186433 -0.670992832425174 0.784549965727207 NaN
0.831 -0.804109113333726 -0.672892369953247 0.784549965727207 NaN
0.832 -0.804856489497641 -0.674772429579202 0.784549965727207 NaN
0.833 -0.805567679938281 -0.676632346643902 0.784549965727207 NaN
0.834 -0.806241830858541 -0.678471459415221 0.784549965727207 NaN
0.835 -0.806878089731365 -0.680289109010238 0.784549965727207 NaN
0.836 -0.807475605168735 -0.682084640857006 0.784549965727207 NaN
0.837 -0.808033531729118 -0.683857406332674 0.784549965727207 NaN
0.838 -0.808551031623849 -0.685606761537258 0.784549965727207 NaN
0.839 -0.809027275767715 -0.687332069750299 0.784549965727207 NaN
0.84 -0.809461445322212 -0.689032702057271 0.784549965727207 NaN
0.841 -0.809852734629078 -0.690708039549981 0.784549965727207 NaN
0.842 -0.8102003548022 -0.692357475366572 0.784549965727207 NaN
0.843 -0.810503536027477 -0.693980415905699 0.784549965727207 NaN
0.844 -0.810761531332108 -0.695576282463685 0.784549965727207 NaN
0.845 -0.810973620262393 -0.697144514029597 0.784549965727207 NaN
0.846 -0.811139111096101 -0.698684568384131 0.784549965727207 NaN
0.847 -0.811257344312769 -0.70019592507212 0.784549965727207 NaN
0.848 -0.811327696491624 -0.701678086396805 0.784549965727207 NaN
0.849 -0.811349584180177 -0.703130579251582 0.784549965727207 NaN
0.85 -0.811322466965063 -0.704552957617934 0.784549965727207 NaN
0.851 -0.811245849883667 -0.705944805321636 0.784549965727207 NaN
0.852 -0.811119285655367 -0.707305735513903 0.784549965727207 NaN
0.853 -0.81094237735152 -0.708635393686794 0.784549965727207 NaN
0.854 -0.810714781562958 -0.70993345885996 0.784549965727207 NaN
0.855 -0.810436208412975 -0.711199643334838 0.784549965727207 NaN
0.856 -0.810106426179206 -0.712433696448843 0.784549965727207 NaN
0.857 -0.809725265286834 -0.71363540486679 0.784549965727207 NaN
0.858 -0.809292617356647 -0.71480459242464 0.784549965727207 NaN
0.859 -0.808808434975369 -0.715941120993595 0.784549965727207 NaN
0.86 -0.808272734225971 -0.717044891651763 0.784549965727207 NaN
0.861 -0.807685597459914 -0.718115845679934 0.784549965727207 NaN
0.862 -0.80704717421604 -0.719153963928315 0.784549965727207 NaN
0.863 -0.806357679544827 -0.720159272335272 0.784549965727207 NaN
0.864 -0.805617392635524 -0.721131833687645 0.784549965727207 NaN
0.865 -0.804826657676476 -0.722071744488903 0.784549965727207 NaN
0.866 -0.803985887681977 -0.722979147265088 0.784549965727207 NaN
0.867 -0.803095560952722 -0.723854230573877 0.784549965727207 NaN
0.868 -0.802156212410729 -0.724697213734469 0.784549965727207 NaN
0.869 -0.801168433181104 -0.725508350500124 0.784549965727207 NaN
0.87 -0.80013286761574 -0.726287925248252 0.784549965727207 NaN
0.871 -0.799050212337505 -0.7270362553659 0.784549965727207 NaN
0.872 -0.797921220622429 -0.727753696270558 0.784549965727207 NaN
0.873 -0.796746697864413 -0.728440639105663 0.784549965727206 NaN
0.874 -0.795527491854888 -0.729097500674249 0.784549965727206 NaN
0.875 -0.794264484513926 -0.729724715628089 0.784549965727207 NaN
0.876 -0.792958590402906 -0.730322739214373 0.784549965727206 NaN
0.877 -0.791610757848364 -0.730892051693517 0.784549965727207 NaN
0.878 -0.790221967004007 -0.731433155907827 0.784549965727206 NaN
0.879 -0.788793224536394 -0.731946575249592 0.784549965727207 NaN
0.88 -0.787325558842423 -0.732432849151291 0.784549965727206 NaN
0.881 -0.785820011022017 -0.732892532355842 0.784549965727206 NaN
0.882 -0.784277621581216 -0.733326184987957 0.784549965727207 NaN
0.883 -0.782699459923678 -0.733734368507476 0.784549965727207 NaN
0.884 -0.781086606410029 -0.734117659885284 0.784549965727207 NaN
0.885 -0.779440132980405 -0.734476644565413 0.784549965727206 NaN
0.886 -0.777761099764912 -0.734811903536862 0.784549965727207 NaN
0.887 -0.776050554865342 -0.735124006435045 0.784549965727206 NaN
0.888 -0.774309543925452 -0.735413516040002 0.784549965727207 NaN
0.889 -0.772539112850826 -0.735681001050414 0.784549965727207 NaN
0.89 -0.77074028686433 -0.735927027792134 0.784549965727207 NaN
0.891 -0.768914060973587 -0.736152148669518 0.784549965727207 NaN
0.892 -0.767061402512423 -0.73635690396165 0.784549965727207 NaN
0.893 -0.765183245771081 -0.736541818670247 0.784549965727207 NaN
0.894 -0.763280498436159 -0.736707403444442 0.784549965727207 NaN
0.895 -0.761354054358992 -0.736854164326572 0.784549965727207 NaN
0.896 -0.759404777578225 -0.736982594859515 0.784549965727207 NaN
0.897 -0.757433482132446 -0.737093160921435 0.784549965727207 NaN
0.898 -0.755440945187315 -0.73718630887104 0.784549965727207 NaN
0.899 -0.75342791089436 -0.737262468277846 0.784549965727207 NaN
0.9 -0.751395086278185 -0.737322052451439 0.784549965727207 NaN
0.901 -0.749343140075215 -0.737365454196337 0.784549965727207 NaN
0.902 -0.747272704917832 -0.737393045648908 0.784549965727207 NaN
0.903 -0.74518436867435 -0.737405182326928 0.784549965727207 NaN
0.904 -0.743078674609898 -0.737402191520514 0.784549965727207 NaN
0.905 -0.740956150838185 -0.737384389413669 0.784549965727207 NaN
0.906 -0.738817290482218 -0.737352078537927 0.784549965727207 NaN
0.907 -0.73666252314604 -0.737305530565671 0.784549965727207 NaN
0.908 -0.734492245178134 -0.737244993569106 0.784549965727207 NaN
0.909 -0.732306846460905 -0.737170711785718 0.784549965727207 NaN
0.91 -0.730106696323423 -0.737082923624841 0.784549965727206 NaN
0.911 -0.727892123871413 -0.736981847527745 0.784549965727206 NaN
0.912 -0.725663419190555 -0.736867676375402 0.784549965727206 NaN
0.913 -0.723420846076702 -0.736740588901042 0.784549965727206 NaN
0.914 -0.721164655978925 -0.736600756648668 0.784549965727207 NaN
0.915 -0.718895088681585 -0.736448346528997 0.784549965727207 NaN
0.916 -0.716612371398366 -0.73628351929653 0.784549965727206 NaN
0.917 -0.714316718773457 -0.736106428612302 0.784549965727207 NaN
0.918 -0.712008336211993 -0.735917222291846 0.784549965727206 NaN
0.919 -0.709687424038114 -0.735716044959467 0.784549965727207 NaN
0.92 -0.707354181667616 -0.735503041718717 0.784549965727207 NaN
0.921 -0.705008808675826 -0.735278358740081 0.784549965727207 NaN
0.922 -0.702651508297028 -0.735042147156324 0.784549965727207 NaN
0.923 -0.700282489705046 -0.734794564527699 0.784549965727207 NaN
0.924 -0.697901969746273 -0.734535773367563 0.784549965727207 NaN
0.925 -0.695510177378186 -0.73426594465193 0.784549965727207 NaN
0.926 -0.693107355656891 -0.733985258876727 0.784549965727207 NaN
0.927 -0.690693764777535 -0.733693907704075 0.784549965727207 NaN
0.928 -0.688269684809483 -0.733392095688201 0.784549965727207 NaN
0.929 -0.685835414795586 -0.733080042418783 0.784549965727207 NaN
0.93 -0.683391276659731 -0.732757981138007 0.784549965727207 NaN
0.931 -0.680937618157593 -0.732426162502639 0.784549965727207 NaN
0.932 -0.6784748140627 -0.732084854316523 0.784549965727207 NaN
0.933 -0.676003267732793 -0.731734343488648 0.784549965727207 NaN
0.934 -0.673523411677609 -0.731374935514272 0.784549965727207 NaN
0.935 -0.671035708258936 -0.731006957064516 0.784549965727207 NaN
0.936 -0.668540648919888 -0.730630753754552 0.784549965727207 NaN
0.937 -0.666038754224897 -0.730246690672673 0.784549965727207 NaN
0.938 -0.663530573822767 -0.729855152689378 0.784549965727207 NaN
0.939 -0.661016686555451 -0.729456544883056 0.784549965727207 NaN
0.94 -0.658497699701632 -0.729051291425846 0.784549965727207 NaN
0.941 -0.655974248250782 -0.728639834922783 0.784549965727207 NaN
0.942 -0.653446993356203 -0.728222636156734 0.784549965727207 NaN
0.943 -0.650916621043616 -0.727800171273976 0.784549965727207 NaN
0.944 -0.648383841654202 -0.727372934074712 0.784549965727207 NaN
0.945 -0.645849386936021 -0.726941432636016 0.784549965727207 NaN
0.946 -0.643314008285313 -0.726506186574481 0.784549965727207 NaN
0.947 -0.640778475116562 -0.726067728435566 0.784549965727207 NaN
0.948 -0.638243572700328 -0.72562660093292 0.784549965727207 NaN
0.949 -0.635710100162602 -0.725183356245238 0.784549965727207 NaN
0.95 -0.633178868051716 -0.724738553994694 0.784549965727207 NaN
0.951 -0.630650696245627 -0.724292760537708 0.784549965727207 NaN
0.952 -0.628126411600246 -0.723846546926594 0.784549965727207 NaN
0.953 -0.625606845521399 -0.723400487720043 0.784549965727207 NaN
0.954 -0.623092831578449 -0.722955158361665 0.784549965727207 NaN
0.955 -0.620585203101395 -0.722511134789048 0.784549965727207 NaN
0.956 -0.618084790992904 -0.72206899099869 0.784549965727207 NaN
0.957 -0.615592421297475 -0.721629297249245 0.784549965727207 NaN
0.958 -0.613108913235318 -0.721192618869698 0.784549965727207 NaN
0.959 -0.610635077164785 -0.720759515456683 0.784549965727207 NaN
0.96 -0.608171713038275 -0.720330537138313 0.784549965727207 NaN
0.961 -0.605719608550259 -0.719906226416668 0.784549965727207 NaN
0.962 -0.603279537908338 -0.719487115131981 0.784549965727207 NaN
0.963 -0.600852261119728 -0.719073725270324 0.784549965727207 NaN
0.964 -0.59843852247526 -0.718666566266662 0.784549965727207 NaN
0.965 -0.596039050110071 -0.718266137334408 0.784549965727207 NaN
0.966 -0.593654555711602 -0.717872924833166 0.784549965727207 NaN
0.967 -0.591285734230973 -0.71748740337976 0.784549965727207 NaN
0.968 -0.588933263377955 -0.717110034992765 0.784549965727207 NaN
0.969 -0.5865978040764 -0.716741270456991 0.784549965727207 NaN
0.97 -0.584280000172089 -0.716381547930693 0.784549965727207 NaN
0.971 -0.581980479375951 -0.71603129506506 0.784549965727207 NaN
0.972 -0.579699853238658 -0.715690928188394 0.784549965727206 NaN
0.973 -0.577438717749506 -0.715360852446479 0.784549965727207 NaN
0.974 -0.575197653972233 -0.71504146388702 0.784549965727207 NaN
0.975 -0.572977228460149 -0.71473314773088 0.784549965727207 NaN
0.976 -0.570777994113025 -0.714436281090033 0.784549965727207 NaN
0.977 -0.568600491000297 -0.714151232133286 0.784549965727207 NaN
0.978 -0.566445246543692 -0.713878360801405 0.784549965727207 NaN
0.979 -0.564312776865031 -0.713618020983046 0.784549965727207 NaN
0.98 -0.56220358692647 -0.713370558421176 0.784549965727207 NaN
0.981 -0.560118171476128 -0.713136314154662 0.784549965727207 NaN
0.982 -0.558057015248947 -0.712915622711332 0.784549965727207 NaN
0.983 -0.556020593453573 -0.712708814218593 0.784549965727207 NaN
0.984 -0.554009372240797 -0.712516213492186 0.784549965727207 NaN
0.985 -0.552023808695768 -0.712338141648382 0.784549965727207 NaN
0.986 -0.550064350825634 -0.712174915335004 0.784549965727207 NaN
0.987 -0.548131437093808 -0.712026846329006 0.784549965727207 NaN
0.988 -0.546225496070681 -0.711894241922871 0.784549965727207 NaN
0.989 -0.544346946087145 -0.711777404970342 0.784549965727207 NaN
0.99 -0.542496194776876 -0.711676632865117 0.784549965727207 NaN
0.991 -0.540673637715006 -0.711592217111328 0.784549965727207 NaN
0.992 -0.53887965735003 -0.711524442602196 0.784549965727207 NaN
0.993 -0.537114621841372 -0.711473586955041 0.784549965727207 NaN
0.994 -0.535378883941482 -0.71143991915685 0.784549965727207 NaN
0.995 -0.533672779379629 -0.711423698967692 0.784549965727207 NaN
0.996 -0.531996625458587 -0.711425175556387 0.784549965727207 NaN
0.997 -0.530350718724888 -0.711444586403893 0.784549965727207 NaN
0.998 -0.528735333635339 -0.711482155240688 0.784549965727207 NaN
0.999 -0.527150720832282 -0.711538091565196 0.784549965727207 NaN
1 -0.525597105262358 -0.711612588297331 0.784549965727207 NaN
