"Time, Y-Force, Work integrand, Mass, Mass error"
0.04 0.00543069852156225 2.31671299277875e-10 0.784549965727208 NaN
0.08 -0.000442099549436486 -4.61189574470628e-09 0.784549965727207 NaN
0.12 0.00389848109188173 1.04692845930788e-07 0.784549965727207 NaN
0.16 0.00174837615289364 7.30282558809954e-08 0.784549965727207 NaN
0.2 -0.00413165071541596 -3.48886232465491e-06 0.784549965727207 NaN
0.24 -0.0113349052681206 -2.08801198504793e-05 0.784549965727207 NaN
0.28 -0.0300251837134616 -9.98472402990335e-05 0.784549965727207 NaN
0.32 -0.0544590818293463 -0.000293841477186429 0.784549965727206 NaN
0.36 -0.0719496572666439 -0.000501837272480385 0.784549965727206 NaN
0.4 -0.0677381807835681 -0.000436146808609358 0.784549965727206 NaN
0.44 -0.00781973885381654 2.77240685543256e-05 0.784549965727207 NaN
0.48 0.139059925387679 -0.00168367098993132 0.784549965727206 NaN
0.52 0.39424680112571 -0.0155296932391741 0.784549965727205 NaN
0.56 0.765513420435266 -0.0635441792476287 0.784549965727204 NaN
0.6 1.21760765112104 -0.175558940346534 0.784549965727204 NaN
0.64 1.65915586642991 -0.363452202566832 0.784549965727204 NaN
0.68 1.91921924670339 -0.57039670441838 0.784549965727205 NaN
0.72 1.75648399916223 -0.640688188105674 0.784549965727205 NaN
0.76 1.07658609978774 -0.443817773422845 0.784549965727205 NaN
0.8 -0.132399589933067 0.0242069907505257 0.784549965727204 NaN
0.84 -1.99768996791029 0.515733744721286 0.784549965727204 NaN
0.88 -4.20826328138649 0.306833587829247 0.784549965727204 NaN
0.92 -6.25264328692339 -1.17681477046737 0.784549965727204 NaN
0.96 -7.63371823657855 -3.75244106416821 0.784549965727204 NaN
1 -7.83866072103611 -6.30562637536742 0.784549965727204 NaN
1.04 -6.49586089367535 -7.15586095717951 0.784549965727203 NaN
1.08 -3.60038740436455 -5.11201478251822 0.784549965727204 NaN
1.12 0.23916703745863 -0.632264535882385 0.784549965727204 NaN
1.16 3.89880739189228 4.06150999606798 0.784549965727204 NaN
1.2 6.32641179647347 6.60503668594296 0.784549965727204 NaN
1.24 7.13756101156999 6.2515679922294 0.784549965727204 NaN
1.28 7.03970154141801 3.90661064327758 0.784549965727205 NaN
1.32 7.11041062615981 0.702213594976476 0.784549965727204 NaN
1.36 7.5051169823474 -2.71772964695486 0.784549965727205 NaN
1.4 8.09960968007112 -6.47041543698459 0.784549965727204 NaN
1.44 8.65922205540501 -10.8327260772833 0.784549965727205 NaN
1.48 7.38609410846751 -11.8112839227462 0.784549965727204 NaN
1.52 4.4159694207456 -8.08697262368056 0.784549965727204 NaN
1.56 0.771406398891606 -2.83387538364774 0.784549965727204 NaN
1.6 -2.84097482056345 2.91289894626319 0.784549965727204 NaN
1.64 -4.98181224968566 6.8224195743798 0.784549965727202 NaN
1.68 -6.33227370757545 8.6161113398505 0.784549965727202 NaN
1.72 -7.1680206611072 8.87951956611369 0.784549965727202 NaN
1.76 -7.12130559964708 7.11112116712055 0.784549965727202 NaN
1.8 -7.37466280315729 3.59054910005963 0.784549965727202 NaN
1.84 -7.7743647574252 -0.4745444894258 0.784549965727203 NaN
1.88 -8.43143904654922 -4.1639457928603 0.784549965727203 NaN
1.92 -8.76732700680479 -9.29237185555914 0.784549965727203 NaN
1.96 -8.09981335566187 -12.2899014076155 0.784549965727203 NaN
2 -6.80253220038997 -11.3095768226473 0.784549965727203 NaN
2.04 -4.00461411791889 -7.94777069102971 0.784549965727203 NaN
2.08 -0.509017939320398 -3.47805608035203 0.784549965727203 NaN
2.12 2.66916926762454 3.63537590010057 0.784549965727202 NaN
2.16 5.63208628783806 9.03901748616097 0.784549965727202 NaN
2.2 7.23668727686833 10.1909472358655 0.784549965727202 NaN
2.24 6.66648332300716 9.38745803797365 0.784549965727202 NaN
2.28 6.42226413323116 7.22970027182093 0.784549965727202 NaN
2.32 6.28033921725173 3.13268243726907 0.784549965727202 NaN
2.36 6.66195394310711 -0.233648722939454 0.784549965727202 NaN
2.4 8.70732414610473 -4.34066989100854 0.784549965727202 NaN
2.44 11.3430981839871 -12.444880430799 0.784549965727202 NaN
2.48 10.7698355092425 -16.2561720376911 0.784549965727203 NaN
2.52 7.13918333829253 -12.1554541218276 0.784549965727202 NaN
2.56 2.56251458682097 -5.84618320927168 0.784549965727202 NaN
2.6 -3.37774894191717 4.52750916618359 0.784549965727201 NaN
2.64 -4.81489558037624 8.3194898525163 0.784549965727201 NaN
2.68 -4.7496390382318 6.82609019624323 0.784549965727202 NaN
2.72 -4.73897062081081 6.32456194028175 0.784549965727202 NaN
2.76 -3.62091342272895 6.77776546504467 0.784549965727201 NaN
2.8 -5.09578958848033 6.29661770890165 0.784549965727201 NaN
2.84 -7.85623593846212 3.60215734544381 0.784549965727201 NaN
2.88 -9.6180194754353 -0.00950774924328337 0.784549965727201 NaN
2.92 -11.4749962790431 -5.55686798846755 0.784549965727201 NaN
2.96 -10.3442057436098 -11.3782580980462 0.784549965727201 NaN
3 -8.41674106287984 -12.4834804476218 0.784549965727202 NaN
3.04 -6.43159723462125 -10.7735424793194 0.784549965727201 NaN
3.08 -3.11885376623531 -6.36961265862337 0.784549965727201 NaN
3.12 0.817050245905554 0.593280576713992 0.784549965727201 NaN
3.16 3.25341116653449 5.58447414306909 0.784549965727201 NaN
3.2 4.93790575161415 7.87758602108265 0.7845499657272 NaN
3.24 5.7566532940399 8.54037357179266 0.7845499657272 NaN
3.28 5.55778641884152 8.01423010736486 0.784549965727201 NaN
3.32 6.01028099367624 6.30252773694978 0.784549965727199 1.01887784417807e-14
3.36 6.70225792830625 3.59247550901997 0.784549965727199 1.03302892534721e-14
3.4 7.16075583981234 0.299394683118447 0.784549965727199 1.04718000651635e-14
3.44 9.38180318006405 -4.37687535654088 0.784549965727199 1.07548216885463e-14
3.48 11.9589113375508 -11.648441532264 0.784549965727198 1.11793541236204e-14
3.52 10.7307207540835 -14.709199648109 0.784549965727199 1.08963325002377e-14
3.56 7.75177507263452 -12.3243836750668 0.784549965727198 1.13208649353118e-14
3.6 2.71775640852677 -5.79966915153553 0.784549965727198 1.13208649353118e-14
3.64 -3.60875639145724 4.76976256325595 0.784549965727198 1.23114406171516e-14
3.68 -5.51594350560747 8.8932828755482 0.784549965727197 1.25944622405344e-14
3.72 -5.43870232285573 7.54587693843418 0.784549965727198 1.20284189937688e-14
3.76 -4.54808086892452 5.57522993341079 0.784549965727199 1.10378433119291e-14
3.8 -2.99167956078791 5.33209916197113 0.784549965727198 1.23114406171516e-14
3.84 -4.12338412663369 5.56923754209 0.784549965727197 1.31605054873e-14
3.88 -5.59797982847302 3.4551438090332 0.784549965727197 1.33020162989914e-14
3.92 -8.27033039772464 0.703820799648366 0.784549965727196 1.3868059545757e-14
3.96 -12.0242381059318 -4.7672689164467 0.784549965727195 1.51416568509796e-14
4 -12.4613712040698 -11.2461146264506 0.784549965727196 1.40095703574484e-14
4.04 -10.7483237317308 -14.1192041330696 0.784549965727195 1.5283167662671e-14
4.08 -7.59862031655878 -11.9179087640204 0.784549965727196 1.3868059545757e-14
4.12 -3.14565600188139 -5.84397639271585 0.784549965727196 1.37265487340656e-14
4.16 2.67963909237001 3.29091188322204 0.784549965727196 1.3868059545757e-14
4.2 5.1085512949058 7.94118668574087 0.784549965727196 1.44341027925226e-14
4.24 5.25252892839204 7.9719045967393 0.784549965727196 1.4575613604214e-14
4.28 4.49630518393495 5.97811211643598 0.784549965727196 1.48586352275968e-14
4.32 2.51972925825034 4.29434832809941 0.784549965727196 1.48586352275968e-14
4.36 3.83260899708827 5.3448588590475 0.784549965727196 1.4575613604214e-14
4.4 5.68307037778129 4.16736076335796 0.784549965727195 1.51416568509796e-14
4.44 7.64471286254335 0.979287490964299 0.784549965727195 1.5990721721128e-14
4.48 11.4460714630511 -3.82065463492685 0.784549965727195 1.54246784743624e-14
4.52 14.0951395663197 -12.0067437710323 0.784549965727195 1.50001460392882e-14
4.56 12.94576938885 -17.2188190282368 0.784549965727195 1.50001460392882e-14
4.6 8.55264143282879 -13.3322047323131 0.784549965727196 1.44341027925226e-14
4.64 1.57167398776437 -3.94308804738118 0.784549965727195 1.50001460392882e-14
4.68 -5.44241844262837 7.40844267328587 0.784549965727195 1.51416568509796e-14
4.72 -7.00440020671536 11.7798897380424 0.784549965727195 1.51416568509796e-14
4.76 -5.08733424999791 7.10229535974764 0.784549965727195 1.51416568509796e-14
4.8 -2.70273006132983 2.40004989779009 0.784549965727194 1.6698275779585e-14
4.84 -0.770079087130691 2.83357885493245 0.784549965727194 1.64152541562022e-14
4.88 -2.34315826707984 4.66911335411804 0.784549965727194 1.68397865912764e-14
4.92 -5.33077206860651 3.84619956411571 0.784549965727194 1.69812974029678e-14
4.96 -9.6421082507839 1.57821048294015 0.784549965727195 1.5283167662671e-14
5 -14.5468715881489 -4.35018181906137 0.784549965727196 1.47171244159054e-14
5.04 -13.7418293307611 -11.5549269372457 0.784549965727196 1.48586352275968e-14
5.08 -10.8179087636692 -13.6164818126827 0.784549965727196 1.4575613604214e-14
5.12 -6.94152144705665 -10.3763592243272 0.784549965727196 1.44341027925226e-14
5.16 -1.58657202160168 -3.55705228704727 0.784549965727195 1.50001460392882e-14
5.2 3.60037057749773 4.63495779715449 0.784549965727196 1.48586352275968e-14
5.24 4.93198242612181 7.78913317735652 0.784549965727196 1.47171244159054e-14
5.28 4.03579889274416 5.85986944570214 0.784549965727195 1.51416568509796e-14
5.32 2.25815019363177 2.66824423486172 0.784549965727194 1.65567649678936e-14
5.36 1.36089413300799 3.01638812415243 0.784549965727195 1.57077000977452e-14
5.4 3.81839951007274 5.32982012617104 0.784549965727195 1.54246784743624e-14
5.44 6.4365477682898 4.91308463806931 0.784549965727195 1.5990721721128e-14
5.48 8.6621480556154 1.89959538769333 0.784549965727195 1.57077000977452e-14
5.52 11.9578881699401 -3.12920393586736 0.784549965727195 1.61322325328194e-14
5.56 14.179459655599 -10.9881699781928 0.784549965727195 1.57077000977452e-14
5.6 12.7653370726228 -15.8283534363963 0.784549965727195 1.5990721721128e-14
5.64 8.35703449325205 -12.25540714521 0.784549965727195 1.55661892860538e-14
5.68 1.1749755705254 -3.39686119923322 0.784549965727195 1.50001460392882e-14
5.72 -5.54210779635252 7.55311100817743 0.784549965727196 1.44341027925226e-14
5.76 -6.42030217853471 10.7603251006667 0.784549965727196 1.4575613604214e-14
5.8 -3.92746549606765 4.47007268285847 0.784549965727196 1.40095703574484e-14
5.84 -1.08409808431705 -0.306562142124315 0.784549965727196 1.44341027925226e-14
5.88 0.573027063293444 1.22557611170614 0.784549965727195 1.5990721721128e-14
5.92 -1.60358462362953 4.00845009501862 0.784549965727195 1.54246784743624e-14
5.96 -5.10255976494938 4.07908281907274 0.784549965727195 1.61322325328194e-14
6 -10.8450966519383 2.74021709815324 0.784549965727194 1.72643190263506e-14
6.04 -16.1228003406403 -3.4600117405098 0.784549965727193 1.78303622731162e-14
6.08 -15.760151996573 -10.9135025707665 0.784549965727194 1.71228082146592e-14
6.12 -11.38106528254 -12.951855345682 0.784549965727193 1.79718730848076e-14
6.16 -6.18572478035595 -9.50469426858113 0.784549965727193 1.85379163315731e-14
6.2 -0.321923053229248 -2.14652585215957 0.784549965727193 1.83964055198818e-14
6.24 5.18092713404383 6.84195859856194 0.784549965727193 1.8113383896499e-14
6.28 4.79416014974029 7.14189697455619 0.784549965727192 1.96700028251043e-14
6.32 2.74012171848991 3.32354060752432 0.78454996572719 2.16511541887839e-14
6.36 -0.322654552499764 -1.12683748660642 0.784549965727191 2.12266217537097e-14
6.4 -0.213766321675755 0.802981989467366 0.78454996572719 2.19341758121667e-14
6.44 3.70670431128032 5.40241276816577 0.78454996572719 2.23587082472409e-14
6.48 7.19817027220093 6.16139390398378 0.78454996572719 2.20756866238581e-14
6.52 10.9292716915033 3.30403870441026 0.78454996572719 2.22171974355495e-14
6.56 13.5208174166948 -2.34485497030247 0.78454996572719 2.17926650004753e-14
6.6 14.8480106544988 -10.006783435408 0.78454996572719 2.15096433770925e-14
6.64 12.3831552872127 -14.1208829639244 0.784549965727191 2.06605785069441e-14
6.68 6.09976301997157 -9.00603112221783 0.784549965727191 2.12266217537097e-14
6.72 -0.37048594341526 -1.72835928340951 0.784549965727191 2.12266217537097e-14
6.76 -6.77023405945266 8.7182113103391 0.784549965727191 2.12266217537097e-14
6.8 -5.6949158629479 8.86525970036969 0.78454996572719 2.19341758121667e-14
6.84 -1.38245019288547 -0.0363103273174552 0.78454996572719 2.16511541887839e-14
6.88 1.36101659440673 -3.40866615118825 0.78454996572719 2.23587082472409e-14
6.92 2.00192177337588 -0.289765538749723 0.784549965727189 2.27832406823151e-14
6.96 -1.87948844609618 4.18913776976542 0.784549965727189 2.34907947407721e-14
7 -6.99243061302551 5.61177273014866 0.784549965727189 2.26417298706237e-14
7.04 -13.0370552547346 4.33424911255776 0.78454996572719 2.16511541887839e-14
7.08 -17.6106317602025 -2.31715942292969 0.784549965727191 2.09436001303269e-14
7.12 -15.2116729516001 -9.54956054106722 0.78454996572719 2.16511541887839e-14
7.16 -9.55662580436841 -10.1663485013532 0.78454996572719 2.22171974355495e-14
7.2 -4.50882075441198 -6.90775467214192 0.784549965727189 2.33492839290807e-14
7.24 1.05506005712231 -0.575611449604867 0.784549965727189 2.34907947407721e-14
7.28 4.32863946165297 5.62261192872351 0.784549965727188 2.40568379875377e-14
7.32 2.66322672938194 3.60486667656401 0.784549965727189 2.27832406823151e-14
7.36 0.22862319683821 -1.26207764675478 0.784549965727189 2.26417298706237e-14
7.4 -2.97983587940364 -4.99145317440539 0.78454996572719 2.22171974355495e-14
7.44 -0.642861610986877 0.211429349420848 0.784549965727189 2.26417298706237e-14
7.48 4.44450002857899 6.53234068691869 0.784549965727189 2.32077731173893e-14
7.52 8.84177101501673 8.02383200993565 0.784549965727188 2.39153271758463e-14
7.56 12.6605319695367 4.92120558904635 0.784549965727189 2.36323055524635e-14
7.6 13.4271532519942 -1.20101232039017 0.78454996572719 2.22171974355495e-14
7.64 14.5248769228724 -8.45858747049387 0.784549965727191 2.10851109420183e-14
7.68 11.5330345744267 -12.1126951353766 0.784549965727191 2.05190676952527e-14
7.72 4.94085944767494 -7.81056929806663 0.784549965727191 2.12266217537097e-14
7.76 -0.253213582302574 -2.67323208415824 0.78454996572719 2.22171974355495e-14
7.8 -5.96089413514739 7.95127610525718 0.784549965727189 2.36323055524635e-14
7.84 -3.51648548783338 5.50039568497542 0.78454996572719 2.13681325654011e-14
7.88 0.762849504961263 -3.31196864961111 0.78454996572719 2.20756866238581e-14
7.92 2.08151192370123 -3.66505125856517 0.784549965727191 2.12266217537097e-14
7.96 1.58330924449584 -0.370641414710132 0.784549965727191 2.12266217537097e-14
8 -2.91822463626995 4.40026555357869 0.784549965727191 2.06605785069441e-14
8.04 -8.63599999069749 7.44923454571146 0.784549965727191 2.05190676952527e-14
8.08 -14.1433021555998 6.02737103008321 0.784549965727191 2.02360460718699e-14
8.12 -18.7295123169498 -0.910241750708374 0.784549965727191 2.05190676952527e-14
8.16 -13.9906928147334 -7.3532515625167 0.78454996572719 2.20756866238581e-14
8.2 -7.57652144142458 -7.87163846116341 0.78454996572719 2.13681325654011e-14
8.24 -2.3750912268572 -4.6051112967218 0.78454996572719 2.16511541887839e-14
8.28 2.39561806046347 1.08301666430765 0.78454996572719 2.16511541887839e-14
8.32 2.84155041370712 3.52089566254576 0.78454996572719 2.16511541887839e-14
8.36 0.0767145423677882 -1.1195962823988 0.78454996572719 2.22171974355495e-14
8.4 -3.36310781239048 -7.2313298919961 0.78454996572719 2.13681325654011e-14
8.44 -4.63324388643216 -7.39956455025457 0.78454996572719 2.17926650004753e-14
8.48 0.517885756565667 1.33403000673065 0.784549965727189 2.27832406823151e-14
8.52 6.79810794513619 9.26745648583961 0.784549965727188 2.43398596109205e-14
8.56 11.7649276534606 11.2050619793225 0.784549965727188 2.43398596109205e-14
8.6 13.5618462595089 6.38815238201777 0.784549965727188 2.46228812343033e-14
8.64 12.581072517457 -0.0878850515359942 0.784549965727188 2.44813704226119e-14
8.68 11.9666145084057 -6.02522430649473 0.784549965727188 2.40568379875377e-14
8.72 8.06576136721027 -8.618818057618 0.784549965727189 2.37738163641549e-14
8.76 3.68604878618252 -6.77348502398228 0.784549965727189 2.37738163641549e-14
8.8 0.551052808403902 -3.39975230216633 0.784549965727188 2.49059028576861e-14
8.84 -2.32769502722499 3.13538906754359 0.784549965727187 2.54719461044517e-14
8.88 0.410420915214904 -1.00704898544879 0.784549965727186 2.7028565033057e-14
8.92 2.30771953466267 -5.28130610583706 0.784549965727186 2.73115866564398e-14
8.96 1.77418598762136 -3.0799778506514 0.784549965727186 2.75946082798226e-14
9 -0.173753444847807 0.572503876217314 0.784549965727184 2.92927380201194e-14
9.04 -5.2866301722914 6.77611071064321 0.784549965727184 2.9858781266885e-14
9.08 -9.85083134946213 9.31605690055752 0.784549965727184 2.95757596435022e-14
9.12 -14.3223318640182 7.3513688149025 0.784549965727184 2.97172704551936e-14
9.16 -16.5318976448823 0.572159203121795 0.784549965727184 2.97172704551936e-14
9.2 -11.4787759967237 -4.97488736854263 0.784549965727183 3.08493569487248e-14
9.24 -6.83498573015865 -6.68070116121663 0.784549965727184 3.00002920785764e-14
9.28 -1.94577489620148 -4.60175152206889 0.784549965727184 2.97172704551936e-14
9.32 0.628999732545464 -1.52909822273647 0.784549965727183 3.08493569487248e-14
9.36 -0.0539520484607392 -0.831951544322037 0.784549965727182 3.15569110071818e-14
9.4 -2.31905623556898 -5.13577411836894 0.784549965727182 3.15569110071818e-14
9.44 -4.90908642249823 -9.8516758464244 0.784549965727183 3.09908677604162e-14
9.48 -3.02581149499756 -5.08521634235471 0.784549965727183 3.0566335325342e-14
9.52 2.85104292070625 4.26945602522302 0.784549965727183 3.14154001954904e-14
9.56 9.04888554685379 12.1470770677876 0.784549965727182 3.25474866890216e-14
9.6 12.4589527318562 12.7632969576278 0.784549965727182 3.24059758773302e-14
9.64 12.2003335203806 6.84973896786899 0.784549965727182 3.22644650656388e-14
9.68 10.9129998162847 0.834800311171801 0.784549965727182 3.24059758773302e-14
9.72 9.63205776729574 -4.02668910832238 0.784549965727182 3.16984218188732e-14
9.76 6.60910779126545 -6.74082317493605 0.784549965727182 3.22644650656388e-14
9.8 4.42614720022637 -7.21231153149458 0.784549965727182 3.2688997500713e-14
9.84 2.46896432236345 -5.03538634914486 0.784549965727182 3.1981443442256e-14
9.88 0.86879829899551 -1.96805569524279 0.784549965727183 3.02833137019592e-14
9.92 2.22761505115903 -5.07044078324097 0.784549965727184 2.97172704551936e-14
9.96 1.97602293716202 -4.63045657868873 0.784549965727184 2.9858781266885e-14
10 0.298324060018563 -1.23172744570349 0.784549965727184 3.01418028902678e-14
10.04 -2.31301369551696 2.68967696048037 0.784549965727184 3.01418028902678e-14
10.08 -6.72703070222761 9.13441163634443 0.784549965727184 3.00002920785764e-14
10.12 -9.67390717515096 10.3319797714316 0.784549965727184 2.92927380201194e-14
10.16 -13.3798906392769 7.85598428592625 0.784549965727183 3.07078461370334e-14
10.2 -13.3717736591097 1.58882542280758 0.784549965727184 3.00002920785764e-14
10.24 -8.71228577818164 -3.26878897746226 0.784549965727184 3.00002920785764e-14
10.28 -5.97081308100928 -5.78153806947953 0.784549965727184 2.90097163967366e-14
10.32 -2.87263690917615 -5.3322056944003 0.784549965727185 2.81606515265882e-14
10.36 -2.59232954042294 -5.11967301447776 0.784549965727184 2.9151227208428e-14
10.4 -3.43621171955461 -5.96118478704199 0.784549965727184 2.95757596435022e-14
10.44 -4.40950960043413 -8.58301984762511 0.784549965727184 2.9858781266885e-14
10.48 -4.09378836032299 -8.39356189130415 0.784549965727183 3.02833137019592e-14
10.52 -0.398358692312835 -1.2709102759245 0.784549965727184 3.00002920785764e-14
10.56 5.07228551483627 7.4838298022167 0.784549965727184 3.00002920785764e-14
10.6 9.87423157711449 13.6462728389301 0.784549965727182 3.16984218188732e-14
10.64 10.9939956309707 12.1985400732465 0.784549965727184 2.9858781266885e-14
10.68 9.75259671126698 6.4453122274339 0.784549965727183 3.11323785721076e-14
10.72 8.12657059285581 1.34004160696177 0.784549965727183 3.02833137019592e-14
10.76 7.63740310585384 -2.5532751584631 0.784549965727184 3.01418028902678e-14
10.8 7.48747059347587 -6.58768650597105 0.784549965727184 2.9858781266885e-14
10.84 7.49401975605509 -9.92752169953279 0.784549965727184 3.01418028902678e-14
10.88 6.26421946056542 -9.85656386060027 0.784549965727183 3.09908677604162e-14
10.92 4.32964268160773 -7.9279158405312 0.784549965727182 3.24059758773302e-14
10.96 2.07395652120894 -4.87801805272658 0.784549965727182 3.16984218188732e-14
11 -0.539857030438243 -0.0548320733057116 0.784549965727183 3.11323785721076e-14
11.04 -2.74131841665062 3.44676819531067 0.784549965727183 3.08493569487248e-14
11.08 -4.68080379715252 6.20027827993053 0.784549965727182 3.18399326305646e-14
11.12 -6.33417918914785 8.95312294552464 0.784549965727183 3.1273889383799e-14
11.16 -7.56045485161126 9.05371771367707 0.784549965727182 3.24059758773302e-14
11.2 -10.0244922431669 6.98631261986819 0.784549965727182 3.18399326305646e-14
11.24 -10.5267637399598 2.19508782468317 0.784549965727182 3.18399326305646e-14
11.28 -9.14260206304349 -2.56638778029639 0.784549965727183 3.09908677604162e-14
11.32 -7.53732342175565 -6.36808433436834 0.784549965727183 3.14154001954904e-14
11.36 -5.39212027160035 -7.80170719616216 0.784549965727182 3.22644650656388e-14
11.4 -4.93397598827201 -7.95488901440687 0.784549965727181 3.339655155917e-14
11.44 -4.56325005408239 -7.6842894011808 0.784549965727181 3.35380623708613e-14
11.48 -3.89599001914184 -8.01691773751167 0.784549965727181 3.39625948059355e-14
11.52 -2.16636975125583 -5.10822788151383 0.784549965727181 3.31135299357872e-14
11.56 1.35147680622365 1.83312964121664 0.78454996572718 3.41041056176269e-14
11.6 5.52469732557451 8.26746059864624 0.78454996572718 3.41041056176269e-14
11.64 8.56413864921376 12.0023582758652 0.784549965727181 3.39625948059355e-14
11.68 9.08824951575405 10.7703130820683 0.78454996572718 3.42456164293183e-14
11.72 8.14607565194349 6.20291604317929 0.784549965727181 3.35380623708613e-14
11.76 6.87249331279037 1.77165192382976 0.78454996572718 3.48116596760839e-14
11.8 6.9160636067862 -1.69477639723784 0.784549965727178 3.66513002280721e-14
11.84 8.08851460320707 -6.36166080027186 0.784549965727179 3.62267677929979e-14
11.88 9.46641486194961 -11.7358898153693 0.78454996572718 3.52361921111581e-14
11.92 8.69981919057297 -13.1148941399146 0.784549965727179 3.55192137345409e-14
11.96 5.68027571281957 -10.0031255948482 0.784549965727179 3.63682786046893e-14
12 1.23897131604159 -3.14236061086784 0.784549965727178 3.72173434748377e-14
12.04 -2.54053917782592 3.96265943796448 0.784549965727178 3.73588542865291e-14
12.08 -4.05920719671341 5.83897877427171 0.784549965727178 3.79248975332947e-14
12.12 -4.76619818748799 6.29890840251707 0.784549965727178 3.76418759099119e-14
12.16 -4.56153497561183 6.66693460855121 0.784549965727177 3.89154732151345e-14
12.2 -5.08827053387845 6.8135508767744 0.784549965727176 3.93400056502087e-14
12.24 -7.30312328467938 5.97906280644224 0.784549965727177 3.82079191566775e-14
12.28 -9.23881879201089 2.73566135729649 0.784549965727178 3.76418759099119e-14
12.32 -11.073533018514 -2.03570889842555 0.784549965727177 3.86324515917517e-14
12.36 -10.5700241136746 -7.24437634506267 0.784549965727177 3.82079191566775e-14
12.4 -8.50949847668443 -10.3184610234618 0.784549965727176 3.93400056502087e-14
12.44 -6.40342882889769 -9.88100657222229 0.784549965727177 3.90569840268259e-14
12.48 -4.05416384536898 -6.9946400803968 0.784549965727177 3.82079191566775e-14
12.52 -1.61026697722321 -3.98526050850188 0.784549965727176 3.97645380852829e-14
12.56 0.448898423544961 -0.426093762236705 0.784549965727177 3.90569840268259e-14
12.6 2.29344613436403 3.2470854075003 0.784549965727177 3.84909407800603e-14
12.64 4.02671085999639 5.65762619964203 0.784549965727177 3.89154732151345e-14
12.68 5.78304032273108 8.1608203191643 0.784549965727177 3.80664083449861e-14
12.72 6.87308345690297 8.7792888348387 0.784549965727177 3.84909407800603e-14
12.76 7.30066789308385 6.35119708876908 0.784549965727176 3.94815164619001e-14
12.8 7.73711545209026 2.66287227108719 0.784549965727176 3.96230272735915e-14
12.84 8.90706819656962 -1.27242452358055 0.784549965727176 4.04720921437399e-14
12.88 10.5911037212085 -6.96009281357674 0.784549965727175 4.10381353905054e-14
12.92 10.8359381374872 -12.4113628452589 0.784549965727176 4.03305813320485e-14
12.96 8.36251601549648 -12.1662129383312 0.784549965727175 4.11796462021968e-14
13 3.87097940183932 -6.95964942585483 0.784549965727174 4.20287110723452e-14
13.04 -1.41153054219439 0.88951922685757 0.784549965727174 4.18872002606538e-14
13.08 -3.57431058384737 5.31082293417277 0.784549965727175 4.07551137671226e-14
13.12 -3.19454444530503 4.24463335367739 0.784549965727175 4.06136029554313e-14
13.16 -2.39263327884846 2.367369277038 0.784549965727173 4.34438191892592e-14
13.2 -1.67443509192331 2.74150713856243 0.784549965727174 4.27362651308022e-14
13.24 -3.70029635505654 5.57923030086071 0.784549965727172 4.45759056827904e-14
13.28 -6.88754388089686 6.17479375568591 0.784549965727172 4.4434394871099e-14
13.32 -11.0813232451223 4.14539319205206 0.784549965727173 4.42928840594076e-14
13.36 -13.2989872235507 -1.29638898983949 0.784549965727172 4.5141948929556e-14
13.4 -11.7314001402115 -7.00170274790185 0.784549965727172 4.48589273061732e-14
13.44 -8.70967940136632 -9.63715253109529 0.784549965727172 4.47174164944818e-14
13.48 -5.35419428991566 -8.03022572681977 0.784549965727173 4.3726840812642e-14
13.52 -2.56635454690095 -4.77208096821359 0.784549965727174 4.28777759424936e-14
13.56 -0.209690283513556 -1.37322697131502 0.784549965727173 4.33023083775678e-14
13.6 0.38749825371704 -0.472231931191565 0.784549965727172 4.4434394871099e-14
13.64 0.520459178931186 -0.207443850693216 0.784549965727172 4.47174164944818e-14
13.68 1.25417146488682 1.18550025854737 0.784549965727173 4.38683516243334e-14
13.72 3.33500136202667 4.93183675416888 0.784549965727172 4.4434394871099e-14
13.76 6.30016479158254 8.65940488368963 0.784549965727173 4.40098624360248e-14
13.8 8.20801464817102 7.85707927208752 0.784549965727173 4.42928840594076e-14
13.84 9.26468126856329 3.94212912994295 0.784549965727173 4.3726840812642e-14
13.88 10.4016041496053 -0.563897718209854 0.784549965727172 4.4434394871099e-14
13.92 11.7345894581544 -6.52936435504931 0.784549965727172 4.4434394871099e-14
13.96 10.9436393124616 -11.514551300698 0.784549965727173 4.42928840594076e-14
14 7.42464649282876 -10.5894465976745 0.784549965727172 4.45759056827904e-14
14.04 2.66943129420267 -5.41259463013796 0.784549965727172 4.4434394871099e-14
14.08 -2.00411101001947 2.00366886319413 0.784549965727171 4.5849502988013e-14
14.12 -2.46619946649886 3.60484432085328 0.784549965727171 4.61325246113958e-14
14.16 -1.1942479419011 0.736807342388877 0.784549965727172 4.55664813646302e-14
14.2 -0.562971179670835 -0.333201472894248 0.784549965727172 4.50004381178646e-14
14.24 -0.82583364010989 1.32885225135324 0.784549965727172 4.52834597412474e-14
14.28 -4.11577297137467 5.80011554495696 0.784549965727172 4.50004381178646e-14
14.32 -8.19275411559361 7.77463671834721 0.784549965727172 4.45759056827904e-14
14.36 -13.3101463033653 6.10606090879564 0.784549965727173 4.38683516243334e-14
14.4 -14.8776598082962 -0.180162401540755 0.784549965727172 4.4434394871099e-14
14.44 -11.3265927758583 -5.69222049708697 0.784549965727173 4.35853300009506e-14
14.48 -6.70504118258131 -7.21822111618805 0.784549965727173 4.41513732477162e-14
14.52 -2.81417859518985 -4.99628569812786 0.784549965727172 4.4434394871099e-14
14.56 -1.26187553603901 -2.91989364383675 0.784549965727171 4.59910137997044e-14
14.6 -1.05682691121091 -2.58152474345447 0.784549965727171 4.66985678581614e-14
14.64 -2.47354617597992 -5.91977700585385 0.784549965727171 4.62740354230872e-14
14.68 -2.87965467967679 -6.25978440729933 0.784549965727171 4.59910137997044e-14
14.72 -0.626735879398331 -1.54094396291397 0.784549965727171 4.62740354230872e-14
14.76 4.38764402710446 6.32447053612341 0.784549965727171 4.5849502988013e-14
14.8 8.99948692240824 12.1321186489086 0.784549965727171 4.62740354230872e-14
14.84 10.516563393161 10.5609431876263 0.78454996572717 4.69815894815442e-14
14.88 9.96351497223331 5.02494498310824 0.78454996572717 4.7264611104927e-14
14.92 9.10828576206489 0.277297427320182 0.784549965727169 4.82551867867667e-14
14.96 8.89107545574325 -4.33747525457455 0.784549965727171 4.5849502988013e-14
15 8.31904249180609 -8.71844215123046 0.784549965727172 4.54249705529388e-14
15.04 6.88453331579105 -9.76336304404949 0.784549965727172 4.5141948929556e-14
15.08 4.12177247655142 -7.04928072839566 0.784549965727173 4.42928840594076e-14
15.12 1.29356257253849 -2.92472876668738 0.784549965727172 4.50004381178646e-14
15.16 0.21515672779495 -0.951447826121237 0.784549965727172 4.52834597412474e-14
15.2 -0.313359410320902 -0.55247720531207 0.784549965727172 4.52834597412474e-14
15.24 -1.31986174629636 0.813118104315114 0.784549965727171 4.61325246113958e-14
15.28 -2.54396231462476 3.11284724378299 0.784549965727171 4.57079921763216e-14
15.32 -5.1497038939167 7.16989432930134 0.784549965727172 4.55664813646302e-14
15.36 -8.4278018667438 8.86876850739138 0.784549965727172 4.55664813646302e-14
15.4 -12.6354217744765 6.85017984342393 0.784549965727173 4.41513732477162e-14
15.44 -13.2051797776525 0.952641705157888 0.784549965727173 4.38683516243334e-14
15.48 -10.3254156104954 -4.21919810504742 0.784549965727173 4.35853300009506e-14
15.52 -6.45765327586479 -6.48303979892587 0.784549965727173 4.38683516243334e-14
15.56 -3.10653765849464 -5.40302131459191 0.784549965727173 4.35853300009506e-14
15.6 -2.7241449293462 -4.9207600588312 0.784549965727173 4.33023083775678e-14
15.64 -3.32542714722402 -6.26626047004808 0.784549965727173 4.31607975658764e-14
15.68 -4.40577983760929 -9.32051922615403 0.784549965727174 4.28777759424936e-14
15.72 -3.30510412001403 -6.98934343999162 0.784549965727174 4.18872002606538e-14
15.76 0.629039510881195 0.279532096375239 0.784549965727175 4.1604178637271e-14
15.8 6.42157321678064 9.28538750678861 0.784549965727174 4.21702218840366e-14
15.84 10.4816910841082 14.3356523514763 0.784549965727174 4.3019286754185e-14
15.88 10.3950017595311 11.116462846693 0.784549965727174 4.3019286754185e-14
15.92 8.74456582681038 5.20611524410453 0.784549965727174 4.25947543191108e-14
15.96 7.07960662425053 0.843144983317789 0.784549965727174 4.2311732695728e-14
16 6.97540512825659 -2.80717200599511 0.784549965727174 4.2311732695728e-14
16.04 7.80860364113232 -7.51050238370327 0.784549965727174 4.21702218840366e-14
16.08 8.56680628382872 -11.0289568970831 0.784549965727174 4.21702218840366e-14
16.12 6.85967606033803 -10.3012952910196 0.784549965727175 4.10381353905054e-14
16.16 3.96071064876396 -7.48614851251447 0.784549965727174 4.24532435074194e-14
16.2 0.348053410814932 -1.9556595328453 0.784549965727174 4.20287110723452e-14
16.24 -2.03892367531785 2.40042060171297 0.784549965727174 4.18872002606538e-14
16.28 -3.46323399992201 4.16663987144138 0.784549965727174 4.18872002606538e-14
16.32 -4.29981684905141 5.49062412319253 0.784549965727175 4.10381353905054e-14
16.36 -4.65846663890996 6.93746389847885 0.784549965727176 3.97645380852829e-14
16.4 -6.66901174683278 7.91923156378896 0.784549965727175 4.07551137671226e-14
16.44 -9.5624730127675 6.1567720077309 0.784549965727176 4.04720921437399e-14
16.48 -10.7112074606444 1.70403234036168 0.784549965727176 4.01890705203571e-14
16.52 -10.2875637013118 -3.32939391547772 0.784549965727175 4.1604178637271e-14
16.56 -7.94856936166853 -7.1349085058377 0.784549965727175 4.17456894489624e-14
16.6 -5.70781277038691 -8.136737459297 0.784549965727175 4.10381353905054e-14
16.64 -4.94009436270104 -7.47167030838816 0.784549965727174 4.27362651308022e-14
16.68 -4.28321099505425 -7.164008804067 0.784549965727175 4.1604178637271e-14
16.72 -3.16901259005897 -6.88914267105374 0.784549965727175 4.08966245788141e-14
16.76 -1.09882030551015 -2.88990981936928 0.784549965727176 4.00475597086657e-14
16.8 2.04330991324776 2.54653277340626 0.784549965727176 3.99060488969743e-14
16.84 5.73038139396454 7.80161891650849 0.784549965727175 4.06136029554313e-14
16.88 7.95637921165144 11.3221789053098 0.784549965727175 4.10381353905054e-14
16.92 8.02705543094629 9.62050183518361 0.784549965727175 4.11796462021968e-14
16.96 7.39741985730959 5.22366219655372 0.784549965727175 4.11796462021968e-14
17 6.85224046205748 1.41446933975071 0.784549965727175 4.1604178637271e-14
17.04 8.14480689016046 -2.37712697140176 0.784549965727175 4.10381353905054e-14
17.08 10.071983318137 -8.21652924739436 0.784549965727175 4.10381353905054e-14
17.12 11.0012583752146 -13.2889683646464 0.784549965727175 4.14626678255796e-14
17.16 8.20633209655021 -12.0939371928859 0.784549965727175 4.1604178637271e-14
17.2 3.69050115049947 -6.84513195822692 0.784549965727174 4.28777759424936e-14
17.24 -1.62096935953641 1.69853271463546 0.784549965727173 4.40098624360248e-14
17.28 -3.43708090384276 5.12930784733748 0.784549965727173 4.41513732477162e-14
17.32 -3.63188471279214 4.5408342558828 0.784549965727172 4.4434394871099e-14
17.36 -3.16559683887082 3.49408764886884 0.784549965727172 4.47174164944818e-14
17.4 -2.72310119072999 4.12528752469436 0.784549965727173 4.38683516243334e-14
17.44 -5.22969498780459 6.79343148530434 0.784549965727173 4.35853300009506e-14
17.48 -8.20935651032147 6.29570835305487 0.784549965727173 4.33023083775678e-14
17.52 -11.9636492281728 2.93453337810281 0.784549965727173 4.3726840812642e-14
17.56 -12.494078591519 -2.89031288788548 0.784549965727174 4.24532435074194e-14
17.6 -9.63610490768746 -7.37355000349307 0.784549965727174 4.20287110723452e-14
17.64 -6.30856803171114 -8.34696912868784 0.784549965727174 4.20287110723452e-14
17.68 -4.26512289126345 -6.46265984357356 0.784549965727175 4.17456894489624e-14
17.72 -2.69887296058076 -4.71340515174292 0.784549965727175 4.11796462021968e-14
17.76 -1.63072150788005 -4.40700899568577 0.784549965727175 4.17456894489624e-14
17.8 -1.15430610362634 -3.41771253135505 0.784549965727175 4.14626678255796e-14
17.84 0.471520834753891 -0.151170612158852 0.784549965727175 4.08966245788141e-14
17.88 3.10910656587169 3.98739554942276 0.784549965727176 4.04720921437399e-14
17.92 6.4427584740573 9.48452949443469 0.784549965727175 4.13211570138882e-14
17.96 8.00777532717428 10.1013596208407 0.784549965727175 4.14626678255796e-14
18 8.46526370499242 6.63582500305482 0.784549965727175 4.08966245788141e-14
18.04 8.10149878150085 2.29225918969686 0.784549965727176 4.00475597086657e-14
18.08 9.03914469227939 -1.80511835207457 0.784549965727176 3.97645380852829e-14
18.12 10.244492490279 -7.59052270393135 0.784549965727177 3.89154732151345e-14
18.16 10.1739563105232 -11.8874810918579 0.784549965727177 3.82079191566775e-14
18.2 6.97097789513694 -10.070389174633 0.784549965727176 3.93400056502087e-14
18.24 2.62059710174389 -4.97368423300321 0.784549965727176 3.96230272735915e-14
18.28 -1.60398079211621 1.86204976607297 0.784549965727176 3.93400056502087e-14
18.32 -1.83279794411273 2.37755754162192 0.784549965727176 3.97645380852829e-14
18.36 -1.50123886212947 0.835464984469492 0.784549965727176 3.94815164619001e-14
18.4 -1.02745018588675 0.0600014897071833 0.784549965727178 3.75003650982205e-14
18.44 -1.81372741423077 2.74491710751535 0.784549965727179 3.63682786046893e-14
18.48 -5.35794151462776 7.27076408440435 0.784549965727179 3.56607245462323e-14
18.52 -9.73967602844363 8.07623485531075 0.784549965727179 3.56607245462323e-14
18.56 -14.2424625103737 4.542525143449 0.784549965727178 3.72173434748377e-14
18.6 -13.3077570302955 -1.88575965087259 0.784549965727179 3.63682786046893e-14
18.64 -9.38355707116127 -6.11427599540448 0.784549965727179 3.56607245462323e-14
18.68 -4.70333985470119 -6.29227608312544 0.784549965727179 3.65097894163807e-14
18.72 -2.77614088819328 -4.92346110138084 0.784549965727179 3.65097894163807e-14
18.76 -2.41480106819386 -4.50952459870649 0.784549965727179 3.58022353579237e-14
18.8 -3.25661601005737 -6.97570919494069 0.784549965727179 3.60852569813065e-14
18.84 -3.73808279127489 -8.09601628141856 0.784549965727179 3.53777029228495e-14
18.88 -1.57086493195236 -3.68794349570095 0.784549965727179 3.62267677929979e-14
18.92 2.77035918389261 3.50979043784318 0.784549965727178 3.67928110397635e-14
18.96 8.34733294267368 12.2012358546428 0.784549965727179 3.63682786046893e-14
19 9.96155843393043 12.6871492882907 0.784549965727178 3.69343218514549e-14
19.04 9.49110156633145 8.07505838995538 0.784549965727178 3.73588542865291e-14
19.08 7.66272060877992 2.79456594786313 0.784549965727178 3.69343218514549e-14
19.12 7.77636422344801 -0.868183332910659 0.784549965727179 3.56607245462323e-14
19.16 8.53650508302341 -5.64847490378158 0.78454996572718 3.49531704877753e-14
19.2 9.34793179577185 -10.0941827724804 0.784549965727179 3.56607245462323e-14
19.24 7.44228681152849 -10.0787851654302 0.784549965727179 3.63682786046893e-14
19.28 4.13814422286716 -7.07603759848573 0.784549965727179 3.56607245462323e-14
19.32 0.3156366802528 -1.8905857515087 0.784549965727179 3.55192137345409e-14
19.36 -1.00423016875609 0.232710320176695 0.784549965727179 3.59437461696151e-14
19.4 -1.7242035348737 1.17231556482418 0.784549965727178 3.69343218514549e-14
19.44 -2.17503267568071 1.73593662559915 0.784549965727179 3.58022353579237e-14
19.48 -2.82112668840557 4.0724789736553 0.784549965727178 3.67928110397635e-14
19.52 -5.48072121971346 7.87436026137562 0.784549965727179 3.65097894163807e-14
19.56 -9.40189647296906 8.65827220023855 0.784549965727178 3.66513002280721e-14
19.6 -12.9650307488799 5.20631313549597 0.784549965727178 3.72173434748377e-14
19.64 -11.5839066709127 -0.682907499045567 0.784549965727178 3.73588542865291e-14
19.68 -8.34590404955354 -4.88061265265787 0.784549965727178 3.73588542865291e-14
19.72 -4.26632925055342 -5.77089777704521 0.784549965727178 3.76418759099119e-14
19.76 -3.89731160580201 -5.87558031882748 0.784549965727177 3.80664083449861e-14
19.8 -4.56503517224624 -7.19384827599124 0.784549965727178 3.67928110397635e-14
19.84 -5.35207378612864 -10.2925872053209 0.784549965727179 3.58022353579237e-14
19.88 -4.29047947815089 -8.87793471241212 0.784549965727179 3.56607245462323e-14
19.92 -0.785314230753566 -2.33504272764733 0.784549965727179 3.56607245462323e-14
19.96 4.38818211650044 5.78768480976477 0.784549965727179 3.62267677929979e-14
20 8.99096092242292 13.3483206172986 0.784549965727178 3.69343218514549e-14
20.04 9.21695732887121 12.592082142093 0.784549965727179 3.62267677929979e-14
20.08 8.06035793946478 7.61986103014458 0.784549965727179 3.62267677929979e-14
20.12 5.54911228728644 2.61225687470921 0.784549965727177 3.82079191566775e-14
20.16 6.50589450422783 -0.123673315944036 0.784549965727177 3.83494299683689e-14
20.2 8.51886360645212 -4.69660849408887 0.784549965727177 3.89154732151345e-14
20.24 11.8138485354087 -11.3817279266157 0.784549965727177 3.90569840268259e-14
20.28 10.2452883108557 -13.1592577766005 0.784549965727177 3.91984948385173e-14
20.32 6.32662743328896 -10.3759496827503 0.784549965727177 3.87739624034431e-14
20.36 0.540445899605459 -2.45221912411068 0.784549965727176 3.99060488969743e-14
20.4 -2.72002363565536 3.43953701215501 0.784549965727176 3.97645380852829e-14
20.44 -3.33635987144768 4.17095487450266 0.784549965727177 3.90569840268259e-14
20.48 -3.53150950081261 3.88025179053905 0.784549965727177 3.82079191566775e-14
20.52 -1.93150359066167 2.65171698775372 0.784549965727178 3.75003650982205e-14
20.56 -4.08573899148847 6.40493054722929 0.784549965727178 3.79248975332947e-14
20.6 -7.31460934353991 7.69752266220691 0.784549965727178 3.73588542865291e-14
20.64 -11.7956379127685 5.80316007171389 0.784549965727178 3.72173434748377e-14
20.68 -12.5326651998156 0.317372243510497 0.784549965727177 3.87739624034431e-14
20.72 -9.73488439113171 -4.68742768445113 0.784549965727177 3.90569840268259e-14
20.76 -5.63093563877303 -6.50422640892869 0.784549965727177 3.90569840268259e-14
20.8 -4.57441378255161 -6.37981919114967 0.784549965727176 3.97645380852829e-14
20.84 -4.61075883157754 -7.14288761122565 0.784549965727175 4.1604178637271e-14
20.88 -4.52204810430798 -9.04678331498267 0.784549965727175 4.1604178637271e-14
20.92 -3.51439116204627 -7.82428138206567 0.784549965727175 4.17456894489624e-14
20.96 -0.612420202853526 -2.2486489983004 0.784549965727176 4.04720921437399e-14
21 3.39370225347266 4.28754119409282 0.784549965727176 4.04720921437399e-14
21.04 7.45721612274639 11.3768914402862 0.784549965727175 4.14626678255796e-14
21.08 8.26237964059479 11.7686502135325 0.784549965727176 4.03305813320485e-14
21.12 7.86084502294978 8.05855543031896 0.784549965727176 3.94815164619001e-14
21.16 5.64654446420984 3.13860826294306 0.784549965727176 4.03305813320485e-14
21.2 6.92176190505919 0.516540214048685 0.784549965727175 4.17456894489624e-14
21.24 9.018116666298 -4.09736494962362 0.784549965727176 4.00475597086657e-14
21.28 12.4123450282399 -11.1676190817412 0.784549965727176 3.97645380852829e-14
21.32 10.2578869301823 -12.7298463918341 0.784549965727176 3.93400056502087e-14
21.36 5.9313512689262 -9.63439116216005 0.784549965727175 4.11796462021968e-14
21.4 -0.649175260760648 -0.588855308615986 0.784549965727174 4.21702218840366e-14
21.44 -2.71266698680549 3.58942344946821 0.784549965727174 4.20287110723452e-14
21.48 -2.20613215445972 2.34970192847607 0.784549965727174 4.18872002606538e-14
21.52 -1.77614413345021 1.00020837361474 0.784549965727175 4.1604178637271e-14
21.56 0.15117708343901 -0.427069813006773 0.784549965727174 4.24532435074194e-14
21.6 -3.0607800937633 5.41287595392946 0.784549965727174 4.24532435074194e-14
21.64 -7.12320913054843 8.05444982592498 0.784549965727174 4.18872002606538e-14
21.68 -13.9447658047291 7.62223769123629 0.784549965727175 4.10381353905054e-14
21.72 -14.1493104720347 1.51574739015321 0.784549965727175 4.07551137671226e-14
21.76 -10.7632277717311 -4.07374762894771 0.784549965727176 3.93400056502087e-14
21.8 -5.09087933284544 -5.21981221174151 0.784549965727176 3.99060488969743e-14
21.84 -3.44305021834627 -4.94754807460235 0.784549965727178 3.77833867216033e-14
21.88 -3.60703926241879 -6.19299206318684 0.784549965727178 3.69343218514549e-14
21.92 -4.82981022142758 -9.61090053227683 0.784549965727179 3.63682786046893e-14
21.96 -5.06995719981821 -10.4565678997042 0.784549965727179 3.58022353579237e-14
22 -2.3821331729544 -5.48325879028106 0.784549965727179 3.56607245462323e-14
22.04 1.88573636679517 1.93385680074282 0.784549965727178 3.70758326631463e-14
22.08 7.92641070179727 12.2971266931125 0.784549965727177 3.80664083449861e-14
22.12 9.50023028771843 13.565675844357 0.784549965727178 3.76418759099119e-14
22.16 9.13898586722879 9.77309003950918 0.784549965727178 3.79248975332947e-14
22.2 5.91903524854082 3.72202444928118 0.784549965727178 3.75003650982205e-14
22.24 6.56687229674779 1.11292086870163 0.784549965727178 3.70758326631463e-14
22.28 8.05575731853569 -2.89994737804994 0.784549965727177 3.82079191566775e-14
22.32 11.6644956773897 -9.37948012857444 0.784549965727177 3.83494299683689e-14
22.36 9.77647476987839 -11.501136996356 0.784549965727177 3.83494299683689e-14
22.4 6.35129822257367 -10.0811173955776 0.784549965727178 3.73588542865291e-14
22.44 0.28828317404772 -2.33787386824848 0.784549965727178 3.75003650982205e-14
22.48 -1.53382368228424 0.902623400792873 0.784549965727178 3.75003650982205e-14
22.52 -1.62885137957833 1.15002413374939 0.784549965727178 3.70758326631463e-14
22.56 -1.77974867965052 1.36802935672894 0.784549965727177 3.87739624034431e-14
22.6 -0.436829998163095 0.440853398797751 0.784549965727177 3.90569840268259e-14
22.64 -3.50337112780639 6.01545019541835 0.784549965727177 3.87739624034431e-14
22.68 -7.232377328004 8.54668366654239 0.784549965727178 3.75003650982205e-14
22.72 -13.709408420979 8.49156959929087 0.784549965727178 3.67928110397635e-14
22.76 -12.7231889136683 2.44963872076026 0.784549965727179 3.63682786046893e-14
22.8 -9.49779425994642 -2.81926541719918 0.784549965727179 3.58022353579237e-14
22.84 -3.85611412419113 -3.98485284221358 0.78454996572718 3.52361921111581e-14
22.88 -3.96859669808296 -5.35666204564329 0.784549965727179 3.60852569813065e-14
22.92 -5.06235509038099 -8.11676380685927 0.784549965727178 3.75003650982205e-14
22.96 -7.29599665758395 -12.8874596070112 0.784549965727179 3.65097894163807e-14
23 -5.9667123187369 -11.6100726355386 0.784549965727178 3.73588542865291e-14
23.04 -2.08078675591814 -4.77054924098715 0.784549965727177 3.87739624034431e-14
23.08 3.60816868703061 4.94649625326887 0.784549965727177 3.80664083449861e-14
23.12 8.69514180430543 13.5239539214216 0.784549965727177 3.83494299683689e-14
23.16 8.78794593257982 13.0848981787529 0.784549965727178 3.79248975332947e-14
23.2 7.70509263418931 8.96312869153032 0.784549965727178 3.72173434748377e-14
23.24 3.89117259388821 3.03335767799629 0.784549965727179 3.65097894163807e-14
23.28 5.64166304421275 1.51304666923499 0.784549965727179 3.60852569813065e-14
23.32 7.90689316109844 -2.02484682965411 0.784549965727179 3.63682786046893e-14
23.36 13.8862926838606 -9.80823724344799 0.784549965727178 3.73588542865291e-14
23.4 11.8131283531479 -13.1919875878241 0.784549965727179 3.65097894163807e-14
23.44 8.08481383825346 -12.6539782949006 0.784549965727179 3.59437461696151e-14
23.48 0.513405068764733 -2.55486701695903 0.78454996572718 3.50946812994667e-14
23.52 -2.36995945830874 2.77125134011009 0.78454996572718 3.49531704877753e-14
23.56 -2.63707950772236 3.33668045943673 0.78454996572718 3.45286380527011e-14
23.6 -2.40779238750138 2.80953890011986 0.78454996572718 3.42456164293183e-14
23.64 0.113273903992893 -0.803040474140662 0.78454996572718 3.41041056176269e-14
23.68 -2.80094099671658 4.64947905211095 0.78454996572718 3.42456164293183e-14
23.72 -6.15868519664366 7.65065932718409 0.784549965727181 3.28305083124044e-14
23.76 -12.902363185204 9.21372710942539 0.78454996572718 3.43871272410097e-14
23.8 -12.7508449193061 3.59281704353256 0.78454996572718 3.41041056176269e-14
23.84 -10.3041658897209 -2.09606575404936 0.78454996572718 3.41041056176269e-14
23.88 -4.82028072435305 -4.02475425658259 0.78454996572718 3.45286380527011e-14
23.92 -4.69262420377688 -6.06142383481273 0.78454996572718 3.48116596760839e-14
23.96 -5.2404331409749 -8.54762743970899 0.784549965727179 3.53777029228495e-14
24 -7.41284571917532 -12.4951192112899 0.784549965727179 3.56607245462323e-14
24.04 -5.08096630388282 -9.99654480697097 0.784549965727179 3.58022353579237e-14
24.08 -1.6992815506423 -4.35408271054813 0.784549965727179 3.58022353579237e-14
24.12 3.40908353735417 5.03579563689044 0.78454996572718 3.49531704877753e-14
24.16 7.20321554534724 11.3606938309097 0.784549965727179 3.55192137345409e-14
24.2 7.57831806400179 11.4167186776939 0.784549965727179 3.58022353579237e-14
24.24 6.96819590863548 8.6687936545253 0.784549965727179 3.53777029228495e-14
24.28 4.12684814036315 3.52859804635645 0.784549965727179 3.53777029228495e-14
24.32 6.25616580165686 2.17962037910488 0.784549965727181 3.38210839942441e-14
24.36 8.81921890733109 -1.41767154984102 0.78454996572718 3.41041056176269e-14
24.4 14.1590016872767 -9.0326189896404 0.78454996572718 3.48116596760839e-14
24.44 11.3603819318623 -12.421112254531 0.78454996572718 3.42456164293183e-14
24.48 7.62130848789363 -11.9088106825949 0.784549965727181 3.339655155917e-14
24.52 -0.657929216436606 -0.174479393591815 0.784549965727181 3.35380623708613e-14
24.56 -2.00818834054834 2.60000229022141 0.784549965727181 3.339655155917e-14
24.6 -1.63204493638648 1.89838962177739 0.784549965727181 3.35380623708613e-14
24.64 0.165188865458515 -1.2812816709125 0.784549965727181 3.28305083124044e-14
24.68 1.58630083293132 -3.69257129878789 0.784549965727182 3.25474866890216e-14
24.72 -2.20477883789307 3.29854645659761 0.784549965727181 3.32550407474786e-14
24.76 -6.44594808481296 8.36198313512218 0.784549965727181 3.35380623708613e-14
24.8 -14.3758203696168 11.2948707042355 0.784549965727181 3.339655155917e-14
24.84 -13.504224470887 4.87030552758108 0.784549965727181 3.36795731825527e-14
24.88 -10.4390443227254 -1.14271464396391 0.784549965727182 3.24059758773302e-14
24.92 -4.33594071821657 -3.00941367650922 0.784549965727181 3.29720191240958e-14
24.96 -4.33706575354359 -5.67385896238468 0.784549965727181 3.36795731825527e-14
25 -5.03740512511037 -8.69753673442766 0.784549965727181 3.32550407474786e-14
25.04 -8.36206752845349 -13.3945126715131 0.784549965727181 3.339655155917e-14
25.08 -6.22953614287217 -11.5204229047788 0.784549965727182 3.16984218188732e-14
25.12 -3.10721532246183 -6.75984954700879 0.784549965727181 3.31135299357872e-14
25.16 3.18728463652954 4.97995305401031 0.784549965727182 3.22644650656388e-14
25.2 7.5906522454718 11.7618696994891 0.784549965727182 3.21229542539474e-14
25.24 8.54661769895946 12.5078572201123 0.784549965727183 3.1273889383799e-14
25.28 7.29185032427604 9.34741898351629 0.784549965727183 3.08493569487248e-14
25.32 3.81925144265964 3.58928845085551 0.784549965727183 3.07078461370334e-14
25.36 5.61140694940467 2.50191656402911 0.784549965727183 3.0566335325342e-14
25.4 8.55680928049079 -0.59472351515349 0.784549965727184 3.01418028902678e-14
25.44 13.5811180362503 -7.49522499680806 0.784549965727184 2.94342488318108e-14
25.48 11.3316140524597 -11.6124476900731 0.784549965727184 2.94342488318108e-14
25.52 8.07358237522705 -11.7935610515309 0.784549965727185 2.8443673149971e-14
25.56 0.361213989683939 -1.03597004402428 0.784549965727185 2.88682055850452e-14
25.6 -1.21302411367824 0.925072125320371 0.784549965727186 2.7028565033057e-14
25.64 -1.73252374019937 1.48507581755027 0.784549965727185 2.81606515265882e-14
25.68 0.438111056919643 -2.16482217111988 0.784549965727185 2.85851839616624e-14
25.72 0.985918368854864 -3.41797937995205 0.784549965727185 2.85851839616624e-14
25.76 -2.21324766702801 2.80694221140743 0.784549965727185 2.78776299032054e-14
25.8 -6.59507043283352 9.20483307775133 0.784549965727185 2.83021623382796e-14
25.84 -13.3390920673257 11.8177639663342 0.784549965727186 2.68870542213656e-14
25.88 -12.4650472247787 5.53652087119806 0.784549965727187 2.57549677278345e-14
25.92 -9.12343046537954 -0.197707080839214 0.784549965727187 2.51889244810689e-14
25.96 -3.94129356718708 -2.63455557577471 0.784549965727187 2.53304352927603e-14
26 -4.85626819648952 -6.27218039495219 0.784549965727187 2.54719461044517e-14
26.04 -6.76584210587334 -10.166114690972 0.784549965727187 2.51889244810689e-14
26.08 -9.75814801614391 -13.8406476604298 0.784549965727188 2.50474136693775e-14
26.12 -6.17323112341939 -10.8963543483635 0.784549965727187 2.63210109746e-14
26.16 -2.62212007596731 -5.71712297761138 0.784549965727186 2.64625217862914e-14
26.2 4.73275418654393 7.49126053064368 0.784549965727187 2.54719461044517e-14
26.24 7.31514310074012 10.6113558471375 0.784549965727188 2.47643920459947e-14
26.28 7.29293200704491 10.6656254886995 0.784549965727188 2.41983487992291e-14
26.32 4.71464868674826 7.16978126376499 0.784549965727188 2.40568379875377e-14
26.36 2.4683948223181 2.92376206526813 0.784549965727189 2.34907947407721e-14
26.4 5.41129228665029 2.90578629043989 0.784549965727189 2.29247514940065e-14
26.44 9.75944337469212 0.21222218019969 0.784549965727189 2.34907947407721e-14
26.48 15.4163547661459 -7.13547465552827 0.784549965727188 2.50474136693775e-14
26.52 12.8643653147963 -12.0007630203672 0.784549965727187 2.53304352927603e-14
26.56 8.33702301045371 -11.3250792512688 0.784549965727187 2.54719461044517e-14
26.6 -0.0506400058293786 -0.0625159811341232 0.784549965727187 2.51889244810689e-14
26.64 -2.1014562465197 2.21759757003561 0.784549965727188 2.50474136693775e-14
26.68 -1.93216466073435 1.5400797936673 0.784549965727187 2.61795001629086e-14
26.72 1.547696026969 -4.32250546588579 0.784549965727188 2.50474136693775e-14
26.76 1.82207565700657 -5.47018411969579 0.784549965727187 2.54719461044517e-14
26.8 -1.25585794872309 1.18884398481986 0.784549965727187 2.54719461044517e-14
26.84 -7.05722433956146 10.6973319234669 0.784549965727188 2.46228812343033e-14
26.88 -13.7978100930166 13.1783730665784 0.784549965727189 2.32077731173893e-14
26.92 -13.1751257701755 6.78113621916883 0.784549965727189 2.37738163641549e-14
26.96 -9.57286497199096 0.603997784407236 0.784549965727187 2.51889244810689e-14
27 -3.92253919308403 -2.34909606166845 0.784549965727188 2.46228812343033e-14
27.04 -4.24257773610569 -5.45424866276165 0.784549965727188 2.49059028576861e-14
27.08 -6.86394681898815 -9.28146295444231 0.784549965727188 2.44813704226119e-14
27.12 -9.54799023231192 -12.6442730602086 0.784549965727188 2.41983487992291e-14
27.16 -6.24768334549625 -11.2506681463462 0.784549965727188 2.44813704226119e-14
27.2 -3.31966282122879 -7.7873741742745 0.784549965727188 2.49059028576861e-14
27.24 3.86258605661136 5.6866078778658 0.784549965727188 2.46228812343033e-14
27.28 6.1813543217173 8.53369375318092 0.784549965727188 2.49059028576861e-14
27.32 7.1660129798869 10.907152451805 0.784549965727187 2.54719461044517e-14
27.36 4.55418844916934 7.55028431271917 0.784549965727186 2.73115866564398e-14
27.4 3.04935290294558 3.55902275105915 0.784549965727186 2.67455434096742e-14
27.44 5.9309216006659 3.63037367446167 0.784549965727186 2.67455434096742e-14
27.48 10.1453678460182 1.12246671456768 0.784549965727186 2.67455434096742e-14
27.52 14.6595658203891 -5.57739162499462 0.784549965727187 2.63210109746e-14
27.56 12.0682321928149 -10.6057567392299 0.784549965727187 2.56134569161431e-14
27.6 7.03264086120673 -9.25978095083097 0.784549965727187 2.51889244810689e-14
27.64 0.384001134932307 -0.429518335022416 0.784549965727188 2.49059028576861e-14
27.68 -1.04328461245447 -0.0349970682948626 0.784549965727188 2.46228812343033e-14
27.72 0.0818933594345004 -2.28716963440867 0.784549965727188 2.41983487992291e-14
27.76 2.95584653890166 -6.55746275772445 0.784549965727188 2.46228812343033e-14
27.8 1.97489734849955 -6.17419753640549 0.784549965727188 2.49059028576861e-14
27.84 -1.35097191290427 1.69183742458823 0.784549965727188 2.47643920459947e-14
27.88 -8.23832742966394 12.9703716323197 0.784549965727187 2.57549677278345e-14
27.92 -13.8167438108278 13.9241748971122 0.784549965727188 2.49059028576861e-14
27.96 -12.4963871427327 7.22318722794103 0.784549965727186 2.66040325979828e-14
28 -8.22808844376457 1.22981884909081 0.784549965727186 2.67455434096742e-14
28.04 -3.45678695560521 -1.71959203790708 0.784549965727186 2.74530974681312e-14
28.08 -4.99404759513563 -5.2880419781166 0.784549965727185 2.7736119091514e-14
28.12 -8.97811281255309 -10.6182827944326 0.784549965727185 2.78776299032054e-14
28.16 -11.0335119629482 -14.5100199792332 0.784549965727185 2.8443673149971e-14
28.2 -7.11308667447344 -13.3692166128438 0.784549965727184 2.90097163967366e-14
28.24 -2.7264469446231 -6.99237968498529 0.784549965727185 2.85851839616624e-14
28.28 4.74846450970502 7.10712989934995 0.784549965727185 2.85851839616624e-14
28.32 6.91547730774015 9.59064372453977 0.784549965727185 2.80191407148968e-14
28.36 7.10096276690561 11.5354025548022 0.784549965727185 2.80191407148968e-14
28.4 3.205009027895 5.93519136930876 0.784549965727185 2.78776299032054e-14
28.44 2.19453568792364 2.74290833460879 0.784549965727185 2.7736119091514e-14
28.48 5.49655102110147 3.81796902754495 0.784549965727186 2.74530974681312e-14
28.52 10.7763489021872 2.11447127423702 0.784549965727186 2.71700758447484e-14
28.56 15.4969067262502 -4.51883805078568 0.784549965727185 2.80191407148968e-14
28.6 12.5137496065102 -9.83824730897596 0.784549965727186 2.7028565033057e-14
28.64 6.68597771270737 -7.84377799690748 0.784549965727187 2.61795001629086e-14
28.68 0.625188084545124 -0.940006008293798 0.784549965727187 2.54719461044517e-14
28.72 -1.33361384770792 -0.598215128895643 0.784549965727188 2.49059028576861e-14
28.76 0.543583416772191 -3.61228413828398 0.784549965727187 2.54719461044517e-14
28.8 3.10216175593257 -7.27465616921259 0.784549965727187 2.60379893512172e-14
28.84 2.39310565500908 -6.8872225442782 0.784549965727186 2.67455434096742e-14
28.88 -0.954604382774991 2.13057592496206 0.784549965727186 2.64625217862914e-14
28.92 -8.38417331887625 13.4784109946374 0.784549965727187 2.58964785395259e-14
28.96 -12.772673238278 13.3430967111308 0.784549965727187 2.58964785395259e-14
29 -12.0907038559025 7.89486826125369 0.784549965727187 2.57549677278345e-14
29.04 -7.50010966462214 1.83769995912513 0.784549965727187 2.60379893512172e-14
29.08 -3.47745969842458 -1.34637479819609 0.784549965727187 2.63210109746e-14
29.12 -5.59393440828938 -5.00397852432426 0.784549965727186 2.67455434096742e-14
29.16 -10.041014823529 -10.6625289917925 0.784549965727186 2.67455434096742e-14
29.2 -11.0427341526926 -14.5468274437606 0.784549965727186 2.64625217862914e-14
29.24 -6.46761464524501 -12.5893550071249 0.784549965727187 2.58964785395259e-14
29.28 -1.593064086218 -4.62037729306887 0.784549965727188 2.50474136693775e-14
29.32 4.48486519488531 6.88277386387381 0.784549965727187 2.53304352927603e-14
29.36 5.41072331243417 7.52353869256249 0.784549965727187 2.51889244810689e-14
29.4 5.07738245528579 9.26046691370355 0.784549965727187 2.54719461044517e-14
29.44 1.34342275069594 3.52285881109131 0.784549965727187 2.56134569161431e-14
29.48 2.32139549743522 2.79395302434411 0.784549965727187 2.60379893512172e-14
29.52 6.46156054472345 4.90274116869663 0.784549965727187 2.56134569161431e-14
29.56 12.6382493232641 3.56808185491225 0.784549965727187 2.60379893512172e-14
29.6 15.7121233624306 -3.17997732659269 0.784549965727187 2.58964785395259e-14
29.64 11.8571552909533 -8.10788490817662 0.784549965727187 2.58964785395259e-14
29.68 5.63707627255147 -6.02835746651646 0.784549965727187 2.60379893512172e-14
29.72 0.621825545267617 -1.8556565733059 0.784549965727187 2.53304352927603e-14
29.76 -0.0703625648742927 -3.17071480160423 0.784549965727188 2.50474136693775e-14
29.8 3.10261124628471 -7.38515763039965 0.784549965727187 2.61795001629086e-14
29.84 4.1897388830543 -8.66059439533218 0.784549965727186 2.71700758447484e-14
29.88 2.05473452519567 -5.54694899424167 0.784549965727187 2.60379893512172e-14
29.92 -2.59324888705374 5.30971014747251 0.784549965727187 2.60379893512172e-14
29.96 -10.0460704441116 14.9676894479581 0.784549965727186 2.74530974681312e-14
30 -12.6638358324441 13.3498665542868 0.784549965727185 2.78776299032054e-14
30.04 -11.1162859986403 8.37120507470635 0.784549965727185 2.85851839616624e-14
30.08 -5.24127683629933 2.01470534321919 0.784549965727185 2.8443673149971e-14
30.12 -3.5778956492329 -0.841675825552284 0.784549965727185 2.88682055850452e-14
30.16 -6.25086581285789 -4.62624145446231 0.784549965727185 2.87266947733538e-14
30.2 -11.5673508252202 -11.4347457949937 0.784549965727185 2.85851839616624e-14
30.24 -11.3230867516346 -15.3686228962774 0.784549965727185 2.87266947733538e-14
30.28 -6.58681449056782 -12.8966452357684 0.784549965727185 2.80191407148968e-14
30.32 -0.538987144415991 -2.42538744741125 0.784549965727185 2.83021623382796e-14
30.36 4.22437677787893 6.52773393313953 0.784549965727186 2.73115866564398e-14
30.4 4.67887725690585 7.03213584149703 0.784549965727185 2.78776299032054e-14
30.44 3.79372238576587 7.76790324519599 0.784549965727186 2.71700758447484e-14
30.48 0.872503294462004 2.14633396186318 0.784549965727186 2.74530974681312e-14
30.52 2.97514100512597 3.43552814461451 0.784549965727185 2.80191407148968e-14
30.56 7.07799482518504 5.93486885886322 0.784549965727186 2.73115866564398e-14
30.6 13.1162986527569 4.80457404368561 0.784549965727185 2.83021623382796e-14
30.64 14.1782644534853 -1.64507687679335 0.784549965727185 2.83021623382796e-14
30.68 10.5496641106604 -6.50865662260778 0.784549965727185 2.85851839616624e-14
30.72 5.01614880846756 -5.48402055733269 0.784549965727185 2.87266947733538e-14
30.76 2.03351891719126 -4.40066576403282 0.784549965727184 2.94342488318108e-14
30.8 1.62291121734111 -5.62259011670508 0.784549965727185 2.80191407148968e-14
30.84 4.3892691188547 -8.519523299752 0.784549965727185 2.80191407148968e-14
30.88 3.68669043745404 -7.06490010502421 0.784549965727186 2.74530974681312e-14
30.92 1.39769796544145 -3.61203707012424 0.784549965727186 2.66040325979828e-14
30.96 -3.24231547561272 5.99307949446977 0.784549965727185 2.78776299032054e-14
31 -8.73205295697882 12.5786040637363 0.784549965727186 2.7028565033057e-14
31.04 -10.411624541735 11.5743041895381 0.784549965727186 2.67455434096742e-14
31.08 -9.52814700499391 8.18047371585375 0.784549965727187 2.63210109746e-14
31.12 -5.67185985235148 2.70904407917155 0.784549965727186 2.64625217862914e-14
31.16 -6.2280900494352 -0.509253799871414 0.784549965727187 2.63210109746e-14
31.2 -8.81194112551276 -4.921815735762 0.784549965727187 2.60379893512172e-14
31.24 -12.1882068265008 -11.586935404147 0.784549965727186 2.66040325979828e-14
31.28 -9.88834682326445 -14.1491643500983 0.784549965727186 2.66040325979828e-14
31.32 -4.93669777014516 -10.0893782149526 0.784549965727185 2.83021623382796e-14
31.36 0.0280110247046682 -0.59672763004394 0.784549965727185 2.7736119091514e-14
31.4 2.62190681283075 4.02407866610894 0.784549965727186 2.7028565033057e-14
31.44 2.56027563558967 3.97174808625019 0.784549965727186 2.75946082798226e-14
31.48 1.55690732705034 3.33709373728817 0.784549965727185 2.78776299032054e-14
31.52 1.86657468417602 2.65444091217182 0.784549965727186 2.67455434096742e-14
31.56 4.89293942171931 5.68860278465215 0.784549965727186 2.7028565033057e-14
31.6 9.00058084070651 8.15535681401595 0.784549965727185 2.80191407148968e-14
31.64 12.9438948699568 5.8781995997242 0.784549965727185 2.80191407148968e-14
31.68 12.4869532667665 -0.348628425853406 0.784549965727185 2.83021623382796e-14
31.72 8.88062050434417 -4.70134937987056 0.784549965727184 2.9151227208428e-14
31.76 4.84945275656954 -5.24331863406151 0.784549965727185 2.85851839616624e-14
31.8 3.40605971947128 -6.02844130140705 0.784549965727186 2.75946082798226e-14
31.84 3.59000013912155 -7.43707598883187 0.784549965727185 2.85851839616624e-14
31.88 5.15985510543336 -9.45770568145675 0.784549965727186 2.73115866564398e-14
31.92 3.14605697302649 -6.6907946803642 0.784549965727186 2.75946082798226e-14
31.96 0.397247750073868 -1.83405945500094 0.784549965727186 2.7028565033057e-14
32 -4.2321440607146 6.63345037584474 0.784549965727187 2.56134569161431e-14
32.04 -7.79767537199874 10.8472008444043 0.784549965727188 2.46228812343033e-14
32.08 -8.83260591383302 10.8792183681864 0.784549965727188 2.50474136693775e-14
32.12 -7.88373847421288 7.88428850569763 0.784549965727187 2.54719461044517e-14
32.16 -6.08765873659271 3.3036688231681 0.784549965727186 2.68870542213656e-14
32.2 -7.2414720349859 0.122650809978886 0.784549965727186 2.64625217862914e-14
32.24 -9.21844178435368 -4.47987542344222 0.784549965727187 2.63210109746e-14
32.28 -11.3499000236841 -10.814773280954 0.784549965727187 2.60379893512172e-14
32.32 -8.9191625091004 -12.273721989765 0.784549965727186 2.68870542213656e-14
32.36 -4.71020195554377 -7.89752580182886 0.784549965727187 2.57549677278345e-14
32.4 -1.08714927688614 -1.99798586448199 0.784549965727188 2.49059028576861e-14
32.44 0.951326142436651 1.03998373345148 0.784549965727187 2.54719461044517e-14
32.48 1.38261671656038 1.83486047122602 0.784549965727187 2.53304352927603e-14
32.52 1.12126153667105 1.27823524496477 0.784549965727187 2.57549677278345e-14
32.56 2.36551898427619 3.1695785065664 0.784549965727187 2.53304352927603e-14
32.6 5.16517900211952 6.91853263222058 0.784549965727188 2.49059028576861e-14
32.64 8.97867201381519 8.95825225587246 0.784549965727187 2.53304352927603e-14
32.68 11.1554667357134 6.06548898319422 0.784549965727187 2.60379893512172e-14
32.72 10.9113967649375 0.6634585399193 0.784549965727187 2.58964785395259e-14
32.76 9.03170221674192 -3.91763306938455 0.784549965727187 2.60379893512172e-14
32.8 7.09512939147466 -6.70843921085493 0.784549965727187 2.63210109746e-14
32.84 6.0870314035201 -8.70832464678172 0.784549965727187 2.63210109746e-14
32.88 5.05254012977155 -8.78118226155879 0.784549965727186 2.64625217862914e-14
32.92 4.37430446148188 -8.35196098720733 0.784549965727187 2.57549677278345e-14
32.96 1.59043869555326 -3.97166226183344 0.784549965727187 2.58964785395259e-14
33 -0.829282129137004 0.407600916025388 0.784549965727186 2.75946082798226e-14
33.04 -3.76767254387442 5.02465644692032 0.784549965727185 2.85851839616624e-14
33.08 -5.83084380310179 8.29136147843614 0.784549965727184 2.9151227208428e-14
33.12 -7.08826505426452 9.6272435419137 0.784549965727184 2.90097163967366e-14
33.16 -7.45729517405304 7.77977801315246 0.784549965727186 2.74530974681312e-14
33.2 -7.91600354801876 4.76272275514462 0.784549965727185 2.7736119091514e-14
33.24 -9.15807954929241 0.982249676488721 0.784549965727185 2.83021623382796e-14
33.28 -9.81819161190064 -3.94246205504837 0.784549965727186 2.71700758447484e-14
33.32 -9.34197464088543 -8.54068726688558 0.784549965727186 2.68870542213656e-14
33.36 -7.16999686451988 -9.50270003534117 0.784549965727186 2.71700758447484e-14
33.4 -4.42675982588638 -6.81082043535177 0.784549965727186 2.73115866564398e-14
33.44 -2.49543443739929 -4.96510630189207 0.784549965727186 2.68870542213656e-14
33.48 -1.26137078491744 -3.51407920175662 0.784549965727186 2.73115866564398e-14
33.52 -0.259921311181265 -1.47564578077914 0.784549965727185 2.78776299032054e-14
33.56 1.13698569461764 0.93615562957122 0.784549965727185 2.78776299032054e-14
33.6 4.10458508933224 6.36684000260931 0.784549965727186 2.64625217862914e-14
33.64 6.68045464564775 9.4511370362334 0.784549965727186 2.68870542213656e-14
33.68 8.78585704154828 9.23196515201623 0.784549965727187 2.60379893512172e-14
33.72 9.21338215913482 5.80946890208577 0.784549965727187 2.58964785395259e-14
33.76 9.13035935773357 1.37574412117222 0.784549965727187 2.56134569161431e-14
33.8 8.46707289725465 -3.04252306073218 0.784549965727188 2.49059028576861e-14
33.84 8.15015472143015 -7.20220198247957 0.784549965727189 2.36323055524635e-14
33.88 7.44999550302769 -9.74171996948589 0.784549965727189 2.26417298706237e-14
33.92 5.69013916611202 -9.14394172414047 0.78454996572719 2.23587082472409e-14
33.96 3.79905250527023 -7.63234252083974 0.784549965727189 2.29247514940065e-14
34 1.09892148185365 -2.91320494288434 0.784549965727189 2.33492839290807e-14
34.04 -0.800148035250299 0.549268284729875 0.784549965727189 2.37738163641549e-14
34.08 -2.45589131492423 2.57028964472386 0.784549965727189 2.26417298706237e-14
34.12 -3.85114402038795 5.66471887698693 0.784549965727189 2.26417298706237e-14
34.16 -5.67099408853671 8.33666746958524 0.78454996572719 2.22171974355495e-14
34.2 -7.88484461347479 8.48728459151895 0.784549965727189 2.29247514940065e-14
34.24 -9.4330367754751 6.22246678531345 0.784549965727188 2.39153271758463e-14
34.28 -10.1342710739212 1.93539371125523 0.784549965727189 2.32077731173893e-14
34.32 -9.32973775652123 -2.84949514587657 0.784549965727189 2.36323055524635e-14
34.36 -8.3515217704621 -6.92630411917236 0.784549965727188 2.41983487992291e-14
34.4 -7.24086917251034 -9.03715892980741 0.784549965727188 2.47643920459947e-14
34.44 -5.90407417344221 -8.93459671972287 0.784549965727187 2.53304352927603e-14
34.48 -4.37053628997831 -8.50930965063459 0.784549965727187 2.54719461044517e-14
34.52 -2.38340375584571 -5.48853387200088 0.784549965727187 2.57549677278345e-14
34.56 0.141686162753322 -0.711321598023499 0.784549965727188 2.49059028576861e-14
34.6 2.56012605975839 3.23795298086554 0.784549965727187 2.58964785395259e-14
34.64 5.19099171579515 8.35048625146809 0.784549965727187 2.57549677278345e-14
34.68 6.59488836346854 9.52482148384046 0.784549965727188 2.44813704226119e-14
34.72 7.01113440810151 7.6179426625565 0.784549965727188 2.44813704226119e-14
34.76 7.46109670157896 5.38256697456373 0.784549965727188 2.43398596109205e-14
34.8 8.88362807605652 2.15626819490133 0.784549965727189 2.37738163641549e-14
34.84 10.3217877153997 -2.68313695717683 0.784549965727189 2.34907947407721e-14
34.88 9.97126092138635 -7.55474191026246 0.784549965727189 2.32077731173893e-14
34.92 8.14996406605302 -9.61664284229137 0.78454996572719 2.23587082472409e-14
34.96 4.58048315697196 -7.24104117945613 0.784549965727191 2.10851109420183e-14
35 2.12948744186024 -5.26190145945615 0.78454996572719 2.15096433770925e-14
35.04 0.426955293996302 -2.35441919057424 0.78454996572719 2.20756866238581e-14
35.08 0.129229967464511 -1.57627426712843 0.78454996572719 2.15096433770925e-14
35.12 -0.518304620903498 -0.832942442503686 0.784549965727189 2.26417298706237e-14
35.16 -2.3734972330699 3.68829116366777 0.784549965727189 2.33492839290807e-14
35.2 -5.5273700983314 8.36302129988773 0.784549965727188 2.43398596109205e-14
35.24 -9.02161725929872 10.0056212602942 0.784549965727188 2.41983487992291e-14
35.28 -10.4473914563024 7.60809535184633 0.784549965727188 2.39153271758463e-14
35.32 -9.76175830370624 2.69064991185947 0.784549965727187 2.56134569161431e-14
35.36 -7.44269236614638 -1.69405500845877 0.784549965727187 2.54719461044517e-14
35.4 -6.88887812175413 -5.51139701458703 0.784549965727187 2.54719461044517e-14
35.44 -7.73462194348694 -8.95747399004844 0.784549965727188 2.43398596109205e-14
35.48 -7.61376857646862 -10.6224080902104 0.784549965727188 2.40568379875377e-14
35.52 -5.56508006121431 -10.0974873355965 0.784549965727189 2.34907947407721e-14
35.56 -2.74934350921456 -5.75867934768877 0.78454996572719 2.23587082472409e-14
35.6 0.92321029896442 0.864618976945891 0.784549965727191 2.12266217537097e-14
35.64 2.99338326117931 3.90417940956308 0.78454996572719 2.13681325654011e-14
35.68 4.8660030082716 8.05443044813962 0.78454996572719 2.17926650004753e-14
35.72 4.54220181575356 6.99224055632134 0.78454996572719 2.17926650004753e-14
35.76 5.38315256381971 6.32735172874402 0.78454996572719 2.22171974355495e-14
35.8 6.95342115765323 5.71619681070386 0.78454996572719 2.25002190589323e-14
35.84 9.99981447923785 3.28786897103617 0.78454996572719 2.25002190589323e-14
35.88 11.6176038900253 -1.91467784344229 0.78454996572719 2.23587082472409e-14
35.92 10.7382921045225 -6.99264410256912 0.78454996572719 2.13681325654011e-14
35.96 7.83205871980182 -8.56437251056461 0.78454996572719 2.20756866238581e-14
36 4.32824820884962 -6.98569022339263 0.784549965727191 2.12266217537097e-14
36.04 2.5793719431425 -6.30637570507956 0.784549965727191 2.10851109420183e-14
36.08 1.85677582827137 -4.57539910493894 0.784549965727191 2.08020893186355e-14
36.12 1.30915625416946 -3.27154460357863 0.784549965727191 2.06605785069441e-14
36.16 -0.400675433202791 -0.804123048405544 0.784549965727192 1.98115136367957e-14
36.2 -3.02625152882201 4.94430070369123 0.784549965727192 1.98115136367957e-14
36.24 -7.00206452446695 10.0820539618727 0.784549965727193 1.78303622731162e-14
36.28 -9.30877353122247 10.4356576019632 0.784549965727194 1.65567649678936e-14
36.32 -9.60156922596491 7.8709422224042 0.784549965727193 1.8113383896499e-14
36.36 -7.82204488320968 3.07904433495625 0.784549965727193 1.86794271432645e-14
36.4 -7.2201601482377 -0.971915843019138 0.784549965727193 1.86794271432645e-14
36.44 -7.82445872783805 -5.18460578588888 0.784549965727192 1.91039595783387e-14
36.48 -9.54373737908339 -9.95041809924411 0.784549965727192 1.92454703900301e-14
36.52 -8.08275353063389 -11.3929691361849 0.784549965727192 1.93869812017215e-14
36.56 -5.22624215296634 -9.62826884399119 0.784549965727193 1.85379163315731e-14
36.6 -1.28630489199311 -3.21011886364029 0.784549965727193 1.79718730848076e-14
36.64 1.18868767076837 1.16124454677307 0.784549965727195 1.61322325328194e-14
36.68 2.0868709491987 2.74471425321667 0.784549965727194 1.69812974029678e-14
36.72 2.92056705678867 5.24544537520552 0.784549965727193 1.8113383896499e-14
36.76 3.33797542626476 5.07849139549032 0.784549965727194 1.69812974029678e-14
36.8 5.77356390610121 6.97678759896754 0.784549965727194 1.6698275779585e-14
36.84 8.22966256726994 7.21239062208198 0.784549965727193 1.75473406497334e-14
36.88 11.1658594662691 4.58294705926286 0.784549965727194 1.71228082146592e-14
36.92 10.8904690964102 -0.848223132922524 0.784549965727194 1.71228082146592e-14
36.96 9.13561420572718 -5.38276660270016 0.784549965727194 1.71228082146592e-14
37 6.43120469215783 -7.0924782093311 0.784549965727194 1.65567649678936e-14
37.04 4.70233538498031 -7.63858806069436 0.784549965727193 1.78303622731162e-14
37.08 3.92376459040336 -7.9132838176858 0.784549965727194 1.71228082146592e-14
37.12 3.67056089482981 -6.97556841765144 0.784549965727193 1.75473406497334e-14
37.16 1.85889302716498 -3.85861245690098 0.784549965727192 1.96700028251043e-14
37.2 -0.470083848164898 -0.226632347745665 0.784549965727193 1.83964055198818e-14
37.24 -3.61093444208067 5.37785346977201 0.784549965727193 1.76888514614248e-14
37.28 -6.3884563781997 8.88968324606411 0.784549965727193 1.76888514614248e-14
37.32 -8.09209237919855 9.85814475846195 0.784549965727193 1.83964055198818e-14
37.36 -8.28832289545238 7.69733669225005 0.784549965727193 1.78303622731162e-14
37.4 -8.06418517632284 3.77906193504548 0.784549965727193 1.75473406497334e-14
37.44 -8.75782623125711 -0.291564040287666 0.784549965727193 1.75473406497334e-14
37.48 -9.5830640309366 -5.08614186455119 0.784549965727194 1.71228082146592e-14
37.52 -9.79497765277109 -9.77671108749136 0.784549965727194 1.71228082146592e-14
37.56 -7.34732348784048 -10.4600206639857 0.784549965727193 1.79718730848076e-14
37.6 -4.49015593764187 -8.05513415930818 0.784549965727193 1.78303622731162e-14
37.64 -1.80768800050172 -3.8693580401482 0.784549965727193 1.83964055198818e-14
37.68 -0.358995788620473 -1.49690154045022 0.784549965727192 1.93869812017215e-14
37.72 0.796633003421949 0.527058501086211 0.784549965727191 2.06605785069441e-14
37.76 2.25719780051579 3.37164382331154 0.784549965727191 2.00945352601785e-14
37.8 4.69019533421819 6.84185542317174 0.784549965727191 2.00945352601785e-14
37.84 7.11932388395513 8.92261373586182 0.784549965727191 2.06605785069441e-14
37.88 8.80897938821222 8.28276182769017 0.784549965727192 1.93869812017215e-14
37.92 9.74889094188593 4.89360114210483 0.784549965727192 1.92454703900301e-14
37.96 9.41756971391368 0.10851375915953 0.784549965727193 1.8113383896499e-14
38 8.52508988134888 -4.25678843333363 0.784549965727192 1.93869812017215e-14
38.04 7.71409619773102 -7.68887900822265 0.784549965727191 2.03775568835613e-14
38.08 6.54904316717396 -9.18258636440405 0.784549965727192 1.95284920134129e-14
38.12 5.03016200145426 -8.76493968987982 0.784549965727192 1.92454703900301e-14
38.16 2.93135616146885 -6.25631643831524 0.784549965727191 2.00945352601785e-14
38.2 0.45945027506782 -2.05881535105866 0.784549965727191 2.02360460718699e-14
38.24 -1.31748636839983 0.904186034369468 0.784549965727192 1.95284920134129e-14
38.28 -3.05672766350275 3.97565015719882 0.784549965727191 2.05190676952527e-14
38.32 -4.51154566372298 6.68119214441079 0.784549965727191 2.05190676952527e-14
38.36 -6.3121955424039 8.47558783390205 0.784549965727192 1.96700028251043e-14
38.4 -7.84928702500658 7.80403844803525 0.784549965727192 1.95284920134129e-14
38.44 -9.52883326172628 5.05147845873644 0.784549965727192 1.98115136367957e-14
38.48 -9.67561160501609 0.531023075259467 0.784549965727193 1.83964055198818e-14
38.52 -9.00524860454179 -4.15807506869923 0.784549965727193 1.78303622731162e-14
38.56 -8.05944090577541 -7.93622940025194 0.784549965727192 1.91039595783387e-14
38.6 -6.74495544918603 -8.97260242596298 0.784549965727192 1.93869812017215e-14
38.64 -5.12520901180673 -8.17086411999959 0.784549965727192 1.88209379549559e-14
38.68 -3.52720732016278 -6.75957592610804 0.784549965727192 1.92454703900301e-14
38.72 -1.65025461596278 -3.5888496741222 0.784549965727192 1.89624487666473e-14
38.76 0.350880688027437 -0.421842971576863 0.784549965727191 2.00945352601785e-14
38.8 2.7620827585959 3.80955791686618 0.784549965727192 1.93869812017215e-14
38.84 5.01815356213292 7.81454937682512 0.784549965727191 2.00945352601785e-14
38.88 6.49375434291194 8.75033712042432 0.784549965727191 2.05190676952527e-14
38.92 7.38108567143605 7.59713995635101 0.784549965727191 2.12266217537097e-14
38.96 8.29631946992127 4.98168128538504 0.784549965727191 2.08020893186355e-14
39 9.37547120910303 0.943703827714278 0.784549965727189 2.32077731173893e-14
39.04 10.1080721439343 -3.98396010813757 0.784549965727191 2.12266217537097e-14
39.08 9.59974768756722 -8.37526558831231 0.78454996572719 2.23587082472409e-14
39.12 7.39212095490542 -9.59104784533655 0.78454996572719 2.15096433770925e-14
39.16 4.65614955829642 -8.20198273656549 0.784549965727191 2.10851109420183e-14
39.2 2.40984280294813 -5.65298335853138 0.78454996572719 2.15096433770925e-14
39.24 0.656056865085184 -2.08884457527986 0.78454996572719 2.17926650004753e-14
39.28 -0.497924080816069 -0.421444978339625 0.78454996572719 2.17926650004753e-14
39.32 -2.02959702646184 2.27002866618487 0.78454996572719 2.17926650004753e-14
39.36 -4.12748217794087 6.30710471936048 0.784549965727191 2.12266217537097e-14
39.4 -7.06080293598349 9.25877378981676 0.784549965727191 2.03775568835613e-14
39.44 -9.05937459613227 9.24024772698695 0.784549965727192 1.99530244484871e-14
39.48 -9.64997735457622 6.07211909716201 0.784549965727192 1.99530244484871e-14
39.52 -8.64820826311171 1.29163744199473 0.784549965727191 2.08020893186355e-14
39.56 -7.81256928646527 -2.97141032267396 0.78454996572719 2.13681325654011e-14
39.6 -7.75868376611748 -6.97460243226884 0.78454996572719 2.15096433770925e-14
39.64 -7.93493362888977 -9.80206294542971 0.78454996572719 2.25002190589323e-14
39.68 -6.60791368978752 -10.1958712247789 0.784549965727189 2.33492839290807e-14
39.72 -4.13339960686192 -7.9650960225195 0.784549965727189 2.33492839290807e-14
39.76 -1.06805376350212 -2.8208789648285 0.784549965727188 2.40568379875377e-14
39.8 1.08150560896612 0.71037745169307 0.784549965727189 2.36323055524635e-14
39.84 2.90626034323102 4.38293507851117 0.78454996572719 2.25002190589323e-14
39.88 4.15697662942499 6.84050451196332 0.784549965727189 2.33492839290807e-14
39.92 5.16107003866657 7.11012543567076 0.784549965727189 2.32077731173893e-14
39.96 6.64428311425949 7.25326148869864 0.784549965727189 2.26417298706237e-14
40 8.66615530319909 5.86745449794221 0.784549965727189 2.34907947407721e-14
