"Time, Y-Force, Work integrand, Mass, Mass error"
1e-05 -6.48218545507007e-09 -2.57255983677922e-11 0.785397673886889 NaN
0.001 -1.64299745435414e-05 -3.19385384160925e-11 0.785397673886889 NaN
0.002 -6.06935847535794e-05 -6.83672584365393e-10 0.785397673886888 NaN
0.003 -0.000131815295596027 -3.04520176880752e-09 0.785397673886889 NaN
0.004 -0.000229494933634555 -9.02159192484172e-09 0.785397673886889 NaN
0.005 -0.000353584370774485 -2.1326249012403e-08 0.785397673886889 NaN
0.006 -0.000504005919978567 -4.25399676843999e-08 0.785397673886889 NaN
0.007 -0.000680721703538723 -7.65052251619491e-08 0.785397673886889 NaN
0.008 -0.000883718466173633 -1.27241035943965e-07 0.785397673886889 NaN
0.009 -0.0011129998398296 -1.99436856111387e-07 0.785397673886889 NaN
0.01 -0.00136858135612883 -2.9843294547258e-07 0.785397673886889 NaN
0.011 -0.00165048706264415 -4.3001263565776e-07 0.785397673886889 NaN
0.012 -0.00195874795607409 -6.00581273844502e-07 0.785397673886889 NaN
0.013 -0.00229339998495703 -8.16869381047025e-07 0.785397673886889 NaN
0.014 -0.00265448321842499 -1.08622883577582e-06 0.785397673886889 NaN
0.015 -0.00304204079945691 -1.41678781375495e-06 0.785397673886889 NaN
0.016 -0.00345611851938799 -1.81689646092456e-06 0.785397673886889 NaN
0.017 -0.00389676432553543 -2.29564883224165e-06 0.785397673886889 NaN
0.018 -0.0043640274953205 -2.86267042783929e-06 0.785397673886889 NaN
0.019 -0.00485795879046336 -3.52794181113052e-06 0.785397673886889 NaN
0.02 -0.00537860998791828 -4.30195921130236e-06 0.785397673886889 NaN
0.021 -0.00592603346613529 -5.19590066118923e-06 0.785397673886889 NaN
0.022 -0.00650028249886248 -6.22160802580922e-06 0.785397673886889 NaN
0.023 -0.00710141029267675 -7.39103705554509e-06 0.785397673886888 NaN
0.024 -0.00772947073003749 -8.71717991165685e-06 0.785397673886889 NaN
0.025 -0.00838451745462265 -1.02130867273703e-05 0.785397673886889 NaN
0.026 -0.00906660431416029 -1.1892303554549e-05 0.785397673886889 NaN
0.027 -0.0097757848190092 -1.37694706072861e-05 0.785397673886889 NaN
0.028 -0.0105121124418162 -1.58593246116882e-05 0.785397673886889 NaN
0.029 -0.0112756402959384 -1.81770069793454e-05 0.785397673886889 NaN
0.03 -0.012066421121478 -2.07384950000854e-05 0.785397673886889 NaN
0.031 -0.012884506953128 -2.35598608167679e-05 0.785397673886889 NaN
0.032 -0.0137299495435244 -2.66584773536173e-05 0.785397673886889 NaN
0.033 -0.0146027999501399 -3.00516880848561e-05 0.78539767388689 NaN
0.034 -0.015503108473137 -3.375662016359e-05 0.785397673886889 NaN
0.035 -0.016430924735559 -3.7792756245679e-05 0.78539767388689 NaN
0.036 -0.0173862976093737 -4.2178170067117e-05 0.785397673886889 NaN
0.037 -0.0183692748658082 -4.69329527920392e-05 0.78539767388689 NaN
0.038 -0.0193799036398694 -5.20763671010629e-05 0.785397673886889 NaN
0.039 -0.020418230048989 -5.76296311231086e-05 0.785397673886889 NaN
0.04 -0.0214842990950181 -6.3612970492205e-05 0.785397673886889 NaN
0.041 -0.0225781546729742 -7.00488374869648e-05 0.785397673886889 NaN
0.042 -0.0236998397767962 -7.69579637099962e-05 0.785397673886889 NaN
0.043 -0.0248493959589027 -8.43633401574478e-05 0.785397673886889 NaN
0.044 -0.0260268638462371 -9.22883678822969e-05 0.785397673886889 NaN
0.045 -0.0272322826041282 -0.000100756125304344 0.785397673886889 NaN
0.046 -0.028465690110334 -0.000109790525140679 0.785397673886889 NaN
0.047 -0.029727122854581 -0.000119415960641862 0.785397673886889 NaN
0.048 -0.0310166161496426 -0.000129657521832006 0.785397673886889 NaN
0.049 -0.0323342036400902 -0.000140540304915525 0.785397673886889 NaN
0.05 -0.0336799175486036 -0.000152090511931616 0.785397673886889 NaN
0.051 -0.0350537884939541 -0.000164335021547612 0.785397673886888 NaN
0.052 -0.0364558457147091 -0.000177299600885653 0.785397673886889 NaN
0.053 -0.0378861166708333 -0.00019101216906782 0.785397673886888 NaN
0.054 -0.0393446271285427 -0.000205500630286681 0.785397673886889 NaN
0.055 -0.0408314010398243 -0.000220793019809332 0.785397673886889 NaN
0.056 -0.0423464608519168 -0.000236918066978523 0.78539767388689 NaN
0.057 -0.0438898272371517 -0.000253905280760497 0.785397673886889 NaN
0.058 -0.045461518926988 -0.000271783921889951 0.785397673886889 NaN
0.059 -0.0470615524231945 -0.000290584425911733 0.78539767388689 NaN
0.06 -0.0486899416908706 -0.000310337105130606 0.78539767388689 NaN
0.061 -0.0503466989972523 -0.000331072841412552 0.785397673886889 NaN
0.062 -0.0520318365345673 -0.000352823834713953 0.785397673886889 NaN
0.063 -0.0537453642309664 -0.000375620924413067 0.785397673886889 NaN
0.064 -0.0554872883496209 -0.000399497372563853 0.78539767388689 NaN
0.065 -0.0572576111479641 -0.000424485310444395 0.785397673886889 NaN
0.066 -0.0590563333891154 -0.000450617686498178 0.785397673886889 NaN
0.067 -0.0608834553094262 -0.000477929204320424 0.785397673886889 NaN
0.068 -0.0627389755555789 -0.000506452362462287 0.785397673886889 NaN
0.069 -0.0646228900122878 -0.000536222865480829 0.785397673886889 NaN
0.07 -0.0665351910141005 -0.000567274812433821 0.785397673886889 NaN
0.071 -0.0684758672914931 -0.000599643707959535 0.785397673886889 NaN
0.072 -0.0704449053344867 -0.000633364914228524 0.785397673886889 NaN
0.073 -0.0724422895633801 -0.000668474480700454 0.785397673886889 NaN
0.074 -0.0744680027659541 -0.000705008989434652 0.785397673886889 NaN
0.075 -0.0765220250238201 -0.000743005251293172 0.785397673886889 NaN
0.076 -0.0786043329241473 -0.000782499414199417 0.785397673886889 NaN
0.077 -0.0807148993640787 -0.000823529809589968 0.785397673886889 NaN
0.078 -0.0828536940839406 -0.000866134114598738 0.785397673886889 NaN
0.079 -0.0850206842843164 -0.000910350470667898 0.78539767388689 NaN
0.08 -0.0872158345413219 -0.000956217233079565 0.785397673886889 NaN
0.081 -0.0894391070771015 -0.00100377279931024 0.785397673886889 NaN
0.082 -0.0916904603718152 -0.00105305710888173 0.785397673886889 NaN
0.083 -0.0939698494598424 -0.00110410904347136 0.78539767388689 NaN
0.084 -0.0962772253352746 -0.00115696855388014 0.785397673886889 NaN
0.085 -0.098612535473503 -0.00121167579376549 0.785397673886889 NaN
0.086 -0.100975724095751 -0.00126827053556997 0.785397673886889 NaN
0.087 -0.103366732816188 -0.0013267939296068 0.785397673886889 NaN
0.088 -0.105785499517211 -0.00138728678254779 0.78539767388689 NaN
0.089 -0.108231958624646 -0.00144978967031484 0.785397673886889 NaN
0.09 -0.110706039925734 -0.00151434452325874 0.785397673886889 NaN
0.091 -0.113207668939644 -0.0015809928381075 0.785397673886889 NaN
0.092 -0.115736767146547 -0.00164977631854654 0.78539767388689 NaN
0.093 -0.118293252528403 -0.0017207368974442 0.785397673886889 NaN
0.094 -0.120877039146926 -0.0017939170215121 0.785397673886889 NaN
0.095 -0.12348803749428 -0.00186935938042684 0.78539767388689 NaN
0.096 -0.126126153591539 -0.00194710582723662 0.785397673886889 NaN
0.097 -0.128791288687761 -0.0020271999173174 0.785397673886889 NaN
0.098 -0.131483338974782 -0.00210968418395557 0.785397673886889 NaN
0.099 -0.134202196011984 -0.00219460176177511 0.785397673886889 NaN
0.1 -0.136947746825104 -0.00228199557544345 0.785397673886889 NaN
0.101 -0.139719874087259 -0.00237190960435801 0.785397673886888 NaN
0.102 -0.142518456132475 -0.00246438691147344 0.785397673886889 NaN
0.103 -0.145343366335322 -0.00255947085910385 0.78539767388689 NaN
0.104 -0.148194472603773 -0.00265720563646432 0.785397673886889 NaN
0.105 -0.15107163734514 -0.00275763418439035 0.785397673886889 NaN
0.106 -0.153974717175558 -0.00286080067778527 0.785397673886889 NaN
0.107 -0.156903563481624 -0.00296674842129918 0.785397673886889 NaN
0.108 -0.15985802225272 -0.00307552144822637 0.78539767388689 NaN
0.109 -0.162837934335808 -0.00318716378472428 0.785397673886889 NaN
0.11 -0.165843135065522 -0.00330171851432576 0.785397673886889 NaN
0.111 -0.168873453853909 -0.00341923003495337 0.785397673886889 NaN
0.112 -0.171928713832592 -0.00353974127308287 0.785397673886889 NaN
0.113 -0.175008731290919 -0.00366329630652834 0.785397673886889 NaN
0.114 -0.178113316203195 -0.00378993834705238 0.785397673886889 NaN
0.115 -0.18124227176359 -0.00391971050130058 0.785397673886889 NaN
0.116 -0.184395395326412 -0.00405265663174648 0.785397673886889 NaN
0.117 -0.187572477424812 -0.00418881890403855 0.785397673886889 NaN
0.118 -0.190773302237027 -0.00432824114537339 0.785397673886889 NaN
0.119 -0.193997646580584 -0.00447096568358735 0.785397673886889 NaN
0.12 -0.197245279734346 -0.00461703484381459 0.785397673886889 NaN
0.121 -0.200515963169867 -0.00476649086050956 0.78539767388689 NaN
0.122 -0.203809450471237 -0.00491937575635648 0.78539767388689 NaN
0.123 -0.207125487394496 -0.00507573143338591 0.785397673886889 NaN
0.124 -0.210463812018993 -0.00523559890250863 0.785397673886889 NaN
0.125 -0.213824154545673 -0.00539901957831956 0.785397673886888 NaN
0.126 -0.21720623704179 -0.00556603395011579 0.785397673886889 NaN
0.127 -0.220609773070926 -0.00573668205475364 0.785397673886889 NaN
0.128 -0.224034467055965 -0.00591100427599911 0.785397673886889 NaN
0.129 -0.22748001391771 -0.0060890397531323 0.785397673886889 NaN
0.13 -0.230946098872177 -0.00627082713542737 0.785397673886889 NaN
0.131 -0.234432397482223 -0.00645640527508901 0.785397673886889 NaN
0.132 -0.237938575817129 -0.00664581236138545 0.785397673886889 NaN
0.133 -0.241464289859707 -0.00683908470412209 0.785397673886889 NaN
0.134 -0.245009185668692 -0.00703625960832738 0.785397673886889 NaN
0.135 -0.248572898768362 -0.00723737324909934 0.785397673886889 NaN
0.136 -0.252155053640436 -0.00744246106381957 0.785397673886889 NaN
0.137 -0.255755262770577 -0.00765155733160688 0.78539767388689 NaN
0.138 -0.259373126852157 -0.00786469650557137 0.785397673886889 NaN
0.139 -0.263008234306444 -0.00808191122046353 0.785397673886889 NaN
0.14 -0.26666016078368 -0.00830323435497088 0.785397673886889 NaN
0.141 -0.270328469740139 -0.00852869668323636 0.785397673886889 NaN
0.142 -0.274012711299893 -0.00875832925738707 0.785397673886889 NaN
0.143 -0.277712422675812 -0.00899216114395129 0.785397673886889 NaN
0.144 -0.281427126844878 -0.0092302214202783 0.785397673886889 NaN
0.145 -0.285156332008757 -0.00947253698528594 0.785397673886889 NaN
0.146 -0.288899530832119 -0.00971913490131193 0.78539767388689 NaN
0.147 -0.292656199899028 -0.00997003957947995 0.785397673886889 NaN
0.148 -0.296425799086968 -0.0102252754180535 0.785397673886889 NaN
0.149 -0.300207771488331 -0.0104848648536716 0.785397673886889 NaN
0.15 -0.304001542851147 -0.010748829194838 0.785397673886889 NaN
0.151 -0.307806521029732 -0.0110171886508205 0.785397673886889 NaN
0.152 -0.311622094938649 -0.0112899607749781 0.785397673886889 NaN
0.153 -0.315447633721917 -0.0115671633675393 0.785397673886889 NaN
0.154 -0.319282485343468 -0.0118488109156991 0.785397673886889 NaN
0.155 -0.323125976135252 -0.0121349175095636 0.78539767388689 NaN
0.156 -0.326977409320211 -0.0124254943100122 0.78539767388689 NaN
0.157 -0.330836064322021 -0.0127205509313195 0.78539767388689 NaN
0.158 -0.33470119534805 -0.0130200953187872 0.785397673886889 NaN
0.159 -0.338572029709574 -0.0133241334220144 0.785397673886889 NaN
0.16 -0.342447767053194 -0.0136326680404686 0.78539767388689 NaN
0.161 -0.346327577417256 -0.0139457000377148 0.785397673886889 NaN
0.162 -0.350210600960608 -0.0142632288945054 0.78539767388689 NaN
0.163 -0.354095945795777 -0.0145852498793582 0.785397673886889 NaN
0.164 -0.357982685345853 -0.0149117562891068 0.785397673886889 NaN
0.165 -0.361869854910395 -0.0152427386460231 0.785397673886889 NaN
0.166 -0.365756447073821 -0.0155781841196044 0.785397673886889 NaN
0.167 -0.369641408725673 -0.015918075612808 0.785397673886889 NaN
0.168 -0.373523639209807 -0.0162623937680856 0.785397673886889 NaN
0.169 -0.377401988922855 -0.0166111146897865 0.785397673886889 NaN
0.17 -0.381275257631 -0.0169642106164573 0.785397673886889 NaN
0.171 -0.385142189543121 -0.0173216494605098 0.785397673886889 NaN
0.172 -0.389001462873182 -0.0176833945545813 0.785397673886889 NaN
0.173 -0.392851676559452 -0.0180494033174917 0.785397673886889 NaN
0.174 -0.396691334438682 -0.0184196276228976 0.785397673886889 NaN
0.175 -0.400518833026965 -0.0187940118878068 0.785397673886889 NaN
0.176 -0.40433245295247 -0.0191724925761574 0.785397673886889 NaN
0.177 -0.408130351134439 -0.0195549986191201 0.785397673886889 NaN
0.178 -0.411910545987567 -0.0199414499825452 0.785397673886889 NaN
0.179 -0.415670884356746 -0.0203317552260556 0.785397673886889 NaN
0.18 -0.419408982814723 -0.0207258094101936 0.785397673886889 NaN
0.181 -0.423122147003685 -0.0211234901454151 0.785397673886889 NaN
0.182 -0.426807289802387 -0.0215246535203792 0.785397673886889 NaN
0.183 -0.430460880792797 -0.0219291302098434 0.785397673886889 NaN
0.184 -0.434078967692134 -0.0223367270510765 0.785397673886889 NaN
0.185 -0.437657298313173 -0.0227472307899851 0.785397673886889 NaN
0.186 -0.441191551378299 -0.0231604169652659 0.785397673886889 NaN
0.187 -0.444677648450241 -0.023576065635587 0.785397673886889 NaN
0.188 -0.448112094750236 -0.0239939758047748 0.785397673886889 NaN
0.189 -0.451492279865906 -0.0244139813704205 0.785397673886889 NaN
0.19 -0.454816674447663 -0.024835960073068 0.785397673886889 NaN
0.191 -0.458084884768997 -0.0252598408644339 0.785397673886889 NaN
0.192 -0.461297559124574 -0.0256855987892717 0.785397673886889 NaN
0.193 -0.464456176246259 -0.0261132494946329 0.78539767388689 NaN
0.194 -0.467562765682906 -0.0265428360815497 0.785397673886889 NaN
0.195 -0.470619619234473 -0.0269744167347079 0.785397673886889 NaN
0.196 -0.473629041256672 -0.0274080531188275 0.78539767388689 NaN
0.197 -0.476593168808066 -0.0278438020662788 0.785397673886888 NaN
0.198 -0.479513869009654 -0.0282817096421598 0.785397673886889 NaN
0.199 -0.482392705360283 -0.0287218099074643 0.785397673886889 NaN
0.2 -0.485230953423429 -0.0291641248304033 0.785397673886889 NaN
0.201 -0.48802964337974 -0.0296086651834065 0.785397673886889 NaN
0.202 -0.490789611241375 -0.0300554333374188 0.785397673886889 NaN
0.203 -0.493511545802356 -0.0305044251931849 0.785397673886889 NaN
0.204 -0.496196026057202 -0.030955632207349 0.785397673886889 NaN
0.205 -0.498843546941501 -0.0314090409103309 0.78539767388689 NaN
0.206 -0.501454536336944 -0.0318646363153141 0.785397673886889 NaN
0.207 -0.504029365766275 -0.0323223993128292 0.785397673886889 NaN
0.208 -0.506568357700615 -0.0327823089581731 0.785397673886889 NaN
0.209 -0.509071791297426 -0.0332443424166389 0.78539767388689 NaN
0.21 -0.511539907313331 -0.0337084737915041 0.785397673886889 NaN
0.211 -0.513972913228109 -0.0341746765740925 0.785397673886889 NaN
0.212 -0.516370987731648 -0.0346429215753496 0.785397673886889 NaN
0.213 -0.51873428445667 -0.0351131788709333 0.785397673886889 NaN
0.214 -0.521062935518142 -0.0355854164661165 0.785397673886889 NaN
0.215 -0.523357054475852 -0.0360596017495334 0.785397673886889 NaN
0.216 -0.525616738300101 -0.0365357002138027 0.785397673886889 NaN
0.217 -0.527842069210198 -0.0370136774203886 0.785397673886889 NaN
0.218 -0.530033116408148 -0.0374934960953324 0.785397673886889 NaN
0.219 -0.532189937402634 -0.0379751200139244 0.785397673886889 NaN
0.22 -0.53431257920964 -0.038458510445722 0.785397673886889 NaN
0.221 -0.536401079582582 -0.0389436284339599 0.785397673886889 NaN
0.222 -0.538455468321178 -0.0394304340490621 0.785397673886889 NaN
0.223 -0.54047576776744 -0.0399188866245939 0.785397673886889 NaN
0.224 -0.542461994189221 -0.0404089443586941 0.785397673886889 NaN
0.225 -0.544414158297954 -0.0409005648908958 0.785397673886889 NaN
0.226 -0.546332265933962 -0.0413937056740494 0.785397673886889 NaN
0.227 -0.548216318937278 -0.0418883230073435 0.785397673886889 NaN
0.228 -0.550066315436279 -0.0423843723801336 0.78539767388689 NaN
0.229 -0.551882250781976 -0.0428818086986313 0.785397673886889 NaN
0.23 -0.553664117986152 -0.0433805870394695 0.785397673886889 NaN
0.231 -0.555411908097032 -0.043880660670836 0.78539767388689 NaN
0.232 -0.557125610877325 -0.0443819832311636 0.785397673886888 NaN
0.233 -0.558805215190457 -0.0448845073592401 0.78539767388689 NaN
0.234 -0.560450709078971 -0.0453881858145662 0.785397673886889 NaN
0.235 -0.562062080884491 -0.0458929700502118 0.785397673886889 NaN
0.236 -0.563639318712209 -0.0463988119663257 0.785397673886889 NaN
0.237 -0.565182411475561 -0.0469056624272566 0.78539767388689 NaN
0.238 -0.566691349015109 -0.0474134716236427 0.785397673886889 NaN
0.239 -0.568166122274569 -0.0479221902899341 0.785397673886889 NaN
0.24 -0.569606723915548 -0.0484317681933171 0.785397673886889 NaN
0.241 -0.571013148399373 -0.0489421550927966 0.785397673886889 NaN
0.242 -0.572385392285824 -0.0494532999564452 0.785397673886889 NaN
0.243 -0.573723454662979 -0.0499651519249533 0.785397673886889 NaN
0.244 -0.575027337093282 -0.0504776604099213 0.785397673886889 NaN
0.245 -0.57629704435605 -0.0509907729591956 0.785397673886889 NaN
0.246 -0.577532584100396 -0.0515044388247854 0.785397673886889 NaN
0.247 -0.578733967579979 -0.0520186057786209 0.785397673886889 NaN
0.248 -0.579901209621323 -0.0525332216253214 0.785397673886889 NaN
0.249 -0.581034328990455 -0.0530482348795331 0.78539767388689 NaN
0.25 -0.582133348583064 -0.05356359314064 0.785397673886889 NaN
0.251 -0.583198295542974 -0.0540792437922073 0.785397673886889 NaN
0.252 -0.584229201608249 -0.054595135353658 0.785397673886889 NaN
0.253 -0.585226103238519 -0.0551112150208792 0.785397673886889 NaN
0.254 -0.586189041924751 -0.0556274308432692 0.785397673886889 NaN
0.255 -0.587118064177687 -0.056143730462122 0.785397673886889 NaN
0.256 -0.588013222016766 -0.0566600619922972 0.785397673886889 NaN
0.257 -0.588874572927519 -0.057176373128031 0.78539767388689 NaN
0.258 -0.589702180198376 -0.0576926125544857 0.785397673886889 NaN
0.259 -0.590496113052883 -0.0582087282940242 0.785397673886889 NaN
0.26 -0.591256446954453 -0.0587246689020189 0.785397673886889 NaN
0.261 -0.59198326359736 -0.0592403832355139 0.785397673886889 NaN
0.262 -0.592676651260071 -0.0597558205405297 0.785397673886889 NaN
0.263 -0.593336704830872 -0.0602709300035187 0.785397673886888 NaN
0.264 -0.593963526188624 -0.0607856615288047 0.785397673886888 NaN
0.265 -0.594557224274922 -0.06129996486548 0.785397673886889 NaN
0.266 -0.595117915139504 -0.0618137914487837 0.785397673886889 NaN
0.267 -0.595645722457448 -0.062327091561468 0.785397673886889 NaN
0.268 -0.596140777279352 -0.0628398167306081 0.78539767388689 NaN
0.269 -0.596603218587312 -0.0633519194669283 0.785397673886889 NaN
0.27 -0.597033193331637 -0.0638633524182488 0.785397673886889 NaN
0.271 -0.597430856559807 -0.0643740683591041 0.785397673886888 NaN
0.272 -0.597796371549212 -0.0648840216437128 0.785397673886889 NaN
0.273 -0.598129910323646 -0.0653931668185468 0.785397673886889 NaN
0.274 -0.598431653388957 -0.0659014591982754 0.785397673886889 NaN
0.275 -0.598701790150866 -0.0664088549796464 0.785397673886889 NaN
0.276 -0.598940519080816 -0.0669153114936707 0.78539767388689 NaN
0.277 -0.599148047816119 -0.0674207863843646 0.785397673886889 NaN
0.278 -0.599324593371371 -0.0679252385547378 0.785397673886889 NaN
0.279 -0.599470382321627 -0.0684286279894413 0.78539767388689 NaN
0.28 -0.599585650962446 -0.0689309153754545 0.785397673886889 NaN
0.281 -0.599670645367933 -0.0694320630183196 0.785397673886889 NaN
0.282 -0.599725621849508 -0.0699320338861342 0.785397673886889 NaN
0.283 -0.599750846837264 -0.0704307921609062 0.785397673886889 NaN
0.284 -0.599746597324604 -0.0709283039067738 0.785397673886888 NaN
0.285 -0.599713160776673 -0.0714245355052867 0.785397673886889 NaN
0.286 -0.599650835440592 -0.0719194554378437 0.785397673886888 NaN
0.287 -0.59955993054314 -0.0724130331250359 0.785397673886889 NaN
0.288 -0.599440766568438 -0.0729052401878574 0.785397673886889 NaN
0.289 -0.599293675055286 -0.0733960487363692 0.785397673886889 NaN
0.29 -0.599118999287569 -0.0738854336492547 0.785397673886889 NaN
0.291 -0.598917094125671 -0.0743733711832382 0.785397673886889 NaN
0.292 -0.598688326144476 -0.0748598381910408 0.785397673886889 NaN
0.293 -0.598433074114752 -0.0753448143415862 0.785397673886889 NaN
0.294 -0.598151728856759 -0.0758282813497895 0.785397673886889 NaN
0.295 -0.597844693621621 -0.0763102222532179 0.785397673886889 NaN
0.296 -0.597512384110409 -0.0767906228100066 0.785397673886889 NaN
0.297 -0.597155228814469 -0.0772694700241936 0.785397673886889 NaN
0.298 -0.596773669240182 -0.077746753424041 0.785397673886889 NaN
0.299 -0.596368159788803 -0.0782224652471517 0.785397673886889 NaN
0.3 -0.595939168242637 -0.0786965988138788 0.785397673886889 NaN
0.301 -0.595487175854569 -0.079169150961393 0.785397673886889 NaN
0.302 -0.595012677384602 -0.0796401207648505 0.785397673886889 NaN
0.303 -0.594516181530089 -0.0801095093765904 0.785397673886889 NaN
0.304 -0.59399821101389 -0.0805773212796006 0.785397673886889 NaN
0.305 -0.593459302531716 -0.0810435626461588 0.785397673886888 NaN
0.306 -0.592900007429972 -0.0815082434587757 0.785397673886889 NaN
0.307 -0.592320891507089 -0.0819713762047618 0.785397673886889 NaN
0.308 -0.591722535075348 -0.0824329760068934 0.785397673886889 NaN
0.309 -0.591105533586632 -0.0828930614972649 0.785397673886889 NaN
0.31 -0.590470497524059 -0.0833516544803383 0.785397673886889 NaN
0.311 -0.589818052437924 -0.0838087798392184 0.785397673886889 NaN
0.312 -0.58914883966148 -0.0842644649231641 0.785397673886888 NaN
0.313 -0.588463515894919 -0.0847187424088469 0.785397673886889 NaN
0.314 -0.587762753918621 -0.085171647505796 0.785397673886889 NaN
0.315 -0.587047242324534 -0.0856232181759915 0.785397673886889 NaN
0.316 -0.586317686016979 -0.0860734976493647 0.785397673886888 NaN
0.317 -0.585574806375448 -0.0865225323187584 0.785397673886889 NaN
0.318 -0.58481934116957 -0.0869703722832491 0.785397673886889 NaN
0.319 -0.584052044991509 -0.0874170723580163 0.785397673886889 NaN
0.32 -0.58327368948607 -0.0878626909087599 0.785397673886889 NaN
0.321 -0.582485063388873 -0.0883072909751408 0.785397673886889 NaN
0.322 -0.581686972659476 -0.0887509397461801 0.785397673886888 NaN
0.323 -0.580880240935787 -0.0891937095858522 0.785397673886889 NaN
0.324 -0.580065709539682 -0.0896356765361199 0.785397673886889 NaN
0.325 -0.579244237688336 -0.0900769223081754 0.785397673886889 NaN
0.326 -0.57841670252645 -0.0905175325866594 0.785397673886889 NaN
0.327 -0.577583999623837 -0.0909575990090619 0.785397673886889 NaN
0.328 -0.576747042929963 -0.0913972179512621 0.785397673886889 NaN
0.329 -0.575906764797598 -0.0918364908255382 0.785397673886888 NaN
0.33 -0.575064116907761 -0.092275524831348 0.785397673886889 NaN
0.331 -0.574220069501187 -0.0927144325308511 0.785397673886889 NaN
0.332 -0.573375612307732 -0.0931533327396163 0.785397673886889 NaN
0.333 -0.572531754480842 -0.0935923486586514 0.785397673886889 NaN
0.334 -0.571689524696719 -0.0940316113368027 0.785397673886889 NaN
0.335 -0.570849971344025 -0.0944712567790771 0.785397673886889 NaN
0.336 -0.57001416293631 -0.0949114271948388 0.785397673886889 NaN
0.337 -0.569183188055579 -0.0953522719816919 0.785397673886889 NaN
0.338 -0.568358155444333 -0.0957939465043021 0.785397673886889 NaN
0.339 -0.567540194594031 -0.0962366132576737 0.785397673886889 NaN
0.34 -0.566730455810607 -0.0966804409990498 0.785397673886889 NaN
0.341 -0.565930110091838 -0.0971256060245036 0.785397673886889 NaN
0.342 -0.565140349937067 -0.0975722922100584 0.785397673886889 NaN
0.343 -0.564362388894473 -0.0980206902600145 0.785397673886889 NaN
0.344 -0.563597461900422 -0.0984709985650083 0.785397673886889 NaN
0.345 -0.562846825733015 -0.0989234232229936 0.785397673886889 NaN
0.346 -0.562111758732147 -0.0993781781411442 0.785397673886889 NaN
0.347 -0.561393561451105 -0.0998354852452459 0.785397673886889 NaN
0.348 -0.560693556718174 -0.100295575579118 0.785397673886889 NaN
0.349 -0.560013089973943 -0.100758687756992 0.785397673886889 NaN
0.35 -0.5593535292589 -0.101225068839667 0.785397673886889 NaN
0.351 -0.558716265388146 -0.101694975833671 0.785397673886889 NaN
0.352 -0.558102712126637 -0.102168673604001 0.785397673886889 NaN
0.353 -0.557514306267311 -0.102646436428059 0.785397673886889 NaN
0.354 -0.556952507985347 -0.103128549133785 0.785397673886889 NaN
0.355 -0.556418801120884 -0.103615304659584 0.785397673886888 NaN
0.356 -0.555914693562787 -0.10410700685839 0.785397673886889 NaN
0.357 -0.555441717599205 -0.104603968766535 0.785397673886889 NaN
0.358 -0.555001429772688 -0.105106515030793 0.785397673886889 NaN
0.359 -0.554595409817633 -0.105614979130482 0.78539767388689 NaN
0.36 -0.554225259716741 -0.106129706027373 0.785397673886889 NaN
0.361 -0.553892601148281 -0.106651050064219 0.785397673886889 NaN
0.362 -0.553599072042157 -0.107179375582266 0.785397673886889 NaN
0.363 -0.553346321004437 -0.107715055428947 0.785397673886889 NaN
0.364 -0.553135997980405 -0.108258471006148 0.78539767388689 NaN
0.365 -0.552969739026178 -0.108810007522074 0.785397673886889 NaN
0.366 -0.552849141935319 -0.109370051403233 0.785397673886888 NaN
0.367 -0.552775729623885 -0.109938984693614 0.785397673886889 NaN
0.368 -0.552750899650469 -0.110517173741296 0.785397673886889 NaN
0.369 -0.552775858471428 -0.111104960164093 0.785397673886889 NaN
0.37 -0.552851544029448 -0.111702643711383 0.785397673886889 NaN
0.371 -0.552978542245114 -0.11231046930663 0.785397673886889 NaN
0.372 -0.553157006448426 -0.112928607788789 0.785397673886889 NaN
0.373 -0.553386591550357 -0.113557144228801 0.785397673886889 NaN
0.374 -0.553666414118908 -0.114196067220831 0.78539767388689 NaN
0.375 -0.553995048726378 -0.114845265254527 0.785397673886889 NaN
0.376 -0.554370565188833 -0.115504530592172 0.785397673886888 NaN
0.377 -0.55479060755329 -0.116173569370441 0.785397673886889 NaN
0.378 -0.555252508333592 -0.116852021613366 0.785397673886889 NaN
0.379 -0.555753426058676 -0.117539484476489 0.785397673886889 NaN
0.38 -0.556290492126994 -0.118235536891415 0.785397673886889 NaN
0.381 -0.55686095007686 -0.118939766683992 0.785397673886889 NaN
0.382 -0.557462274105092 -0.119651793435826 0.785397673886889 NaN
0.383 -0.558092256318925 -0.120371284343112 0.785397673886889 NaN
0.384 -0.558749057547342 -0.121097968346407 0.785397673886888 NaN
0.385 -0.559431222717073 -0.121831638734988 0.785397673886889 NaN
0.386 -0.560137665220719 -0.122572154171158 0.785397673886889 NaN
0.387 -0.560867628314096 -0.123319432456068 0.785397673886889 NaN
0.388 -0.561620633262127 -0.124073442285081 0.785397673886889 NaN
0.389 -0.56239642175208 -0.124834193944305 0.785397673886889 NaN
0.39 -0.56319490073135 -0.125601729799235 0.785397673886889 NaN
0.391 -0.564016094207066 -0.126376114346916 0.785397673886889 NaN
0.392 -0.564860103762364 -0.12715742983747 0.785397673886889 NaN
0.393 -0.565727079333712 -0.127945767314821 0.785397673886889 NaN
0.394 -0.566617197888199 -0.128741225139033 0.785397673886889 NaN
0.395 -0.567530650330927 -0.129543904898314 0.785397673886889 NaN
0.396 -0.568467632393009 -0.130353910894838 0.785397673886889 NaN
0.397 -0.569428340005516 -0.131171348240372 0.785397673886889 NaN
0.398 -0.570412965747611 -0.131996322369884 0.785397673886889 NaN
0.399 -0.571421697805444 -0.132828938925599 0.785397673886889 NaN
0.4 -0.572454718097383 -0.13366930408518 0.785397673886889 NaN
0.401 -0.573512202228137 -0.134517521791967 0.785397673886889 NaN
0.402 -0.574594318238255 -0.135373698135363 0.785397673886889 NaN
0.403 -0.575701226760586 -0.136237936231715 0.785397673886889 NaN
0.404 -0.57683308030234 -0.137110339985069 0.785397673886889 NaN
0.405 -0.5779900233075 -0.13799101167373 0.785397673886888 NaN
0.406 -0.579172191842012 -0.138880053372682 0.785397673886889 NaN
0.407 -0.580379713519697 -0.139777565742487 0.785397673886889 NaN
0.408 -0.58161270737904 -0.140683648537334 0.785397673886888 NaN
0.409 -0.582871283882579 -0.141598400378936 0.785397673886888 NaN
0.41 -0.584155544736106 -0.142521918998806 0.785397673886889 NaN
0.411 -0.585465582739669 -0.143454301062334 0.785397673886889 NaN
0.412 -0.586801481713049 -0.144395641405803 0.785397673886889 NaN
0.413 -0.588163316180669 -0.145346033741744 0.785397673886889 NaN
0.414 -0.589551151665248 -0.146305571042025 0.785397673886889 NaN
0.415 -0.590965043851742 -0.147274343125015 0.785397673886889 NaN
0.416 -0.592405039259305 -0.148252440306186 0.785397673886889 NaN
0.417 -0.593871174236703 -0.149239949489449 0.785397673886889 NaN
0.418 -0.595363475525733 -0.150236956675476 0.785397673886888 NaN
0.419 -0.596881959695089 -0.151243545955959 0.785397673886889 NaN
0.42 -0.598426633224996 -0.152259799440269 0.78539767388689 NaN
0.421 -0.599997492245404 -0.15328579709658 0.785397673886889 NaN
0.422 -0.601594522292483 -0.154321616572672 0.785397673886889 NaN
0.423 -0.603217698403228 -0.155367333814179 0.785397673886889 NaN
0.424 -0.60486698486022 -0.156423022463038 0.785397673886889 NaN
0.425 -0.606542334949225 -0.157488753408428 0.785397673886888 NaN
0.426 -0.608243690961299 -0.158564594946948 0.785397673886889 NaN
0.427 -0.609970983901732 -0.15965061323635 0.785397673886889 NaN
0.428 -0.611724133539209 -0.160746872060622 0.785397673886889 NaN
0.429 -0.613503048201981 -0.161853431370715 0.785397673886889 NaN
0.43 -0.615307624333624 -0.162970349130708 0.785397673886889 NaN
0.431 -0.617137746934048 -0.164097680016744 0.785397673886889 NaN
0.432 -0.618993288837661 -0.165235475896647 0.785397673886889 NaN
0.433 -0.620874111122241 -0.166383785378698 0.78539767388689 NaN
0.434 -0.62278006245176 -0.167542653625111 0.78539767388689 NaN
0.435 -0.624710979231615 -0.16871212255917 0.785397673886889 NaN
0.436 -0.626666685537913 -0.169892230883519 0.785397673886889 NaN
0.437 -0.628646992826777 -0.171083013439461 0.785397673886889 NaN
0.438 -0.630651699720865 -0.172284501566517 0.785397673886889 NaN
0.439 -0.632680592113065 -0.173496722386361 0.785397673886889 NaN
0.44 -0.634733443005317 -0.174719700192593 0.785397673886889 NaN
0.441 -0.636810012153706 -0.175953454751986 0.785397673886889 NaN
0.442 -0.638910046257966 -0.177198001029021 0.785397673886889 NaN
0.443 -0.641033278498018 -0.178453350344115 0.785397673886889 NaN
0.444 -0.643179428819614 -0.179719510901272 0.785397673886889 NaN
0.445 -0.64534820343173 -0.180996484699844 0.785397673886889 NaN
0.446 -0.647539295016987 -0.182284270260361 0.785397673886889 NaN
0.447 -0.649752382348947 -0.183582861210341 0.785397673886889 NaN
0.448 -0.651987130396041 -0.184892246848097 0.785397673886889 NaN
0.449 -0.654243190164649 -0.186212410615602 0.785397673886889 NaN
0.45 -0.656520198562589 -0.187543332960613 0.785397673886889 NaN
0.451 -0.658817778298818 -0.188884987392704 0.785397673886889 NaN
0.452 -0.661135537899401 -0.190237343541261 0.785397673886889 NaN
0.453 -0.663473071470055 -0.191600365050791 0.785397673886889 NaN
0.454 -0.665829958696253 -0.192974010900354 0.785397673886889 NaN
0.455 -0.668205764794919 -0.194358234424445 0.785397673886889 NaN
0.456 -0.670600040302617 -0.19575298337923 0.785397673886889 NaN
0.457 -0.67301232117191 -0.197158199826387 0.785397673886889 NaN
0.458 -0.675442128674558 -0.198573820641934 0.785397673886889 NaN
0.459 -0.677888969236999 -0.199999775924109 0.785397673886889 NaN
0.46 -0.680352334408983 -0.201435991337949 0.785397673886889 NaN
0.461 -0.682831700993859 -0.202882385593229 0.785397673886889 NaN
0.462 -0.68532653083329 -0.204338870572669 0.785397673886889 NaN
0.463 -0.687836270781364 -0.205805353801436 0.785397673886889 NaN
0.464 -0.690360352706495 -0.207281735713769 0.785397673886889 NaN
0.465 -0.692898193666892 -0.208767910309295 0.785397673886889 NaN
0.466 -0.695449195488617 -0.210263765138376 0.785397673886889 NaN
0.467 -0.698012744992944 -0.21176918145694 0.785397673886889 NaN
0.468 -0.700588214134704 -0.213284033926536 0.785397673886889 NaN
0.469 -0.703174959820707 -0.214808190759008 0.785397673886889 NaN
0.47 -0.705772323734493 -0.216341513112973 0.785397673886889 NaN
0.471 -0.708379632905768 -0.217883855524065 0.785397673886889 NaN
0.472 -0.710996199146201 -0.219435065684833 0.785397673886889 NaN
0.473 -0.713621319508945 -0.220994984943973 0.785397673886889 NaN
0.474 -0.71625427624366 -0.222563446316982 0.785397673886889 NaN
0.475 -0.718894336629464 -0.224140277698017 0.785397673886889 NaN
0.476 -0.721540753322447 -0.225725297829867 0.785397673886889 NaN
0.477 -0.724192764435731 -0.227318319970385 0.785397673886889 NaN
0.478 -0.726849593306245 -0.228919149774326 0.785397673886888 NaN
0.479 -0.729510449177404 -0.230527585556 0.785397673886889 NaN
0.48 -0.732174526501534 -0.232143418189493 0.785397673886889 NaN
0.481 -0.734841005969365 -0.233766431638834 0.78539767388689 NaN
0.482 -0.737509054008633 -0.235396402774312 0.785397673886889 NaN
0.483 -0.740177823022648 -0.237033100853658 0.785397673886889 NaN
0.484 -0.742846451840421 -0.238676288096654 0.78539767388689 NaN
0.485 -0.745514065638215 -0.240325719147542 0.785397673886889 NaN
0.486 -0.748179776209877 -0.241981141240593 0.785397673886889 NaN
0.487 -0.750842682086702 -0.243642294930231 0.785397673886889 NaN
0.488 -0.753501868974897 -0.245308912815625 0.785397673886889 NaN
0.489 -0.756156409793551 -0.246980720916659 0.785397673886889 NaN
0.49 -0.758805365023729 -0.248657437194008 0.785397673886889 NaN
0.491 -0.761447782910469 -0.250338773025738 0.785397673886889 NaN
0.492 -0.764082699910841 -0.252024432765224 0.785397673886889 NaN
0.493 -0.766709140775607 -0.253714112704513 0.785397673886889 NaN
0.494 -0.769326118968607 -0.255407503419081 0.78539767388689 NaN
0.495 -0.77193263723213 -0.257104287259925 0.785397673886888 NaN
0.496 -0.774527687531371 -0.258804140917808 0.785397673886889 NaN
0.497 -0.777110251807141 -0.260506733084516 0.785397673886889 NaN
0.498 -0.779679302191735 -0.262211726353938 0.785397673886889 NaN
0.499 -0.782233801473982 -0.263918776861093 0.785397673886889 NaN
0.5 -0.784772703599099 -0.265627533685323 0.785397673886889 NaN
0.501 -0.787294954125269 -0.267337640305839 0.785397673886889 NaN
0.502 -0.789799490723741 -0.269048733222196 0.785397673886889 NaN
0.503 -0.792285243798357 -0.270760442986695 0.785397673886889 NaN
0.504 -0.794751136802056 -0.27247239494724 0.785397673886889 NaN
0.505 -0.797196087219266 -0.274184207476174 0.785397673886889 NaN
0.506 -0.799619006804999 -0.275895494819586 0.785397673886889 NaN
0.507 -0.802018802617493 -0.277605864462227 0.785397673886889 NaN
0.508 -0.804394377374045 -0.279314920234656 0.785397673886889 NaN
0.509 -0.806744630323525 -0.281022259895239 0.785397673886889 NaN
0.51 -0.80906845807289 -0.282727476742646 0.78539767388689 NaN
0.511 -0.811364755325343 -0.284430160524567 0.785397673886889 NaN
0.512 -0.813632415665257 -0.286129896164154 0.78539767388689 NaN
0.513 -0.815870332655606 -0.287826264376601 0.785397673886889 NaN
0.514 -0.818077400519407 -0.289518843638868 0.785397673886889 NaN
0.515 -0.820252515224457 -0.2912072088004 0.785397673886889 NaN
0.516 -0.822394575618688 -0.292890930836819 0.785397673886889 NaN
0.517 -0.824502484276476 -0.29456958017099 0.785397673886889 NaN
0.518 -0.826575149071054 -0.296242724290304 0.785397673886889 NaN
0.519 -0.828611483877239 -0.297909929044724 0.785397673886889 NaN
0.52 -0.830610410246219 -0.299570758963532 0.785397673886889 NaN
0.521 -0.832570858558942 -0.301224778962171 0.785397673886889 NaN
0.522 -0.834491769554443 -0.302871553726933 0.785397673886889 NaN
0.523 -0.836372095736174 -0.304510646925547 0.785397673886889 NaN
0.524 -0.838210803120333 -0.306141625096046 0.785397673886889 NaN
0.525 -0.840006872900144 -0.307764056031188 0.785397673886889 NaN
0.526 -0.841759303065405 -0.309377509387812 0.785397673886889 NaN
0.527 -0.843467110655958 -0.310981557710934 0.785397673886889 NaN
0.528 -0.845129333436649 -0.312575778076765 0.785397673886889 NaN
0.529 -0.846745032362488 -0.314159752064717 0.785397673886889 NaN
0.53 -0.848313293835915 -0.315733066318256 0.785397673886889 NaN
0.531 -0.849833232295605 -0.317295314301226 0.785397673886889 NaN
0.532 -0.851303992562741 -0.318846096394078 0.785397673886889 NaN
0.533 -0.852724753271012 -0.320385021982369 0.785397673886888 NaN
0.534 -0.854094729631559 -0.321911709825929 0.785397673886889 NaN
0.535 -0.8554131770811 -0.323425789287802 0.785397673886889 NaN
0.536 -0.856679395116561 -0.324926902592082 0.785397673886889 NaN
0.537 -0.857892731137731 -0.326414705873415 0.785397673886889 NaN
0.538 -0.859052585580752 -0.327888869683487 0.785397673886889 NaN
0.539 -0.860158416792434 -0.329349082871265 0.785397673886889 NaN
0.54 -0.861209746911197 -0.330795053973945 0.785397673886889 NaN
0.541 -0.862206168937508 -0.332226512401831 0.785397673886889 NaN
0.542 -0.863147354131634 -0.333643213139482 0.785397673886889 NaN
0.543 -0.864033060919574 -0.335044938801876 0.785397673886889 NaN
0.544 -0.86486314492754 -0.33643150271879 0.785397673886889 NaN
0.545 -0.865637570920164 -0.337802754803888 0.785397673886889 NaN
0.546 -0.86635642573658 -0.339158583388887 0.785397673886889 NaN
0.547 -0.867019933458668 -0.340498924375588 0.785397673886889 NaN
0.548 -0.867628472073459 -0.3418237631265 0.785397673886889 NaN
0.549 -0.868182590881698 -0.34313314340401 0.785397673886889 NaN
0.55 -0.86868302852632 -0.344427172047958 0.785397673886889 NaN
0.551 -0.869130729803992 -0.345706026464756 0.785397673886889 NaN
0.552 -0.869526859290392 -0.346969957819728 0.785397673886889 NaN
0.553 -0.869872809991701 -0.348219296576261 0.785397673886889 NaN
0.554 -0.870170204448112 -0.349454450686641 0.785397673886889 NaN
0.555 -0.870420885907055 -0.350675906781162 0.785397673886889 NaN
0.556 -0.870626897239074 -0.351884218776518 0.785397673886889 NaN
0.557 -0.870790448261346 -0.353080003160496 0.785397673886889 NaN
0.558 -0.870913868946456 -0.35426391908816 0.785397673886889 NaN
0.559 -0.8709995528449 -0.355436652224387 0.785397673886889 NaN
0.56 -0.871049891176888 -0.356598892563055 0.785397673886888 NaN
0.561 -0.871067202755608 -0.357751311610155 0.785397673886889 NaN
0.562 -0.871053664584764 -0.358894537417127 0.785397673886889 NaN
0.563 -0.871011246766265 -0.360029134067942 0.785397673886889 NaN
0.564 -0.870941658646064 -0.361155583362979 0.785397673886889 NaN
0.565 -0.870846307194753 -0.362274268837457 0.785397673886889 NaN
0.566 -0.870726273036151 -0.363385468090236 0.785397673886889 NaN
0.567 -0.870582303055965 -0.364489348989041 0.785397673886889 NaN
0.568 -0.870414819882718 -0.365585973124503 0.785397673886888 NaN
0.569 -0.870223946491894 -0.36667530146172 0.785397673886889 NaN
0.57 -0.870009541824444 -0.36775720718812 0.785397673886889 NaN
0.571 -0.869771245416697 -0.368831489578866 0.785397673886889 NaN
0.572 -0.869508524966371 -0.369897888944126 0.78539767388689 NaN
0.573 -0.869220724888638 -0.370956104177308 0.78539767388689 NaN
0.574 -0.868907111872293 -0.372005806181634 0.785397673886889 NaN
0.575 -0.868566915206856 -0.373046653347322 0.78539767388689 NaN
0.576 -0.868199360786154 -0.374078300524388 0.785397673886889 NaN
0.577 -0.867803697658029 -0.375100411525304 0.785397673886889 NaN
0.578 -0.867379217872767 -0.376112662135247 0.785397673886889 NaN
0.579 -0.866925269271167 -0.377114747134459 0.785397673886889 NaN
0.58 -0.866441263760223 -0.378106383066319 0.785397673886888 NaN
0.581 -0.865926680204321 -0.37908730763626 0.785397673886889 NaN
0.582 -0.865381064915194 -0.380057281890946 0.785397673886889 NaN
0.583 -0.864804029368145 -0.381016088402994 0.785397673886889 NaN
0.584 -0.864195246871589 -0.381963531387275 0.785397673886889 NaN
0.585 -0.863554448126269 -0.382899433518927 0.785397673886889 NaN
0.586 -0.862881416976343 -0.383823635920608 0.78539767388689 NaN
0.587 -0.862175985661761 -0.384735996802804 0.785397673886888 NaN
0.588 -0.861438030930731 -0.385636389159494 0.785397673886889 NaN
0.589 -0.860667469948059 -0.386524700842041 0.785397673886889 NaN
0.59 -0.859864256957906 -0.387400831306828 0.785397673886889 NaN
0.591 -0.859028380660025 -0.388264693994314 0.785397673886889 NaN
0.592 -0.858159861311368 -0.389116212960765 0.785397673886889 NaN
0.593 -0.857258748656854 -0.389955322699566 0.785397673886889 NaN
0.594 -0.856325120264856 -0.390781968983847 0.785397673886889 NaN
0.595 -0.855359079850988 -0.391596106628755 0.785397673886889 NaN
0.596 -0.85436075625876 -0.392397700115938 0.785397673886889 NaN
0.597 -0.853330302159634 -0.393186723810758 0.785397673886889 NaN
0.598 -0.852267893219061 -0.393963160275712 0.785397673886889 NaN
0.599 -0.851173727577333 -0.394727001672894 0.785397673886889 NaN
0.6 -0.850048024876696 -0.3954782476031 0.785397673886889 NaN
0.601 -0.848891026109751 -0.396216908665346 0.785397673886889 NaN
0.602 -0.847702992687847 -0.396943001442842 0.785397673886889 NaN
0.603 -0.846484206615987 -0.397656552646306 0.785397673886889 NaN
0.604 -0.845234969572715 -0.398357596647194 0.785397673886889 NaN
0.605 -0.843955602897939 -0.399046176030866 0.785397673886889 NaN
0.606 -0.842646447217199 -0.399722342541041 0.785397673886889 NaN
0.607 -0.841307862327128 -0.400386155512785 0.785397673886889 NaN
0.608 -0.839940226807627 -0.401037682875645 0.785397673886889 NaN
0.609 -0.838543937800505 -0.401677000801576 0.785397673886889 NaN
0.61 -0.837119410886807 -0.402304193587933 0.785397673886889 NaN
0.611 -0.835667080023345 -0.40291935411027 0.785397673886889 NaN
0.612 -0.834187397038129 -0.403522583443921 0.785397673886889 NaN
0.613 -0.832680831758719 -0.404113990963888 0.785397673886889 NaN
0.614 -0.83114787180013 -0.404693694162245 0.785397673886889 NaN
0.615 -0.829589022351197 -0.405261819487778 0.785397673886889 NaN
0.616 -0.828004806032325 -0.405818500922878 0.785397673886889 NaN
0.617 -0.826395762763308 -0.406363881478709 0.785397673886889 NaN
0.618 -0.824762449682712 -0.406898111714331 0.785397673886889 NaN
0.619 -0.823105440948463 -0.407421352021595 0.785397673886889 NaN
0.62 -0.821425327432785 -0.407933769149205 0.785397673886889 NaN
0.621 -0.819722717007988 -0.408435541012494 0.785397673886889 NaN
0.622 -0.817998233777001 -0.408926850252218 0.785397673886889 NaN
0.623 -0.816252518730675 -0.409407892029981 0.785397673886889 NaN
0.624 -0.814486228506578 -0.40987886703805 0.785397673886889 NaN
0.625 -0.812700036347742 -0.410339985303085 0.785397673886889 NaN
0.626 -0.810894631127304 -0.410791465752345 0.785397673886889 NaN
0.627 -0.809070717530517 -0.411233534944231 0.785397673886889 NaN
0.628 -0.807229015778006 -0.411666428432548 0.785397673886889 NaN
0.629 -0.805370261304255 -0.412090390097935 0.785397673886889 NaN
0.63 -0.803495204938937 -0.412505672397666 0.785397673886888 NaN
0.631 -0.801604612212138 -0.412912535591832 0.785397673886889 NaN
0.632 -0.799699263311034 -0.413311249309001 0.785397673886888 NaN
0.633 -0.797779953104097 -0.413702090240865 0.785397673886889 NaN
0.634 -0.795847490477279 -0.414085345464475 0.785397673886889 NaN
0.635 -0.793902698369639 -0.414461307779228 0.78539767388689 NaN
0.636 -0.791946413440844 -0.414830280500302 0.785397673886889 NaN
0.637 -0.789979485690704 -0.415192573634727 0.785397673886889 NaN
0.638 -0.788002778261934 -0.415548506760119 0.785397673886889 NaN
0.639 -0.786017167349417 -0.415898406802181 0.785397673886889 NaN
0.64 -0.784023541362195 -0.416242608473659 0.785397673886889 NaN
0.641 -0.782022801025427 -0.41658145553185 0.785397673886889 NaN
0.642 -0.780015858945948 -0.416915298590039 0.785397673886889 NaN
0.643 -0.778003639063375 -0.417244496936467 0.785397673886889 NaN
0.644 -0.775987076653774 -0.417569417933876 0.785397673886889 NaN
0.645 -0.773967117616081 -0.417890435879368 0.785397673886889 NaN
0.646 -0.771944718076721 -0.418207932588771 0.785397673886889 NaN
0.647 -0.769920844260231 -0.41852229839486 0.785397673886889 NaN
0.648 -0.76789647173398 -0.418833930124558 0.785397673886889 NaN
0.649 -0.765872585173899 -0.419143232765942 0.785397673886889 NaN
0.65 -0.76385017779522 -0.419450617776114 0.785397673886889 NaN
0.651 -0.761830250915725 -0.419756503542311 0.785397673886889 NaN
0.652 -0.759813813463321 -0.420061316701981 0.785397673886889 NaN
0.653 -0.75780188140121 -0.420365488880886 0.785397673886889 NaN
0.654 -0.755795477223089 -0.420669459432341 0.785397673886889 NaN
0.655 -0.753795629515441 -0.420973673821296 0.785397673886889 NaN
0.656 -0.751803372152597 -0.421278583346885 0.785397673886889 NaN
0.657 -0.749819743879506 -0.421584646349384 0.785397673886888 NaN
0.658 -0.747845787665316 -0.421892326199663 0.785397673886889 NaN
0.659 -0.745882549971775 -0.422202091775809 0.785397673886889 NaN
0.66 -0.743931080536107 -0.422514418491279 0.785397673886889 NaN
0.661 -0.741992430810658 -0.422829785265797 0.785397673886889 NaN
0.662 -0.740067654322132 -0.423148677622802 0.785397673886889 NaN
0.663 -0.738157805119137 -0.423471584282398 0.785397673886889 NaN
0.664 -0.736263937694599 -0.423798999667055 0.785397673886889 NaN
0.665 -0.734387105600309 -0.424131421181714 0.785397673886889 NaN
0.666 -0.732528361285937 -0.424469350821784 0.785397673886889 NaN
0.667 -0.730688754830297 -0.424813293261444 0.785397673886888 NaN
0.668 -0.728869333396791 -0.425163757753303 0.785397673886889 NaN
0.669 -0.727071140156234 -0.425521254436585 0.78539767388689 NaN
0.67 -0.725295213719015 -0.42588629735433 0.785397673886889 NaN
0.671 -0.723542587112547 -0.426259401988075 0.785397673886889 NaN
0.672 -0.721814286584252 -0.426641085444709 0.785397673886889 NaN
0.673 -0.720111331150846 -0.427031866629022 0.785397673886889 NaN
0.674 -0.718434731354087 -0.427432264676796 0.785397673886889 NaN
0.675 -0.716785488185142 -0.427842799062397 0.785397673886889 NaN
0.676 -0.715164592554157 -0.42826399004614 0.785397673886889 NaN
0.677 -0.713573023424747 -0.428696355845767 0.785397673886889 NaN
0.678 -0.712011747549642 -0.42914041481934 0.785397673886889 NaN
0.679 -0.710481718198135 -0.429596683466828 0.785397673886889 NaN
0.68 -0.70898387355243 -0.430065675811393 0.785397673886888 NaN
0.681 -0.707519136168873 -0.43054790279456 0.785397673886889 NaN
0.682 -0.706088411460993 -0.431043873383588 0.785397673886889 NaN
0.683 -0.704692586726058 -0.431554091184269 0.785397673886889 NaN
0.684 -0.703332529628483 -0.432079056159218 0.785397673886889 NaN
0.685 -0.702009087148998 -0.432619262444392 0.785397673886889 NaN
0.686 -0.700723084486285 -0.433175198590424 0.785397673886888 NaN
0.687 -0.699475323283679 -0.433747346971073 0.785397673886889 NaN
0.688 -0.698266580495567 -0.43433618108393 0.785397673886889 NaN
0.689 -0.697097607201496 -0.434942167907511 0.785397673886889 NaN
0.69 -0.695969127041053 -0.435565765059339 0.78539767388689 NaN
0.691 -0.694881834780542 -0.436207420068298 0.785397673886889 NaN
0.692 -0.693836394678925 -0.436867570114183 0.785397673886888 NaN
0.693 -0.692833439507204 -0.437546641240063 0.785397673886889 NaN
0.694 -0.691873568315149 -0.438245046171192 0.785397673886889 NaN
0.695 -0.690957345609775 -0.43896318565166 0.785397673886889 NaN
0.696 -0.690085299119421 -0.439701445683125 0.785397673886889 NaN
0.697 -0.689257918578331 -0.440460196678064 0.785397673886889 NaN
0.698 -0.688475653770649 -0.44123979328098 0.785397673886889 NaN
0.699 -0.687738913144429 -0.442040572266594 0.785397673886889 NaN
0.7 -0.687048061810504 -0.442862852895008 0.785397673886889 NaN
0.701 -0.686403419954779 -0.443706933948254 0.785397673886889 NaN
0.702 -0.68580526074566 -0.44457309397993 0.785397673886889 NaN
0.703 -0.685253808711671 -0.445461589993343 0.785397673886888 NaN
0.704 -0.684749237997909 -0.446372654938626 0.785397673886889 NaN
0.705 -0.684291669880189 -0.44730649833572 0.785397673886888 NaN
0.706 -0.683881171542925 -0.4482633035955 0.785397673886889 NaN
0.707 -0.683517753254026 -0.449243226996877 0.785397673886889 NaN
0.708 -0.683201366893144 -0.450246396498972 0.785397673886889 NaN
0.709 -0.682931903699643 -0.451272910425311 0.785397673886889 NaN
0.71 -0.682709191863307 -0.452322835297814 0.785397673886889 NaN
0.711 -0.68253299480736 -0.453396205751705 0.785397673886889 NaN
0.712 -0.682403008106863 -0.454493020828705 0.785397673886889 NaN
0.713 -0.682318858396748 -0.455613245347021 0.785397673886889 NaN
0.714 -0.68228009978322 -0.456756805095232 0.785397673886889 NaN
0.715 -0.682286212221118 -0.45792358743604 0.785397673886889 NaN
0.716 -0.682336598961466 -0.459113439010213 0.785397673886889 NaN
0.717 -0.682430583926877 -0.460326163719667 0.785397673886889 NaN
0.718 -0.682567409340368 -0.461561521856392 0.785397673886889 NaN
0.719 -0.682746233691805 -0.462819226650035 0.785397673886889 NaN
0.72 -0.682966129454389 -0.464098946112507 0.785397673886889 NaN
0.721 -0.683226081154018 -0.465400298104292 0.785397673886889 NaN
0.722 -0.683524983729484 -0.466722850443061 0.785397673886889 NaN
0.723 -0.683861642432792 -0.468066121344197 0.785397673886888 NaN
0.724 -0.684234772497156 -0.46942957682524 0.785397673886889 NaN
0.725 -0.684643000797454 -0.470812633426998 0.785397673886889 NaN
0.726 -0.685084869175988 -0.472214656822311 0.785397673886889 NaN
0.727 -0.685558840213503 -0.473634967371618 0.785397673886889 NaN
0.728 -0.686063304926432 -0.475072841009395 0.785397673886889 NaN
0.729 -0.686596594815502 -0.476527517326348 0.785397673886889 NaN
0.73 -0.687156997226968 -0.477998206060802 0.785397673886889 NaN
0.731 -0.687742774156106 -0.479484097203457 0.785397673886888 NaN
0.732 -0.688352185451539 -0.480984373085981 0.785397673886889 NaN
0.733 -0.688983515970037 -0.482498222521771 0.785397673886889 NaN
0.734 -0.68963510502067 -0.484024857129125 0.785397673886888 NaN
0.735 -0.69030537814529 -0.485563527227118 0.785397673886889 NaN
0.736 -0.690992879210949 -0.487113540900776 0.785397673886888 NaN
0.737 -0.69169630125554 -0.488674279654573 0.785397673886889 NaN
0.738 -0.692414513861696 -0.4902452137336 0.785397673886889 NaN
0.739 -0.693146586978486 -0.491825918171724 0.785397673886889 NaN
0.74 -0.693891806032173 -0.493416078547371 0.785397673886889 NaN
0.741 -0.694649680486499 -0.495015498324063 0.785397673886889 NaN
0.742 -0.695419944511865 -0.496624100934588 0.785397673886889 NaN
0.743 -0.69620254733324 -0.498241923996753 0.785397673886889 NaN
0.744 -0.696997636739127 -0.499869112463903 0.785397673886889 NaN
0.745 -0.697805535462802 -0.501505906387242 0.785397673886888 NaN
0.746 -0.69862671173119 -0.503152625269207 0.785397673886889 NaN
0.747 -0.69946174686082 -0.504809651347982 0.785397673886889 NaN
0.748 -0.700311301112109 -0.506477410915226 0.785397673886889 NaN
0.749 -0.70117608038468 -0.508156356328586 0.785397673886889 NaN
0.75 -0.702056805040055 -0.509846949042016 0.785397673886888 NaN
0.751 -0.702954182533343 -0.511549644981411 0.785397673886889 NaN
0.752 -0.703868883920936 -0.513264879389252 0.785397673886889 NaN
0.753 -0.704801525910202 -0.514993059290115 0.785397673886889 NaN
0.754 -0.705752658128336 -0.516734554657702 0.785397673886889 NaN
0.755 -0.706722754068306 -0.51848969270854 0.785397673886888 NaN
0.756 -0.707712207191648 -0.520258756549266 0.785397673886888 NaN
0.757 -0.708721329820946 -0.522041984362959 0.785397673886889 NaN
0.758 -0.709750354103655 -0.523839567531107 0.785397673886889 NaN
0.759 -0.710799436218821 -0.525651655788195 0.785397673886888 NaN
0.76 -0.711868659901437 -0.527478358137103 0.785397673886888 NaN
0.761 -0.712958041670625 -0.529319744100979 0.785397673886889 NaN
0.762 -0.714067536081998 -0.531175848451783 0.785397673886889 NaN
0.763 -0.715197039969823 -0.533046673414601 0.785397673886889 NaN
0.764 -0.716346397064793 -0.534932189924799 0.785397673886889 NaN
0.765 -0.717515402156742 -0.536832341235815 0.785397673886889 NaN
0.766 -0.71870380373921 -0.538747044365005 0.785397673886889 NaN
0.767 -0.719911307259913 -0.540676190340619 0.785397673886888 NaN
0.768 -0.721137577637279 -0.542619648132957 0.785397673886889 NaN
0.769 -0.722382240631887 -0.54457726204093 0.785397673886888 NaN
0.77 -0.723644884969836 -0.546548855622044 0.785397673886889 NaN
0.771 -0.724925063725752 -0.548534230703098 0.785397673886889 NaN
0.772 -0.726222295610189 -0.550533168052734 0.785397673886888 NaN
0.773 -0.727536065895489 -0.552545427687962 0.785397673886889 NaN
0.774 -0.72886582814121 -0.554570750155458 0.785397673886889 NaN
0.775 -0.730211005069364 -0.556608855878295 0.785397673886889 NaN
0.776 -0.731570989863229 -0.558659445831218 0.785397673886888 NaN
0.777 -0.732945147388424 -0.560722202431041 0.785397673886888 NaN
0.778 -0.734332815772927 -0.562796789674309 0.785397673886889 NaN
0.779 -0.735733307705861 -0.564882853312993 0.785397673886889 NaN
0.78 -0.737145911677874 -0.566980022224437 0.785397673886888 NaN
0.781 -0.738569893773267 -0.569087908651705 0.785397673886889 NaN
0.782 -0.74000449903831 -0.571206109053145 0.785397673886889 NaN
0.783 -0.741448952745621 -0.573334204310749 0.785397673886889 NaN
0.784 -0.742902461651244 -0.575471760142456 0.785397673886888 NaN
0.785 -0.744364215715677 -0.577618329342222 0.785397673886889 NaN
0.786 -0.745833388675301 -0.579773450214232 0.785397673886889 NaN
0.787 -0.747309139899148 -0.581936648721662 0.785397673886889 NaN
0.788 -0.748790614727387 -0.584107437847749 0.785397673886889 NaN
0.789 -0.750276945625856 -0.586285319557495 0.785397673886889 NaN
0.79 -0.75176725313592 -0.588469783554723 0.785397673886889 NaN
0.791 -0.753260646624053 -0.590660308849278 0.785397673886889 NaN
0.792 -0.754756224710452 -0.592856363420987 0.785397673886888 NaN
0.793 -0.756253075960206 -0.595057405148754 0.78539767388689 NaN
0.794 -0.757750279929805 -0.597262882004149 0.785397673886889 NaN
0.795 -0.759246906876641 -0.599472231534913 0.785397673886888 NaN
0.796 -0.760742019139048 -0.601684882821928 0.785397673886888 NaN
0.797 -0.762234671182703 -0.603900255101086 0.785397673886888 NaN
0.798 -0.763723910035054 -0.606117758955889 0.785397673886889 NaN
0.799 -0.765208776082741 -0.608336796246645 0.785397673886889 NaN
0.8 -0.766688303360009 -0.610556761337055 0.785397673886888 NaN
0.801 -0.768161520073345 -0.612777039645334 0.785397673886889 NaN
0.802 -0.769627449393923 -0.614997009878067 0.785397673886888 NaN
0.803 -0.771085109471876 -0.617216042611599 0.785397673886889 NaN
0.804 -0.77253351440617 -0.619433503054372 0.785397673886889 NaN
0.805 -0.773971674711518 -0.621648748399179 0.785397673886889 NaN
0.806 -0.775398597438482 -0.623861129673568 0.785397673886888 NaN
0.807 -0.776813287610413 -0.626069993746913 0.785397673886888 NaN
0.808 -0.778214748027647 -0.628274680498659 0.785397673886889 NaN
0.809 -0.779601979902047 -0.630474525471195 0.785397673886888 NaN
0.81 -0.780973984414437 -0.632668860054128 0.785397673886889 NaN
0.811 -0.78232976177161 -0.634857011602707 0.785397673886888 NaN
0.812 -0.783668313228485 -0.637038302370987 0.785397673886889 NaN
0.813 -0.78498864111948 -0.639212053797243 0.785397673886889 NaN
0.814 -0.786289749707766 -0.641377583821921 0.785397673886888 NaN
0.815 -0.787570645479601 -0.6435342077194 0.785397673886889 NaN
0.816 -0.788830338226472 -0.645681239345929 0.785397673886889 NaN
0.817 -0.790067841566803 -0.647817991678908 0.785397673886889 NaN
0.818 -0.791282174002266 -0.649943777060757 0.785397673886889 NaN
0.819 -0.792472359201319 -0.652057908898238 0.785397673886889 NaN
0.82 -0.793637426674991 -0.65415969900082 0.785397673886888 NaN
0.821 -0.794776413240367 -0.656248462742074 0.785397673886888 NaN
0.822 -0.795888362779117 -0.658323515716143 0.785397673886889 NaN
0.823 -0.796972327803399 -0.660384175848105 0.785397673886889 NaN
0.824 -0.798027369815863 -0.662429764507932 0.785397673886889 NaN
0.825 -0.799052560415962 -0.664459606712299 0.785397673886889 NaN
0.826 -0.800046981861296 -0.666473031942132 0.785397673886889 NaN
0.827 -0.801009727883653 -0.668469373876942 0.785397673886888 NaN
0.828 -0.80193990445531 -0.670447971181259 0.785397673886888 NaN
0.829 -0.802836631098394 -0.672408170612925 0.785397673886889 NaN
0.83 -0.803699040978675 -0.674349323614395 0.785397673886888 NaN
0.831 -0.804526282616852 -0.676270791001668 0.785397673886889 NaN
0.832 -0.805317519873569 -0.678171939901254 0.785397673886889 NaN
0.833 -0.806071933333772 -0.680052147647986 0.785397673886889 NaN
0.834 -0.806788721100833 -0.681910800370847 0.785397673886889 NaN
0.835 -0.807467099729205 -0.683747295087135 0.785397673886889 NaN
0.836 -0.808106305041122 -0.68556103988438 0.785397673886889 NaN
0.837 -0.808705592884817 -0.687351453103426 0.785397673886889 NaN
0.838 -0.809264240156402 -0.689117966574502 0.785397673886889 NaN
0.839 -0.809781545888445 -0.690860025261699 0.785397673886888 NaN
0.84 -0.810256831681237 -0.692577087194543 0.785397673886888 NaN
0.841 -0.810689443515457 -0.694268626264925 0.785397673886889 NaN
0.842 -0.811078751186432 -0.695934129194482 0.785397673886889 NaN
0.843 -0.811424150934645 -0.697573101039696 0.785397673886889 NaN
0.844 -0.81172506501651 -0.699185061941508 0.785397673886889 NaN
0.845 -0.811980943234907 -0.700769549760352 0.785397673886889 NaN
0.846 -0.812191263932625 -0.702326120559531 0.785397673886889 NaN
0.847 -0.81235553449546 -0.703854348990829 0.785397673886888 NaN
0.848 -0.812473292576794 -0.705353828826604 0.785397673886889 NaN
0.849 -0.812544106896766 -0.706824173834283 0.785397673886889 NaN
0.85 -0.812567578287606 -0.70826501918428 0.785397673886888 NaN
0.851 -0.812543340423574 -0.709676021130036 0.785397673886889 NaN
0.852 -0.812471060573564 -0.711056856839507 0.785397673886889 NaN
0.853 -0.812350440881175 -0.712407228035536 0.785397673886889 NaN
0.854 -0.812181218833363 -0.71372685819934 0.785397673886889 NaN
0.855 -0.811963168569257 -0.715015495259406 0.785397673886889 NaN
0.856 -0.811696101274116 -0.716272911986172 0.785397673886889 NaN
0.857 -0.811379866116376 -0.71749890550308 0.785397673886889 NaN
0.858 -0.811014351241205 -0.718693299046924 0.785397673886888 NaN
0.859 -0.810599484481088 -0.719855941636654 0.785397673886889 NaN
0.86 -0.810135234032792 -0.720986709117449 0.785397673886889 NaN
0.861 -0.809621609100958 -0.722085504121317 0.785397673886888 NaN
0.862 -0.809058661036872 -0.723152257186827 0.785397673886888 NaN
0.863 -0.808446483637979 -0.724186926493696 0.785397673886889 NaN
0.864 -0.807785213806529 -0.725189499300489 0.785397673886889 NaN
0.865 -0.807075032509648 -0.726159990992322 0.785397673886889 NaN
0.866 -0.806316164633671 -0.727098445780673 0.785397673886889 NaN
0.867 -0.805508880579058 -0.728004938018138 0.785397673886889 NaN
0.868 -0.804653495512593 -0.728879570699299 0.785397673886889 NaN
0.869 -0.803750370882131 -0.729722477775388 0.785397673886889 NaN
0.87 -0.802799913771846 -0.730533822127866 0.785397673886889 NaN
0.871 -0.801802578166519 -0.731313797621555 0.785397673886889 NaN
0.872 -0.800758864310414 -0.732062627701191 0.785397673886888 NaN
0.873 -0.799669319345259 -0.732780566331416 0.785397673886889 NaN
0.874 -0.798534536728233 -0.733467896364678 0.785397673886889 NaN
0.875 -0.797355157194282 -0.734124933288889 0.785397673886889 NaN
0.876 -0.796131867464123 -0.734752019368869 0.785397673886889 NaN
0.877 -0.794865400404383 -0.735349528245957 0.785397673886889 NaN
0.878 -0.793556534876114 -0.73591786336422 0.785397673886889 NaN
0.879 -0.792206094223996 -0.736457454687811 0.785397673886889 NaN
0.88 -0.790814946293668 -0.736968763061562 0.785397673886889 NaN
0.881 -0.789384002000315 -0.737452274733926 0.785397673886889 NaN
0.882 -0.787914214334208 -0.737908504419808 0.785397673886889 NaN
0.883 -0.786406576779587 -0.738337992767052 0.785397673886888 NaN
0.884 -0.784862121759748 -0.738741305734639 0.785397673886888 NaN
0.885 -0.783281918288747 -0.739119032111214 0.785397673886888 NaN
0.886 -0.78166707024835 -0.739471785501317 0.785397673886888 NaN
0.887 -0.780018713429097 -0.739800199793031 0.785397673886888 NaN
0.888 -0.778338012278823 -0.740104928387584 0.785397673886889 NaN
0.889 -0.776626157265643 -0.74038664459823 0.785397673886889 NaN
0.89 -0.774884359830484 -0.740646035061898 0.785397673886888 NaN
0.891 -0.773113849364503 -0.740883802336457 0.785397673886889 NaN
0.892 -0.771315867420167 -0.741100659315675 0.785397673886888 NaN
0.893 -0.769491662757115 -0.741297327393475 0.785397673886889 NaN
0.894 -0.767642484962163 -0.741474533179888 0.785397673886888 NaN
0.895 -0.76576957838391 -0.741633004556677 0.785397673886889 NaN
0.896 -0.763874174276875 -0.741773467519392 0.785397673886888 NaN
0.897 -0.761957483174374 -0.741896641088873 0.785397673886889 NaN
0.898 -0.760020686750607 -0.742003233081446 0.785397673886889 NaN
0.899 -0.758064927892214 -0.742093934541375 0.785397673886889 NaN
0.9 -0.756091301942845 -0.742169415083856 0.785397673886889 NaN
0.901 -0.754100846356994 -0.742230315394519 0.785397673886889 NaN
0.902 -0.752094530450474 -0.742277241981498 0.785397673886889 NaN
0.903 -0.750073245684792 -0.742310761527916 0.785397673886888 NaN
0.904 -0.748037796048951 -0.74233139430264 0.785397673886888 NaN
0.905 -0.745988889078504 -0.742339607878428 0.785397673886889 NaN
0.906 -0.743927127831025 -0.742335812442755 0.785397673886889 NaN
0.907 -0.74185300530376 -0.742320355438475 0.785397673886888 NaN
0.908 -0.739766900189238 -0.742293519013824 0.785397673886889 NaN
0.909 -0.73766907513626 -0.742255517910714 0.785397673886888 NaN
0.91 -0.73555967826525 -0.742206498039771 0.785397673886889 NaN
0.911 -0.733438747461356 -0.742146540092234 0.785397673886888 NaN
0.912 -0.731306218154987 -0.742075660840845 0.785397673886889 NaN
0.913 -0.729161933577124 -0.741993820095002 0.785397673886889 NaN
0.914 -0.727005659088437 -0.741900927539019 0.785397673886889 NaN
0.915 -0.724837097931168 -0.741796852897686 0.785397673886889 NaN
0.916 -0.722655909507285 -0.741681434700618 0.785397673886889 NaN
0.917 -0.720461728910411 -0.741554494141534 0.785397673886889 NaN
0.918 -0.718254186128391 -0.741415844448836 0.785397673886888 NaN
0.919 -0.716032926169667 -0.741265306080152 0.785397673886889 NaN
0.92 -0.713797626790576 -0.741102715345521 0.785397673886889 NaN
0.921 -0.711548014459574 -0.740927936059983 0.785397673886889 NaN
0.922 -0.709283878498226 -0.740740868661904 0.785397673886889 NaN
0.923 -0.707005081440482 -0.740541457232965 0.785397673886888 NaN
0.924 -0.70471156668269 -0.740329694105355 0.785397673886888 NaN
0.925 -0.702403362915593 -0.74010562501349 0.785397673886888 NaN
0.926 -0.700080585159526 -0.739869347258988 0.785397673886888 NaN
0.927 -0.697743434285837 -0.739621013679024 0.785397673886888 NaN
0.928 -0.695392192512688 -0.739360826640034 0.785397673886888 NaN
0.929 -0.69302721868138 -0.739089038045897 0.785397673886889 NaN
0.93 -0.690648941251887 -0.738805943693695 0.785397673886889 NaN
0.931 -0.68825785134419 -0.738511879408984 0.785397673886889 NaN
0.932 -0.68585449493693 -0.738207216137553 0.785397673886888 NaN
0.933 -0.683439465305149 -0.737892355732155 0.785397673886888 NaN
0.934 -0.681013396254713 -0.737567726467596 0.785397673886888 NaN
0.935 -0.678576954765116 -0.737233777429928 0.785397673886889 NaN
0.936 -0.676130835507969 -0.736890976100693 0.785397673886889 NaN
0.937 -0.673675755833546 -0.73653980394127 0.785397673886889 NaN
0.938 -0.671212451609058 -0.736180755706636 0.785397673886889 NaN
0.939 -0.668741672769222 -0.735814334121534 0.785397673886889 NaN
0.94 -0.666264180955029 -0.735441050327632 0.785397673886889 NaN
0.941 -0.663780746807152 -0.735061419776686 0.785397673886889 NaN
0.942 -0.661292147599628 -0.734675962896887 0.785397673886888 NaN
0.943 -0.658799166466203 -0.73428520420387 0.785397673886889 NaN
0.944 -0.656302589781689 -0.733889668504927 0.785397673886889 NaN
0.945 -0.653803207670226 -0.73348988425281 0.785397673886888 NaN
0.946 -0.651301810915854 -0.733086379094621 0.785397673886889 NaN
0.947 -0.6487991922974 -0.732679682447712 0.785397673886888 NaN
0.948 -0.646296144572261 -0.732270322853699 0.785397673886888 NaN
0.949 -0.643793459690421 -0.731858827327082 0.785397673886889 NaN
0.95 -0.641291928729292 -0.731445723185177 0.785397673886889 NaN
0.951 -0.638792341059791 -0.731031535513898 0.785397673886889 NaN
0.952 -0.636295483651534 -0.730616787290579 0.785397673886889 NaN
0.953 -0.633802140666067 -0.730201999396693 0.785397673886888 NaN
0.954 -0.631313092800021 -0.729787690615776 0.785397673886889 NaN
0.955 -0.628829116514776 -0.72937437562083 0.785397673886889 NaN
0.956 -0.626350983964841 -0.728962566706649 0.785397673886889 NaN
0.957 -0.623879462011846 -0.728552771712229 0.785397673886889 NaN
0.958 -0.621415312143249 -0.728145494709509 0.785397673886888 NaN
0.959 -0.618959289422577 -0.727741235058877 0.785397673886889 NaN
0.96 -0.616512143189262 -0.727340489347283 0.785397673886889 NaN
0.961 -0.6140746145897 -0.726943744520954 0.785397673886889 NaN
0.962 -0.611647438833842 -0.726551488217128 0.785397673886888 NaN
0.963 -0.609231343025666 -0.726164200294129 0.785397673886889 NaN
0.964 -0.606827046007407 -0.725782353322757 0.785397673886889 NaN
0.965 -0.604435259127186 -0.72540641725119 0.785397673886889 NaN
0.966 -0.602056685296578 -0.725036855549368 0.785397673886888 NaN
0.967 -0.599692018674375 -0.724674124166329 0.785397673886889 NaN
0.968 -0.597341945541231 -0.724318676835775 0.785397673886889 NaN
0.969 -0.595007142990674 -0.723970958084513 0.785397673886889 NaN
0.97 -0.59268827994174 -0.723631409087332 0.785397673886889 NaN
0.971 -0.590386016508109 -0.723300465551413 0.785397673886889 NaN
0.972 -0.588101003908527 -0.72297855642771 0.785397673886888 NaN
0.973 -0.585833884805432 -0.72266610620532 0.785397673886889 NaN
0.974 -0.583585292507063 -0.722363532173839 0.785397673886889 NaN
0.975 -0.581355851765476 -0.722071249681042 0.785397673886888 NaN
0.976 -0.57914617735597 -0.721789664508323 0.785397673886889 NaN
0.977 -0.576956874237002 -0.721519178317875 0.785397673886889 NaN
0.978 -0.57478853763776 -0.721260188298722 0.785397673886888 NaN
0.979 -0.572641751196727 -0.721013081689177 0.785397673886888 NaN
0.98 -0.57051708768007 -0.720778242270303 0.785397673886889 NaN
0.981 -0.568415106742258 -0.720556044242787 0.785397673886888 NaN
0.982 -0.566336355693188 -0.720346855418699 0.785397673886888 NaN
0.983 -0.564281367434852 -0.720151034667033 0.785397673886888 NaN
0.984 -0.562250659749861 -0.719968932040056 0.785397673886888 NaN
0.985 -0.560244734655443 -0.719800887830802 0.785397673886889 NaN
0.986 -0.55826407703838 -0.719647231691434 0.785397673886889 NaN
0.987 -0.556309153295382 -0.719508282353425 0.785397673886888 NaN
0.988 -0.554380411523328 -0.719384347011712 0.785397673886888 NaN
0.989 -0.552478279383793 -0.71927572044024 0.785397673886888 NaN
0.99 -0.550603163913436 -0.719182684235784 0.785397673886889 NaN
0.991 -0.548755450038749 -0.719105505800226 0.785397673886888 NaN
0.992 -0.546935500806001 -0.719044439842152 0.785397673886889 NaN
0.993 -0.54514365593981 -0.718999725597504 0.785397673886889 NaN
0.994 -0.543380231221962 -0.718971586222612 0.785397673886889 NaN
0.995 -0.541645518635864 -0.718960232070165 0.785397673886888 NaN
0.996 -0.539939785145698 -0.718965855789524 0.785397673886888 NaN
0.997 -0.538263272508065 -0.718988634078158 0.785397673886889 NaN
0.998 -0.536616196973181 -0.719028727508555 0.785397673886889 NaN
0.999 -0.534998749464249 -0.719086281139463 0.785397673886888 NaN
1 -0.533411094259668 -0.719161421207188 0.785397673886889 NaN
