"Time, Y-Force, Work integrand, Mass, Mass error"
0 -7.69474987942728e-11 -6.81743998878647e-11 0.784549965727207 NaN
0.001 -1.45146654384608e-05 -1.03422818122148e-10 0.784549965727207 NaN
0.002 -6.2665684795776e-05 -8.37237005035318e-10 0.784549965727207 NaN
0.003 -0.000138388095974284 -3.19170410782755e-09 0.784549965727207 NaN
0.004 -0.000235298719833308 -9.70568580566e-09 0.784549965727207 NaN
0.005 -0.000354108026908832 -2.18706921335194e-08 0.784549965727207 NaN
0.006 -0.000498878150708073 -4.2369801173474e-08 0.784549965727207 NaN
0.007 -0.000672364089565856 -7.62262178255359e-08 0.784549965727207 NaN
0.008 -0.000874823757876263 -1.26754870318491e-07 0.784549965727207 NaN
0.009 -0.0011051425017606 -1.98092019343017e-07 0.784549965727207 NaN
0.01 -0.00136213565230771 -2.96944269743133e-07 0.784549965727207 NaN
0.011 -0.0016451262066131 -4.26952150960605e-07 0.784549965727207 NaN
0.012 -0.00195392584021814 -5.96385582136305e-07 0.784549965727208 NaN
0.013 -0.00228861194802668 -8.10358854959478e-07 0.784549965727208 NaN
0.014 -0.00264934436696585 -1.07755094134464e-06 0.784549965727208 NaN
0.015 -0.00303627703648009 -1.40527937855497e-06 0.784549965727208 NaN
0.016 -0.00344953732220649 -1.80106965969751e-06 0.784549965727208 NaN
0.017 -0.00388923171136049 -2.27603159016661e-06 0.784549965727208 NaN
0.018 -0.00435545678267138 -2.83786024830806e-06 0.784549965727208 NaN
0.019 -0.0048483056539407 -3.49772870337315e-06 0.784549965727208 NaN
0.02 -0.00536786825167101 -4.2654689712135e-06 0.784549965727208 NaN
0.021 -0.00591422718077232 -5.15140816713261e-06 0.784549965727208 NaN
0.022 -0.0064874531519529 -6.16955160067709e-06 0.784549965727207 NaN
0.023 -0.00708760359436339 -7.33069560922706e-06 0.784549965727207 NaN
0.024 -0.00771472588339468 -8.64706756834417e-06 0.784549965727207 NaN
0.025 -0.00836886249670145 -1.01324850920768e-05 0.784549965727207 NaN
0.026 -0.00905005575616132 -1.18005181632087e-05 0.784549965727207 NaN
0.027 -0.00975835068547499 -1.36663532005931e-05 0.784549965727207 NaN
0.028 -0.0104937953417549 -1.57442949494059e-05 0.784549965727207 NaN
0.029 -0.011256439897433 -1.80486131047363e-05 0.784549965727207 NaN
0.03 -0.0120463354222699 -2.05960365397809e-05 0.784549965727207 NaN
0.031 -0.0128635328039573 -2.34027886227864e-05 0.784549965727207 NaN
0.032 -0.0137080824339939 -2.64855418340773e-05 0.784549965727207 NaN
0.033 -0.0145800333609513 -2.98627431456944e-05 0.784549965727207 NaN
0.034 -0.0154794328035971 -3.35516083812149e-05 0.784549965727207 NaN
0.035 -0.0164063259189879 -3.75700802863655e-05 0.784549965727207 NaN
0.036 -0.0173607552338917 -4.19367130709251e-05 0.784549965727207 NaN
0.037 -0.0183427612532728 -4.6671776350882e-05 0.784549965727207 NaN
0.038 -0.0193523830276883 -5.179526630371e-05 0.784549965727207 NaN
0.039 -0.0203896593630632 -5.73282352591919e-05 0.784549965727207 NaN
0.04 -0.0214546299777435 -6.32910854039958e-05 0.784549965727207 NaN
0.041 -0.0225473366901523 -6.97037122959902e-05 0.784549965727207 NaN
0.042 -0.0236678236781352 -7.65900867184291e-05 0.784549965727207 NaN
0.043 -0.0248161376858598 -8.39720487953837e-05 0.784549965727207 NaN
0.044 -0.0259923270103735 -9.18725106098445e-05 0.784549965727207 NaN
0.045 -0.0271964402664056 -0.00010031480570668 0.784549965727206 NaN
0.046 -0.0284285245160207 -0.000109322047226655 0.784549965727207 NaN
0.047 -0.0296886235427202 -0.000118920085890223 0.784549965727206 NaN
0.048 -0.0309767757734198 -0.00012913529637507 0.784549965727207 NaN
0.049 -0.0322930131280288 -0.000139989227085598 0.784549965727207 NaN
0.05 -0.0336373606023779 -0.00015151153866059 0.784549965727207 NaN
0.051 -0.0350098364092385 -0.000163725868843704 0.784549965727207 NaN
0.052 -0.0364104537880792 -0.000176660763574615 0.784549965727207 NaN
0.053 -0.0378392230831661 -0.000190341927457165 0.784549965727207 NaN
0.054 -0.0392961546789055 -0.000204799481458454 0.784549965727207 NaN
0.055 -0.0407812616655544 -0.000220058107480789 0.784549965727207 NaN
0.056 -0.0422945619648664 -0.000236149907489119 0.784549965727207 NaN
0.057 -0.0438360803586228 -0.000253101548178518 0.784549965727207 NaN
0.058 -0.0454058480484605 -0.000270944433880823 0.784549965727207 NaN
0.059 -0.0470039016035794 -0.000289707834741279 0.784549965727207 NaN
0.06 -0.0486302806180568 -0.000309420852405963 0.784549965727207 NaN
0.061 -0.0502850236693747 -0.000330119196561849 0.784549965727207 NaN
0.062 -0.0519681645785189 -0.000351829129136261 0.784549965727207 NaN
0.063 -0.0536797280109627 -0.000374587349099998 0.784549965727207 NaN
0.064 -0.055419725847403 -0.000398422980010664 0.784549965727207 NaN
0.065 -0.0571881548153823 -0.000423370371344811 0.784549965727206 NaN
0.066 -0.0589849955557783 -0.000449461892351228 0.784549965727207 NaN
0.067 -0.0608102135419284 -0.000476730975936794 0.784549965727207 NaN
0.068 -0.0626637616375084 -0.000505210888853712 0.784549965727207 NaN
0.069 -0.0645455843987741 -0.000534935647030431 0.784549965727207 NaN
0.07 -0.0664556234630613 -0.000565941916957972 0.784549965727207 NaN
0.071 -0.0683938232993043 -0.00059826181322227 0.784549965727207 NaN
0.072 -0.0703601370777403 -0.000631932108574029 0.784549965727207 NaN
0.073 -0.0723545313389257 -0.000666987010655509 0.784549965727207 NaN
0.074 -0.074376989650296 -0.000703464720624429 0.784549965727207 NaN
0.075 -0.076427514012893 -0.000741400703297158 0.784549965727207 NaN
0.076 -0.0785061244684879 -0.000780831072954066 0.784549965727207 NaN
0.077 -0.0806128565229245 -0.00082179587510048 0.784549965727207 NaN
0.078 -0.0827477565664336 -0.000864331913853493 0.784549965727208 NaN
0.079 -0.0849108758795966 -0.000908477191849404 0.784549965727207 NaN
0.08 -0.0871022638129118 -0.000954275116958368 0.784549965727207 NaN
0.081 -0.0893219603292457 -0.00100175921935696 0.784549965727207 NaN
0.082 -0.0915699894455637 -0.00105097232492934 0.784549965727208 NaN
0.083 -0.093846352405446 -0.00110195517085917 0.784549965727208 NaN
0.084 -0.0961510237832286 -0.00115474666172839 0.784549965727207 NaN
0.085 -0.0984839477958332 -0.00120938771944917 0.784549965727208 NaN
0.086 -0.100845037703841 -0.00126591803754587 0.784549965727208 NaN
0.087 -0.103234176480086 -0.00132437829976631 0.784549965727207 NaN
0.088 -0.10565121957917 -0.00138480762333292 0.784549965727208 NaN
0.089 -0.108095999372902 -0.00144724755746044 0.784549965727208 NaN
0.09 -0.110568330724594 -0.00151173967506932 0.784549965727208 NaN
0.091 -0.113068017682893 -0.00157832065274578 0.784549965727208 NaN
0.092 -0.115594860345574 -0.00164703209556365 0.784549965727208 NaN
0.093 -0.118148661563048 -0.00171791631308972 0.784549965727208 NaN
0.094 -0.120729233991401 -0.00179101287146452 0.784549965727208 NaN
0.095 -0.123336405341407 -0.00186636345568433 0.784549965727208 NaN
0.096 -0.125970023224803 -0.00194400708988794 0.784549965727208 NaN
0.097 -0.128629958563318 -0.00202398841466601 0.784549965727208 NaN
0.098 -0.131316107324945 -0.00210634886223504 0.784549965727208 NaN
0.099 -0.134028390901359 -0.0021911313575143 0.784549965727208 NaN
0.1 -0.136766755652188 -0.00227837766895507 0.784549965727208 NaN
0.101 -0.139531169902315 -0.00236813439672291 0.784549965727208 NaN
0.102 -0.142321621156539 -0.00246044366010541 0.784549965727208 NaN
0.103 -0.1451381113929 -0.0025553531929855 0.784549965727208 NaN
0.104 -0.147980652293131 -0.00265290530332876 0.784549965727208 NaN
0.105 -0.150849259548321 -0.00275314628152868 0.784549965727208 NaN
0.106 -0.153743947178933 -0.00285612346994657 0.784549965727208 NaN
0.107 -0.156664722044502 -0.00296188049705354 0.784549965727208 NaN
0.108 -0.159611577608962 -0.00307046473776653 0.784549965727208 NaN
0.109 -0.162584489773469 -0.00318192275516852 0.784549965727208 NaN
0.11 -0.165583411025704 -0.0032962988847832 0.784549965727208 NaN
0.111 -0.168608266986494 -0.00341364158959335 0.784549965727208 NaN
0.112 -0.171658952689183 -0.00353399236512024 0.784549965727208 NaN
0.113 -0.174735329684304 -0.00365739964345623 0.784549965727208 NaN
0.114 -0.177837224191176 -0.00378390707746581 0.784549965727208 NaN
0.115 -0.180964425439187 -0.00391355643883476 0.784549965727208 NaN
0.116 -0.184116685475517 -0.00404639428909876 0.784549965727207 NaN
0.117 -0.187293719195868 -0.00418246120058176 0.784549965727208 NaN
0.118 -0.190495205099868 -0.00432179865068729 0.784549965727207 NaN
0.119 -0.193720787245061 -0.00446444839448239 0.784549965727207 NaN
0.12 -0.196970076973201 -0.00461045125654016 0.784549965727207 NaN
0.121 -0.200242656268308 -0.00475984511565143 0.784549965727207 NaN
0.122 -0.20353808045038 -0.00491267065651594 0.784549965727208 NaN
0.123 -0.206855882636808 -0.00506896271333865 0.784549965727208 NaN
0.124 -0.210195577678586 -0.0052287614295575 0.784549965727208 NaN
0.125 -0.213556666689312 -0.00539209922846485 0.784549965727208 NaN
0.126 -0.216938642582512 -0.00555901596363155 0.784549965727208 NaN
0.127 -0.220340994771365 -0.00572954354344724 0.784549965727208 NaN
0.128 -0.2237632147246 -0.00590371801034673 0.784549965727208 NaN
0.129 -0.227204801689377 -0.00608157223595255 0.784549965727208 NaN
0.13 -0.230665267943993 -0.00626314052243611 0.784549965727208 NaN
0.131 -0.23414414423699 -0.00644845662486187 0.784549965727208 NaN
0.132 -0.237640984970243 -0.00663755508952823 0.784549965727208 NaN
0.133 -0.24115537276954 -0.00683046816415824 0.784549965727208 NaN
0.134 -0.244686922606295 -0.00702722912896161 0.784549965727208 NaN
0.135 -0.24823528516211 -0.0072278740621436 0.784549965727208 NaN
0.136 -0.251800148948302 -0.00743243733789153 0.784549965727208 NaN
0.137 -0.255381242124283 -0.00764095450314236 0.784549965727208 NaN
0.138 -0.258978332284492 -0.00785345924103583 0.784549965727208 NaN
0.139 -0.26259122538825 -0.00806999102577112 0.784549965727208 NaN
0.14 -0.266219763386793 -0.00829058639444084 0.784549965727208 NaN
0.141 -0.269863820189093 -0.00851528042009385 0.784549965727208 NaN
0.142 -0.273523296522924 -0.00874411560960294 0.784549965727208 NaN
0.143 -0.277198113440435 -0.00897712918733074 0.784549965727209 NaN
0.144 -0.280888204575953 -0.00921435826334911 0.784549965727209 NaN
0.145 -0.284593507465145 -0.00945584534022289 0.784549965727209 NaN
0.146 -0.288313954071812 -0.00970162702305773 0.784549965727209 NaN
0.147 -0.292049460288187 -0.00995174100102188 0.784549965727209 NaN
0.148 -0.295799915561616 -0.0102062286482109 0.784549965727209 NaN
0.149 -0.29956517180528 -0.0104651229804017 0.784549965727209 NaN
0.15 -0.303345032229475 -0.0107284590521456 0.784549965727209 NaN
0.151 -0.307139240938284 -0.0109962691488085 0.784549965727209 NaN
0.152 -0.31094747237827 -0.0112685853483907 0.784549965727209 NaN
0.153 -0.314769321297242 -0.0115454332684257 0.784549965727209 NaN
0.154 -0.318604293928808 -0.0118268402405765 0.784549965727209 NaN
0.155 -0.322451799621117 -0.0121128236203678 0.784549965727208 NaN
0.156 -0.326311143651878 -0.0124034005379954 0.784549965727208 NaN
0.157 -0.330181521226078 -0.0126985840432494 0.784549965727208 NaN
0.158 -0.334062012956848 -0.0129983785159749 0.784549965727208 NaN
0.159 -0.337951580973493 -0.0133027859516922 0.784549965727208 NaN
0.16 -0.341849067695447 -0.0136118036411859 0.784549965727208 NaN
0.161 -0.345753195092426 -0.0139254212419036 0.784549965727208 NaN
0.162 -0.349662566175234 -0.0142436208967074 0.784549965727208 NaN
0.163 -0.353575667734287 -0.0145663822045996 0.784549965727208 NaN
0.164 -0.357490875380993 -0.0148936750139956 0.784549965727208 NaN
0.165 -0.361406459300522 -0.0152254640085102 0.784549965727208 NaN
0.166 -0.365320592491516 -0.0155617102660008 0.784549965727208 NaN
0.167 -0.369231360233205 -0.0159023614332902 0.784549965727208 NaN
0.168 -0.373136770654601 -0.0162473675703357 0.784549965727208 NaN
0.169 -0.377034767373946 -0.0165966663530388 0.784549965727208 NaN
0.17 -0.38092324240293 -0.0169501937759357 0.784549965727208 NaN
0.171 -0.384800050774994 -0.0173078793412724 0.784549965727208 NaN
0.172 -0.388663024944207 -0.017669646623061 0.784549965727208 NaN
0.173 -0.39250999069789 -0.0180354179982189 0.784549965727209 NaN
0.174 -0.396338782398212 -0.0184051114347863 0.784549965727209 NaN
0.175 -0.400147258368692 -0.0187786396621906 0.784549965727208 NaN
0.176 -0.403933316026355 -0.0191559151358535 0.784549965727208 NaN
0.177 -0.40769490644696 -0.0195368485418359 0.784549965727208 NaN
0.178 -0.411430047699087 -0.0199213492299169 0.784549965727208 NaN
0.179 -0.41513683737651 -0.0203093253534761 0.784549965727208 NaN
0.18 -0.418813464053188 -0.0207006877680976 0.784549965727208 NaN
0.181 -0.422458216585447 -0.0210953438163459 0.784549965727208 NaN
0.182 -0.426069492923019 -0.0214932067682714 0.784549965727208 NaN
0.183 -0.429645806410885 -0.0218941880452336 0.784549965727208 NaN
0.184 -0.433185791135062 -0.0222982035986993 0.784549965727208 NaN
0.185 -0.436688204985244 -0.0227051715179412 0.784549965727208 NaN
0.186 -0.440151932222912 -0.0231150129078713 0.784549965727209 NaN
0.187 -0.443575983250712 -0.0235276510637628 0.784549965727208 NaN
0.188 -0.446959494203862 -0.023943015165581 0.784549965727208 NaN
0.189 -0.450301724527219 -0.0243610342136869 0.784549965727208 NaN
0.19 -0.453602053665202 -0.0247816449318964 0.784549965727208 NaN
0.191 -0.456859977287635 -0.0252047867262644 0.784549965727208 NaN
0.192 -0.460075101840163 -0.0256304010276067 0.784549965727208 NaN
0.193 -0.463247139162518 -0.0260584346859496 0.784549965727208 NaN
0.194 -0.466375900206911 -0.0264888383220025 0.784549965727208 NaN
0.195 -0.469461288613905 -0.0269215652035114 0.784549965727208 NaN
0.196 -0.472503294147576 -0.0273565738967995 0.784549965727208 NaN
0.197 -0.475501985426503 -0.027793823426862 0.784549965727208 NaN
0.198 -0.478457503272209 -0.0282332794251043 0.784549965727208 NaN
0.199 -0.481370053568765 -0.0286749078906968 0.784549965727208 NaN
0.2 -0.484239900543905 -0.0291186780514322 0.784549965727208 NaN
0.201 -0.48706735994868 -0.029564563629977 0.784549965727208 NaN
0.202 -0.489852792479331 -0.0300125403869527 0.784549965727208 NaN
0.203 -0.492596597337283 -0.0304625829552188 0.784549965727208 NaN
0.204 -0.495299205858716 -0.0309146717481205 0.784549965727207 NaN
0.205 -0.497961075518797 -0.0313687886657583 0.784549965727207 NaN
0.206 -0.500582684142434 -0.0318249133124993 0.784549965727208 NaN
0.207 -0.503164523896474 -0.0322830328564274 0.784549965727208 NaN
0.208 -0.505707096082198 -0.0327431285678996 0.784549965727207 NaN
0.209 -0.508210905673372 -0.0332051877573456 0.784549965727207 NaN
0.21 -0.510676456068105 -0.0336691957884013 0.784549965727208 NaN
0.211 -0.513104244616021 -0.0341351386711942 0.784549965727208 NaN
0.212 -0.515494757626078 -0.0346030013447443 0.784549965727208 NaN
0.213 -0.517848466231121 -0.0350727693427787 0.784549965727208 NaN
0.214 -0.520165822234995 -0.0355444291631472 0.784549965727208 NaN
0.215 -0.522447254604999 -0.0360179624579849 0.784549965727208 NaN
0.216 -0.524693165997061 -0.0364933535647592 0.784549965727208 NaN
0.217 -0.526903929909336 -0.0369705821669716 0.784549965727207 NaN
0.218 -0.52907988852465 -0.0374496291790141 0.784549965727208 NaN
0.219 -0.531221350400971 -0.0379304714986381 0.784549965727208 NaN
0.22 -0.533328589464697 -0.0384130861242338 0.784549965727208 NaN
0.221 -0.535401843669728 -0.0388974445806174 0.784549965727208 NaN
0.222 -0.537441315343959 -0.0393835198394959 0.784549965727208 NaN
0.223 -0.539447170845074 -0.03987127944333 0.784549965727208 NaN
0.224 -0.541419541652035 -0.0403606911339064 0.784549965727208 NaN
0.225 -0.543358525731912 -0.0408517186457572 0.784549965727208 NaN
0.226 -0.545264189262479 -0.0413443234927244 0.784549965727208 NaN
0.227 -0.547136569111634 -0.0418384646192138 0.784549965727208 NaN
0.228 -0.548975675138531 -0.0423341018533564 0.784549965727208 NaN
0.229 -0.550781493823007 -0.0428311880672674 0.784549965727208 NaN
0.23 -0.552553991140177 -0.043329676255765 0.784549965727208 NaN
0.231 -0.554293116133303 -0.0438295194804844 0.784549965727208 NaN
0.232 -0.555998804761567 -0.044330669074386 0.784549965727208 NaN
0.233 -0.557670983365182 -0.0448330715208879 0.784549965727208 NaN
0.234 -0.559309572485459 -0.0453366770285912 0.784549965727208 NaN
0.235 -0.560914490090138 -0.0458414319476536 0.784549965727208 NaN
0.236 -0.562485655188631 -0.0463472843269989 0.784549965727208 NaN
0.237 -0.564022990693872 -0.0468541785624568 0.784549965727208 NaN
0.238 -0.565526426137489 -0.0473620654323552 0.784549965727208 NaN
0.239 -0.566995900048897 -0.0478708872256902 0.784549965727208 NaN
0.24 -0.56843136195783 -0.0483805942524883 0.784549965727208 NaN
0.241 -0.569832773828099 -0.048891133016959 0.784549965727208 NaN
0.242 -0.571200111096174 -0.0494024517398604 0.784549965727208 NaN
0.243 -0.572533363189051 -0.0499145014721709 0.784549965727208 NaN
0.244 -0.573832533937119 -0.0504272297410881 0.784549965727208 NaN
0.245 -0.575097641009875 -0.0509405881449319 0.784549965727208 NaN
0.246 -0.576328715255721 -0.0514545271105758 0.784549965727208 NaN
0.247 -0.577525800125514 -0.0519689992004949 0.784549965727208 NaN
0.248 -0.578688949774881 -0.052483957110259 0.784549965727208 NaN
0.249 -0.579818227974566 -0.0529993545658807 0.784549965727208 NaN
0.25 -0.580913706024101 -0.0535151438509551 0.784549965727208 NaN
0.251 -0.58197546097184 -0.0540312788715238 0.784549965727208 NaN
0.252 -0.583003573836698 -0.0545477129967698 0.784549965727208 NaN
0.253 -0.583998127575755 -0.0550644001290081 0.784549965727208 NaN
0.254 -0.584959205216872 -0.055581292741288 0.784549965727209 NaN
0.255 -0.585886888264634 -0.0560983433351329 0.784549965727209 NaN
0.256 -0.586781254954128 -0.0566155062912475 0.784549965727209 NaN
0.257 -0.587642379141912 -0.0571327307780576 0.784549965727209 NaN
0.258 -0.588470329126535 -0.0576499669778684 0.784549965727209 NaN
0.259 -0.589265166900629 -0.0581671672783637 0.784549965727209 NaN
0.26 -0.590026947964158 -0.0586842746143984 0.784549965727209 NaN
0.261 -0.590755721181363 -0.0592012417935413 0.784549965727209 NaN
0.262 -0.591451529019755 -0.0597180114055052 0.784549965727209 NaN
0.263 -0.592114408365761 -0.0602345298149708 0.784549965727208 NaN
0.264 -0.592744391593062 -0.0607507404180258 0.784549965727208 NaN
0.265 -0.593341507758602 -0.061266588860268 0.784549965727208 NaN
0.266 -0.593905784638026 -0.0617820150125108 0.784549965727209 NaN
0.267 -0.594437250290554 -0.0622969610327054 0.784549965727209 NaN
0.268 -0.5949359356397 -0.0628113697226361 0.784549965727209 NaN
0.269 -0.59540187641532 -0.0633251830500332 0.784549965727209 NaN
0.27 -0.595835116237451 -0.0638383431649988 0.784549965727209 NaN
0.271 -0.596235708806909 -0.0643507905909739 0.784549965727209 NaN
0.272 -0.596603720642013 -0.0648624687227396 0.784549965727209 NaN
0.273 -0.596939233630045 -0.0653733252424159 0.784549965727209 NaN
0.274 -0.597242347702176 -0.0658833014264398 0.784549965727209 NaN
0.275 -0.597513182767562 -0.0663923477670281 0.784549965727209 NaN
0.276 -0.597751881513186 -0.0669004127607838 0.784549965727209 NaN
0.277 -0.597958610546634 -0.0674074480848276 0.784549965727209 NaN
0.278 -0.598133562640824 -0.0679134081037112 0.784549965727209 NaN
0.279 -0.598276957654531 -0.0684182522121038 0.784549965727209 NaN
0.28 -0.59838904360385 -0.0689219384399024 0.784549965727209 NaN
0.281 -0.598470097175904 -0.0694244301150211 0.784549965727209 NaN
0.282 -0.598520423781888 -0.0699256945117769 0.784549965727209 NaN
0.283 -0.598540357315838 -0.0704257027178659 0.784549965727209 NaN
0.284 -0.598530259963283 -0.0709244274523109 0.784549965727209 NaN
0.285 -0.598490520533119 -0.0714218456768053 0.784549965727209 NaN
0.286 -0.598421553750987 -0.0719179394157919 0.784549965727209 NaN
0.287 -0.59832379803108 -0.0724126898825845 0.784549965727209 NaN
0.288 -0.598197713886038 -0.0729060857639143 0.784549965727208 NaN
0.289 -0.598043781460405 -0.0733981162362956 0.784549965727208 NaN
0.29 -0.597862498257327 -0.0738887742442318 0.784549965727208 NaN
0.291 -0.597654376320643 -0.0743780553270629 0.784549965727208 NaN
0.292 -0.597419939499329 -0.0748659565074034 0.784549965727209 NaN
0.293 -0.59715972090583 -0.0753524774992619 0.784549965727208 NaN
0.294 -0.596874259801625 -0.0758376186235975 0.784549965727208 NaN
0.295 -0.596564099056397 -0.0763213841575215 0.784549965727208 NaN
0.296 -0.596229782354108 -0.0768037751065716 0.784549965727208 NaN
0.297 -0.59587185155423 -0.0772847973820357 0.784549965727208 NaN
0.298 -0.59549084451058 -0.0777644577653592 0.784549965727208 NaN
0.299 -0.595087292707212 -0.0782427583779813 0.784549965727208 NaN
0.3 -0.594661719863267 -0.0787197048532291 0.784549965727208 NaN
0.301 -0.594214639983883 -0.079195302035617 0.784549965727208 NaN
0.302 -0.593746556355943 -0.079669554508259 0.784549965727208 NaN
0.303 -0.593257960718111 -0.0801424658972841 0.784549965727208 NaN
0.304 -0.592749332592371 -0.0806140389908128 0.784549965727208 NaN
0.305 -0.592221139372737 -0.081084275990919 0.784549965727208 NaN
0.306 -0.591673837181043 -0.0815531782207526 0.784549965727208 NaN
0.307 -0.591107870738767 -0.0820207458000553 0.784549965727208 NaN
0.308 -0.59052367539877 -0.0824869803986176 0.784549965727208 NaN
0.309 -0.589921678210092 -0.0829518786854448 0.784549965727208 NaN
0.31 -0.589302300369596 -0.083415441605563 0.784549965727208 NaN
0.311 -0.588665959650948 -0.0838776701372103 0.784549965727208 NaN
0.312 -0.588013073049789 -0.0843385624837464 0.784549965727208 NaN
0.313 -0.587344060036158 -0.0847981205269059 0.784549965727208 NaN
0.314 -0.586659346168027 -0.0852563458486072 0.784549965727208 NaN
0.315 -0.585959366430231 -0.0857132423278632 0.784549965727208 NaN
0.316 -0.585244569597858 -0.0861688188375083 0.784549965727208 NaN
0.317 -0.584515422289102 -0.0866230824287734 0.784549965727208 NaN
0.318 -0.583772413457639 -0.0870760491829327 0.784549965727208 NaN
0.319 -0.583016058498977 -0.0875277354695616 0.784549965727208 NaN
0.32 -0.582246903718737 -0.0879781673926049 0.784549965727208 NaN
0.321 -0.581465531095542 -0.0884273733452036 0.784549965727208 NaN
0.322 -0.580672562233932 -0.0888753884781746 0.784549965727208 NaN
0.323 -0.579868662600657 -0.0893222593788849 0.784549965727208 NaN
0.324 -0.579054545552983 -0.0897680364811152 0.784549965727208 NaN
0.325 -0.578230976060608 -0.0902127818744576 0.784549965727208 NaN
0.326 -0.577398773514447 -0.0906565662547437 0.784549965727208 NaN
0.327 -0.576558815176238 -0.0910994733193874 0.784549965727208 NaN
0.328 -0.575712038230587 -0.0915415938950769 0.784549965727208 NaN
0.329 -0.574859441854919 -0.0919830337906743 0.784549965727208 NaN
0.33 -0.57400208854334 -0.0924239079425311 0.784549965727208 NaN
0.331 -0.573141104558219 -0.0928643479096636 0.784549965727208 NaN
0.332 -0.572277680387742 -0.0933044942882327 0.784549965727208 NaN
0.333 -0.571413069629128 -0.0937445015131305 0.784549965727208 NaN
0.334 -0.570548588044654 -0.0941845380421409 0.784549965727208 NaN
0.335 -0.569685611354765 -0.0946247848177431 0.784549965727208 NaN
0.336 -0.568825572425006 -0.0950654368177074 0.784549965727208 NaN
0.337 -0.567969957740417 -0.0955067016674342 0.784549965727208 NaN
0.338 -0.567120303344105 -0.095948798207182 0.784549965727208 NaN
0.339 -0.566278190014677 -0.0963919568091568 0.784549965727208 NaN
0.34 -0.565445237341359 -0.096836422362611 0.784549965727208 NaN
0.341 -0.564623098135192 -0.0972824460889019 0.784549965727208 NaN
0.342 -0.563813451581362 -0.0977302938340071 0.784549965727208 NaN
0.343 -0.563017995949172 -0.0981802362057 0.784549965727208 NaN
0.344 -0.56223844128584 -0.0986325534335582 0.784549965727208 NaN
0.345 -0.561476501294338 -0.0990875332684761 0.784549965727208 NaN
0.346 -0.560733885372455 -0.0995454663191199 0.784549965727208 NaN
0.347 -0.560012289921678 -0.100006650720294 0.784549965727208 NaN
0.348 -0.559313390279795 -0.100471383763622 0.784549965727208 NaN
0.349 -0.558638831775629 -0.10093997066285 0.784549965727208 NaN
0.35 -0.557990221778574 -0.101412709491444 0.784549965727208 NaN
0.351 -0.557369121053641 -0.10188990070416 0.784549965727208 NaN
0.352 -0.556777036128048 -0.102371840016752 0.784549965727208 NaN
0.353 -0.556215411089177 -0.102858823364982 0.784549965727208 NaN
0.354 -0.55568562101091 -0.103351136374868 0.784549965727208 NaN
0.355 -0.555188964479569 -0.103849060417554 0.784549965727208 NaN
0.356 -0.55472665814418 -0.104352867618235 0.784549965727208 NaN
0.357 -0.55429983041042 -0.104862819472542 0.784549965727208 NaN
0.358 -0.55390951701853 -0.105379171865773 0.784549965727208 NaN
0.359 -0.55355665655999 -0.105902162239384 0.784549965727208 NaN
0.36 -0.553242087325211 -0.106432019705896 0.784549965727208 NaN
0.361 -0.552966544596667 -0.106968959570913 0.784549965727208 NaN
0.362 -0.552730658912887 -0.107513182253361 0.784549965727208 NaN
0.363 -0.552534954931015 -0.108064872667884 0.784549965727208 NaN
0.364 -0.552379851695039 -0.108624201757609 0.784549965727208 NaN
0.365 -0.552265662842521 -0.109191323464011 0.784549965727208 NaN
0.366 -0.552192598718608 -0.10976637852886 0.784549965727208 NaN
0.367 -0.552160767951382 -0.110349489547264 0.784549965727208 NaN
0.368 -0.552170181524321 -0.11094076263221 0.784549965727208 NaN
0.369 -0.55222075541059 -0.11154029130008 0.784549965727208 NaN
0.37 -0.552312316013121 -0.112148152427032 0.784549965727207 NaN
0.371 -0.552444604638772 -0.112764405577534 0.784549965727208 NaN
0.372 -0.552617283313845 -0.113389100003636 0.784549965727207 NaN
0.373 -0.552829940896976 -0.114022269440843 0.784549965727208 NaN
0.374 -0.553082099551642 -0.114663936621791 0.784549965727208 NaN
0.375 -0.553373221480673 -0.115314109733415 0.784549965727208 NaN
0.376 -0.553702716267974 -0.115972787259706 0.784549965727208 NaN
0.377 -0.554069947938196 -0.116639959308701 0.784549965727208 NaN
0.378 -0.55447424267055 -0.117315604493844 0.784549965727208 NaN
0.379 -0.554914895816472 -0.117999699501909 0.784549965727208 NaN
0.38 -0.5553911794137 -0.118692206587109 0.784549965727208 NaN
0.381 -0.555902349669334 -0.119393088891055 0.784549965727208 NaN
0.382 -0.556447653984739 -0.120102302608822 0.784549965727208 NaN
0.383 -0.557026337430327 -0.12081980309246 0.784549965727208 NaN
0.384 -0.557637649730959 -0.121545542215387 0.784549965727207 NaN
0.385 -0.55828085085732 -0.122279472308642 0.784549965727208 NaN
0.386 -0.558955217223628 -0.12302154634357 0.784549965727208 NaN
0.387 -0.559660046359065 -0.123771717885702 0.784549965727208 NaN
0.388 -0.560394661982372 -0.124529944364411 0.784549965727208 NaN
0.389 -0.561158418190054 -0.125296184283647 0.784549965727208 NaN
0.39 -0.561950702635282 -0.126070403266037 0.784549965727208 NaN
0.391 -0.562770939692204 -0.126852571510869 0.784549965727208 NaN
0.392 -0.563618593200489 -0.127642662641571 0.784549965727208 NaN
0.393 -0.564493168133868 -0.128440657322993 0.784549965727208 NaN
0.394 -0.565394211718152 -0.129246542872827 0.784549965727208 NaN
0.395 -0.566321314022406 -0.130060314741947 0.784549965727207 NaN
0.396 -0.567274108149978 -0.130881973548821 0.784549965727207 NaN
0.397 -0.568252270101373 -0.131711527712257 0.784549965727208 NaN
0.398 -0.569255518265426 -0.132548993977146 0.784549965727208 NaN
0.399 -0.570283611779235 -0.133394393283546 0.784549965727208 NaN
0.4 -0.571336348935898 -0.134247759588607 0.784549965727208 NaN
0.401 -0.57241356526054 -0.135109127294546 0.784549965727208 NaN
0.402 -0.573515131123198 -0.13597854288315 0.784549965727208 NaN
0.403 -0.574640949441628 -0.136856052727605 0.784549965727208 NaN
0.404 -0.57579095305121 -0.137741717334333 0.784549965727208 NaN
0.405 -0.576965101845057 -0.138635594855314 0.784549965727208 NaN
0.406 -0.578163379757424 -0.139537757280134 0.784549965727208 NaN
0.407 -0.579385792171707 -0.140448270024043 0.784549965727208 NaN
0.408 -0.580632362940044 -0.141367215578887 0.784549965727208 NaN
0.409 -0.581903131381732 -0.142294667884815 0.784549965727208 NaN
0.41 -0.58319814981998 -0.14323071378826 0.784549965727207 NaN
0.411 -0.584517481022348 -0.14417543840198 0.784549965727207 NaN
0.412 -0.585861195689529 -0.145128929342314 0.784549965727207 NaN
0.413 -0.587229370268658 -0.146091273253523 0.784549965727207 NaN
0.414 -0.58862208459011 -0.147062568186504 0.784549965727207 NaN
0.415 -0.5900394200075 -0.148042900189841 0.784549965727207 NaN
0.416 -0.591481457838183 -0.149032364608404 0.784549965727207 NaN
0.417 -0.592948278290581 -0.150031055504023 0.784549965727207 NaN
0.418 -0.594439958655116 -0.151039064309141 0.784549965727207 NaN
0.419 -0.59595657271702 -0.152056486576168 0.784549965727207 NaN
0.42 -0.597498189325422 -0.153083413330721 0.784549965727207 NaN
0.421 -0.599064871927678 -0.154119936884191 0.784549965727207 NaN
0.422 -0.600656677787679 -0.155166147608737 0.784549965727207 NaN
0.423 -0.602273657346783 -0.156222136720983 0.784549965727207 NaN
0.424 -0.603915853719263 -0.15728799072534 0.784549965727207 NaN
0.425 -0.605583302417597 -0.158363799095788 0.784549965727207 NaN
0.426 -0.607276030820923 -0.159449646187518 0.784549965727207 NaN
0.427 -0.608994057746496 -0.160545615519732 0.784549965727207 NaN
0.428 -0.610737393067566 -0.161651788878936 0.784549965727207 NaN
0.429 -0.61250603740904 -0.162768245953565 0.784549965727207 NaN
0.43 -0.614299981382641 -0.163895066621693 0.784549965727207 NaN
0.431 -0.616119205148651 -0.165032321699992 0.784549965727208 NaN
0.432 -0.617963677708072 -0.166180085038656 0.784549965727207 NaN
0.433 -0.619833356067482 -0.167338427161838 0.784549965727207 NaN
0.434 -0.62172818451846 -0.168507412615063 0.784549965727208 NaN
0.435 -0.623648093707673 -0.169687103311431 0.784549965727207 NaN
0.436 -0.62559299968762 -0.170877559747317 0.784549965727208 NaN
0.437 -0.627562802501057 -0.17207883646603 0.784549965727208 NaN
0.438 -0.629557385819218 -0.17329098212675 0.784549965727208 NaN
0.439 -0.631576614979608 -0.174514041468875 0.784549965727208 NaN
0.44 -0.6336203363727 -0.17574805642491 0.784549965727208 NaN
0.441 -0.635688376172822 -0.176993060901941 0.784549965727208 NaN
0.442 -0.637780538947893 -0.178249086670494 0.784549965727208 NaN
0.443 -0.639896607143476 -0.179516152162104 0.784549965727208 NaN
0.444 -0.64203633964539 -0.180794275262867 0.784549965727207 NaN
0.445 -0.644199470933312 -0.182083466456516 0.784549965727207 NaN
0.446 -0.64638571040948 -0.183383728537772 0.784549965727207 NaN
0.447 -0.648594741844115 -0.184695056031037 0.784549965727207 NaN
0.448 -0.650826222689727 -0.186017435786724 0.784549965727207 NaN
0.449 -0.653079784005117 -0.187350850380843 0.784549965727207 NaN
0.45 -0.655355030025134 -0.18869526909032 0.784549965727207 NaN
0.451 -0.65765153842274 -0.190050659617443 0.784549965727207 NaN
0.452 -0.659968860334904 -0.191416974570497 0.784549965727207 NaN
0.453 -0.662306521387108 -0.192794165512771 0.784549965727207 NaN
0.454 -0.664664021568428 -0.194182170654872 0.784549965727207 NaN
0.455 -0.667040836361702 -0.19558092339866 0.784549965727208 NaN
0.456 -0.669436418002551 -0.196990346437357 0.784549965727207 NaN
0.457 -0.671850196322989 -0.198410359525558 0.784549965727207 NaN
0.458 -0.674281580657491 -0.199840871868143 0.784549965727207 NaN
0.459 -0.676729960828063 -0.201281783379549 0.784549965727207 NaN
0.46 -0.679194709029043 -0.202732992343138 0.784549965727207 NaN
0.461 -0.681675181414962 -0.204194388118516 0.784549965727207 NaN
0.462 -0.684170720149416 -0.205665852500058 0.784549965727207 NaN
0.463 -0.686680654912546 -0.207147261730227 0.784549965727207 NaN
0.464 -0.689204304998677 -0.208638490894352 0.784549965727207 NaN
0.465 -0.69174098128644 -0.210139402063196 0.784549965727207 NaN
0.466 -0.694289987737717 -0.211649861433855 0.784549965727207 NaN
0.467 -0.696850623511384 -0.213169725765858 0.784549965727207 NaN
0.468 -0.699422184347569 -0.214698847195908 0.784549965727207 NaN
0.469 -0.702003964370764 -0.216237077151828 0.784549965727207 NaN
0.47 -0.704595257227908 -0.217784261628659 0.784549965727207 NaN
0.471 -0.707195357451082 -0.219340246313312 0.784549965727207 NaN
0.472 -0.709803561608997 -0.22090487037582 0.784549965727207 NaN
0.473 -0.712419169036771 -0.222477971587278 0.784549965727207 NaN
0.474 -0.715041482334464 -0.224059387452561 0.784549965727207 NaN
0.475 -0.717669807915122 -0.225648951342236 0.784549965727207 NaN
0.476 -0.720303455977443 -0.22724649329355 0.784549965727207 NaN
0.477 -0.722941740407831 -0.228851841904661 0.784549965727207 NaN
0.478 -0.725583978248707 -0.230464822410571 0.784549965727207 NaN
0.479 -0.72822948922263 -0.232085260099423 0.784549965727206 NaN
0.48 -0.730877594477998 -0.233712976101329 0.784549965727206 NaN
0.481 -0.733527615489151 -0.235347782702442 0.784549965727207 NaN
0.482 -0.736178872585478 -0.236989497709872 0.784549965727207 NaN
0.483 -0.73883068327102 -0.238637927398497 0.784549965727207 NaN
0.484 -0.74148236021897 -0.240292875921253 0.784549965727207 NaN
0.485 -0.744133209126746 -0.241954145681609 0.784549965727206 NaN
0.486 -0.746782526578346 -0.243621526545161 0.784549965727206 NaN
0.487 -0.749429597368328 -0.245294806033973 0.784549965727206 NaN
0.488 -0.752073692202748 -0.246973765200944 0.784549965727206 NaN
0.489 -0.754714064821492 -0.248658173624002 0.784549965727207 NaN
0.49 -0.757349949670614 -0.250347795481421 0.784549965727207 NaN
0.491 -0.759980558991764 -0.252042382674642 0.784549965727207 NaN
0.492 -0.76260508032396 -0.253741681493709 0.784549965727207 NaN
0.493 -0.765222674012751 -0.255445421346805 0.784549965727207 NaN
0.494 -0.767832470763033 -0.257153325729747 0.784549965727207 NaN
0.495 -0.770433569614701 -0.258865100545535 0.784549965727207 NaN
0.496 -0.773025035778767 -0.260580442912767 0.784549965727207 NaN
0.497 -0.775605898961456 -0.262299033406501 0.784549965727207 NaN
0.498 -0.778175152029212 -0.264020542729793 0.784549965727207 NaN
0.499 -0.780731749829279 -0.265744623539249 0.784549965727207 NaN
0.5 -0.783274608747219 -0.267470914223799 0.784549965727207 NaN
0.501 -0.785802605854673 -0.269199040738212 0.784549965727207 NaN
0.502 -0.788314579701137 -0.270928611848707 0.784549965727207 NaN
0.503 -0.790809330555335 -0.27265922327457 0.784549965727207 NaN
0.504 -0.793285621468013 -0.274390456046159 0.784549965727207 NaN
0.505 -0.795742179941694 -0.276121871820266 0.784549965727207 NaN
0.506 -0.798177699906443 -0.277853028994397 0.784549965727207 NaN
0.507 -0.80059084436756 -0.279583462981445 0.784549965727207 NaN
0.508 -0.802980248372046 -0.281312702961801 0.784549965727207 NaN
0.509 -0.805344522569879 -0.283040262878412 0.784549965727207 NaN
0.51 -0.807682257019029 -0.284765648682512 0.784549965727207 NaN
0.511 -0.809992025941252 -0.286488355737765 0.784549965727208 NaN
0.512 -0.812272392210771 -0.288207874661976 0.784549965727207 NaN
0.513 -0.814521912829364 -0.289923687166497 0.784549965727207 NaN
0.514 -0.816739144096765 -0.291635271780199 0.784549965727207 NaN
0.515 -0.818922647850549 -0.293342101794392 0.784549965727207 NaN
0.516 -0.821070997197257 -0.295043652074877 0.784549965727207 NaN
0.517 -0.823182782762547 -0.296739399856458 0.784549965727207 NaN
0.518 -0.825256619067703 -0.298428819689422 0.784549965727207 NaN
0.519 -0.827291150981957 -0.300111397382357 0.784549965727207 NaN
0.52 -0.829285060036648 -0.301786620601665 0.784549965727207 NaN
0.521 -0.83123707070199 -0.303453988032012 0.784549965727207 NaN
0.522 -0.833145956557932 -0.305113010794867 0.784549965727207 NaN
0.523 -0.83501054637912 -0.306763209994428 0.784549965727207 NaN
0.524 -0.836829729890108 -0.308404123390287 0.784549965727207 NaN
0.525 -0.838602463021337 -0.310035303106558 0.784549965727207 NaN
0.526 -0.840327773154678 -0.311656327208329 0.784549965727207 NaN
0.527 -0.842004763454865 -0.313266784877444 0.784549965727207 NaN
0.528 -0.843632617412814 -0.314866293062715 0.784549965727207 NaN
0.529 -0.845210602168207 -0.316454488798819 0.784549965727207 NaN
0.53 -0.846738071722312 -0.318031034633887 0.784549965727207 NaN
0.531 -0.848214469526263 -0.319595621719537 0.784549965727207 NaN
0.532 -0.849639330258246 -0.321147960923009 0.784549965727207 NaN
0.533 -0.851012281009802 -0.322687800650746 0.784549965727207 NaN
0.534 -0.85233304226136 -0.324214906904559 0.784549965727207 NaN
0.535 -0.853601427606676 -0.325729080978318 0.784549965727207 NaN
0.536 -0.854817343014216 -0.327230148798223 0.784549965727208 NaN
0.537 -0.855980785932992 -0.328717966613892 0.784549965727207 NaN
0.538 -0.857091842981461 -0.330192419852123 0.784549965727208 NaN
0.539 -0.858150687734878 -0.331653418928698 0.784549965727207 NaN
0.54 -0.859157577598884 -0.333100903132306 0.784549965727207 NaN
0.541 -0.860112850130408 -0.33453483867908 0.784549965727208 NaN
0.542 -0.861016919160025 -0.335955213780127 0.784549965727207 NaN
0.543 -0.861870270033856 -0.337362046244982 0.784549965727207 NaN
0.544 -0.862673454747589 -0.338755372596243 0.784549965727207 NaN
0.545 -0.863427086605821 -0.340135252159621 0.784549965727207 NaN
0.546 -0.864131834796355 -0.341501765628002 0.784549965727208 NaN
0.547 -0.864788418197179 -0.342855008681405 0.784549965727207 NaN
0.548 -0.865397599459007 -0.344195095459119 0.784549965727207 NaN
0.549 -0.865960179356279 -0.345522156181127 0.784549965727207 NaN
0.55 -0.866476989749316 -0.346836331833392 0.784549965727207 NaN
0.551 -0.866948887574831 -0.348137773339529 0.784549965727207 NaN
0.552 -0.867376748490034 -0.349426644652771 0.784549965727207 NaN
0.553 -0.867761460893823 -0.350703112034033 0.784549965727207 NaN
0.554 -0.868103919193337 -0.351967350991791 0.784549965727207 NaN
0.555 -0.868405019443798 -0.353219535929235 0.784549965727207 NaN
0.556 -0.868665653021656 -0.35445984537204 0.784549965727207 NaN
0.557 -0.868886700502401 -0.35568845862127 0.784549965727208 NaN
0.558 -0.869069027134878 -0.356905549876629 0.784549965727207 NaN
0.559 -0.869213478261487 -0.358111290834582 0.784549965727207 NaN
0.56 -0.869320874517444 -0.359305847528864 0.784549965727208 NaN
0.561 -0.869392008098608 -0.360489380725936 0.784549965727208 NaN
0.562 -0.869427639232413 -0.361662041090663 0.784549965727207 NaN
0.563 -0.869428493047537 -0.362823970526008 0.784549965727207 NaN
0.564 -0.86939525674597 -0.363975302232699 0.784549965727207 NaN
0.565 -0.869328577366769 -0.365116155739035 0.784549965727207 NaN
0.566 -0.869229059695818 -0.366246639388191 0.784549965727207 NaN
0.567 -0.869097264969614 -0.367366852322694 0.784549965727207 NaN
0.568 -0.868933709868986 -0.368476875692943 0.784549965727208 NaN
0.569 -0.86873886591289 -0.369576778408666 0.784549965727208 NaN
0.57 -0.868513159130101 -0.370666618957694 0.784549965727208 NaN
0.571 -0.868256970380578 -0.371746435517796 0.784549965727208 NaN
0.572 -0.867970635513567 -0.372816260917589 0.784549965727208 NaN
0.573 -0.867654446621002 -0.3738761053658 0.784549965727208 NaN
0.574 -0.867308653019297 -0.374925972416792 0.784549965727208 NaN
0.575 -0.866933462443363 -0.37596584867513 0.784549965727208 NaN
0.576 -0.866529043151773 -0.376995708618645 0.784549965727208 NaN
0.577 -0.866095525569649 -0.378015515255522 0.784549965727208 NaN
0.578 -0.865633004379075 -0.379025221300136 0.784549965727208 NaN
0.579 -0.865141541118485 -0.380024762983481 0.784549965727208 NaN
0.58 -0.864621166366541 -0.381014072337029 0.784549965727208 NaN
0.581 -0.864071882538777 -0.381993068717814 0.784549965727208 NaN
0.582 -0.863493666407979 -0.382961663695389 0.784549965727208 NaN
0.583 -0.862886471973368 -0.383919761117603 0.784549965727207 NaN
0.584 -0.862250233361866 -0.384867256222132 0.784549965727207 NaN
0.585 -0.861584867712281 -0.385804041194585 0.784549965727207 NaN
0.586 -0.860890278019225 -0.386729999218639 0.784549965727207 NaN
0.587 -0.860166355804018 -0.387645014066574 0.784549965727207 NaN
0.588 -0.859412985041047 -0.388548963322701 0.784549965727207 NaN
0.589 -0.858630042952592 -0.389441722318258 0.784549965727207 NaN
0.59 -0.857817404922557 -0.390323167257069 0.784549965727207 NaN
0.591 -0.856974947287988 -0.391193170746497 0.784549965727207 NaN
0.592 -0.8561025485599 -0.392051611728414 0.784549965727207 NaN
0.593 -0.855200091972717 -0.39289836610399 0.784549965727207 NaN
0.594 -0.854267469507919 -0.393733311390002 0.784549965727207 NaN
0.595 -0.853304584862636 -0.394556336488082 0.784549965727208 NaN
0.596 -0.852311355385486 -0.395367325295354 0.784549965727207 NaN
0.597 -0.85128771293088 -0.39616617334627 0.784549965727207 NaN
0.598 -0.850233608451289 -0.396952781216469 0.784549965727207 NaN
0.599 -0.849149011188388 -0.397727057164095 0.784549965727207 NaN
0.6 -0.848033910305993 -0.398488913312908 0.784549965727207 NaN
0.601 -0.846888320187787 -0.399238275544051 0.784549965727207 NaN
0.602 -0.845712282551173 -0.399975077304385 0.784549965727207 NaN
0.603 -0.844505866055469 -0.400699262973735 0.784549965727207 NaN
0.604 -0.843269166521797 -0.401410785867607 0.784549965727207 NaN
0.605 -0.842002309189197 -0.402109612360605 0.784549965727207 NaN
0.606 -0.84070545109643 -0.402795722179439 0.784549965727207 NaN
0.607 -0.839378782908637 -0.403469106695665 0.784549965727207 NaN
0.608 -0.838022529462556 -0.40412977125692 0.784549965727207 NaN
0.609 -0.836636950124424 -0.404777734955859 0.784549965727207 NaN
0.61 -0.835222339621512 -0.405413029035017 0.784549965727207 NaN
0.611 -0.833779028496785 -0.406035705824307 0.784549965727207 NaN
0.612 -0.832307383782249 -0.406645825741544 0.784549965727207 NaN
0.613 -0.830807808165109 -0.407243466264122 0.784549965727207 NaN
0.614 -0.82928073897575 -0.407828720756899 0.784549965727207 NaN
0.615 -0.827726650057454 -0.408401696943267 0.784549965727207 NaN
0.616 -0.826146051555633 -0.408962518657239 0.784549965727207 NaN
0.617 -0.824539488118034 -0.409511325618733 0.784549965727207 NaN
0.618 -0.82290753719067 -0.410048271918993 0.784549965727207 NaN
0.619 -0.821250809621495 -0.41057352530245 0.784549965727207 NaN
0.62 -0.819569949446668 -0.411087271492831 0.784549965727207 NaN
0.621 -0.817865632591684 -0.411589707411682 0.784549965727207 NaN
0.622 -0.816138564891769 -0.412081048437433 0.784549965727207 NaN
0.623 -0.81438947994185 -0.412561520753871 0.784549965727207 NaN
0.624 -0.812619137940909 -0.413031361581325 0.784549965727207 NaN
0.625 -0.81082832380891 -0.413490825094849 0.784549965727207 NaN
0.626 -0.809017845407163 -0.413940176945526 0.784549965727207 NaN
0.627 -0.807188531725559 -0.41437968774436 0.784549965727207 NaN
0.628 -0.805341230521824 -0.414809646148161 0.784549965727207 NaN
0.629 -0.803476806173412 -0.415230346271046 0.784549965727207 NaN
0.63 -0.801596138237071 -0.415642093637708 0.784549965727207 NaN
0.631 -0.799700119836113 -0.416045198683629 0.784549965727207 NaN
0.632 -0.797789654601664 -0.416439983630538 0.784549965727207 NaN
0.633 -0.795865654523993 -0.416826775252494 0.784549965727207 NaN
0.634 -0.793929037940638 -0.417205903813704 0.784549965727207 NaN
0.635 -0.791980728504356 -0.417577708247748 0.784549965727207 NaN
0.636 -0.790021653870877 -0.417942530846187 0.784549965727207 NaN
0.637 -0.788052742759356 -0.418300717226529 0.784549965727207 NaN
0.638 -0.786074923523482 -0.418652616856739 0.784549965727207 NaN
0.639 -0.784089122495675 -0.4189985815858 0.784549965727207 NaN
0.64 -0.782096263276508 -0.419338962625121 0.784549965727207 NaN
0.641 -0.78009726559602 -0.419674116201233 0.784549965727207 NaN
0.642 -0.778093044858917 -0.420004397831952 0.784549965727207 NaN
0.643 -0.776084511266002 -0.420330164461912 0.784549965727207 NaN
0.644 -0.774072569209254 -0.420651771899753 0.784549965727207 NaN
0.645 -0.772058117579139 -0.420969580372997 0.784549965727207 NaN
0.646 -0.770042049718418 -0.4212839461862 0.784549965727207 NaN
0.647 -0.768025253725865 -0.421595231236736 0.784549965727207 NaN
0.648 -0.766008613271489 -0.421903794927269 0.784549965727207 NaN
0.649 -0.763993008429799 -0.42220999930987 0.784549965727207 NaN
0.65 -0.761979316254378 -0.422514207833889 0.784549965727207 NaN
0.651 -0.759968412311345 -0.422816786807614 0.784549965727207 NaN
0.652 -0.757961171478691 -0.423118105342013 0.784549965727207 NaN
0.653 -0.755958469990886 -0.423418535077053 0.784549965727207 NaN
0.654 -0.753961186212935 -0.423718455000868 0.784549965727207 NaN
0.655 -0.751970203214502 -0.42401824242199 0.784549965727207 NaN
0.656 -0.749986409663951 -0.424318287498021 0.784549965727207 NaN
0.657 -0.748010702144152 -0.424618984145986 0.784549965727207 NaN
0.658 -0.746043986784372 -0.424920732294495 0.784549965727207 NaN
0.659 -0.744087181177794 -0.42522394231121 0.784549965727207 NaN
0.66 -0.742141216017043 -0.425529033364521 0.784549965727207 NaN
0.661 -0.740207036758781 -0.425836433943267 0.784549965727207 NaN
0.662 -0.738285605273986 -0.426146583993936 0.784549965727206 NaN
0.663 -0.736377901040787 -0.426459935567847 0.784549965727206 NaN
0.664 -0.734484922409245 -0.426776949625516 0.784549965727206 NaN
0.665 -0.73260768701065 -0.427098105073603 0.784549965727207 NaN
0.666 -0.73074723286804 -0.42742389057302 0.784549965727206 NaN
0.667 -0.728904618393674 -0.427754806851192 0.784549965727207 NaN
0.668 -0.727080922624634 -0.428091371052 0.784549965727207 NaN
0.669 -0.725277244627004 -0.428434112514691 0.784549965727206 NaN
0.67 -0.723494702961782 -0.428783571821956 0.784549965727206 NaN
0.671 -0.721734434490961 -0.42914030668638 0.784549965727207 NaN
0.672 -0.719997593553359 -0.429504883869777 0.784549965727206 NaN
0.673 -0.718285349647595 -0.429877883052426 0.784549965727207 NaN
0.674 -0.716598885793959 -0.430259892640153 0.784549965727207 NaN
0.675 -0.71493939576782 -0.430651513338237 0.784549965727207 NaN
0.676 -0.713308081622777 -0.431053354365044 0.784549965727207 NaN
0.677 -0.711706150176021 -0.431466030653623 0.784549965727207 NaN
0.678 -0.710134809902571 -0.43189016169006 0.784549965727207 NaN
0.679 -0.70859526660456 -0.432326374584011 0.784549965727207 NaN
0.68 -0.707088719938952 -0.432775293161062 0.784549965727207 NaN
0.681 -0.705616358529839 -0.433237542833952 0.784549965727207 NaN
0.682 -0.704179355686521 -0.433713748228898 0.784549965727207 NaN
0.683 -0.702778864450375 -0.434204524811985 0.784549965727207 NaN
0.684 -0.701416013054423 -0.434710484868926 0.784549965727207 NaN
0.685 -0.700091899646312 -0.435232227686536 0.784549965727207 NaN
0.686 -0.698807587461165 -0.4357703401474 0.784549965727207 NaN
0.687 -0.697564099918159 -0.436325396308532 0.784549965727207 NaN
0.688 -0.696362415756646 -0.436897947638242 0.784549965727207 NaN
0.689 -0.695203464207653 -0.437488531064802 0.784549965727208 NaN
0.69 -0.694088120479948 -0.43809765556448 0.784549965727208 NaN
0.691 -0.6930172015173 -0.438725807043663 0.784549965727207 NaN
0.692 -0.691991460915592 -0.439373441869499 0.784549965727207 NaN
0.693 -0.691011585526125 -0.440040987967385 0.784549965727207 NaN
0.694 -0.690078193085961 -0.440728839993664 0.784549965727207 NaN
0.695 -0.689191830229236 -0.441437358668907 0.784549965727207 NaN
0.696 -0.688352965801631 -0.442166870197082 0.784549965727207 NaN
0.697 -0.687561989003296 -0.442917659373563 0.784549965727207 NaN
0.698 -0.686819209800875 -0.443689973838613 0.784549965727207 NaN
0.699 -0.686124857891614 -0.444484020470063 0.784549965727207 NaN
0.7 -0.685479080568093 -0.445299967592824 0.784549965727207 NaN
0.701 -0.684881941482745 -0.446137937476971 0.784549965727207 NaN
0.702 -0.684333421417948 -0.446998011256032 0.784549965727207 NaN
0.703 -0.683833418502789 -0.447880228215482 0.784549965727207 NaN
0.704 -0.68338174940789 -0.448784583348345 0.784549965727207 NaN
0.705 -0.682978151446123 -0.449711031152298 0.784549965727207 NaN
0.706 -0.68262228362495 -0.450659482009298 0.784549965727208 NaN
0.707 -0.682313729681754 -0.451629806093376 0.784549965727208 NaN
0.708 -0.682052005153596 -0.452621834927401 0.784549965727207 NaN
0.709 -0.681836556452877 -0.453635364515971 0.784549965727208 NaN
0.71 -0.681666757363842 -0.4546701460079 0.784549965727207 NaN
0.711 -0.681541921591015 -0.455725899887658 0.784549965727207 NaN
0.712 -0.681461312448581 -0.456802313050343 0.784549965727207 NaN
0.713 -0.681424142572118 -0.457899043234271 0.784549965727207 NaN
0.714 -0.681429570804823 -0.459015715608083 0.784549965727207 NaN
0.715 -0.681476711672024 -0.460151929944273 0.784549965727207 NaN
0.716 -0.681564653645969 -0.461307266208605 0.784549965727207 NaN
0.717 -0.681692447715971 -0.462481275927512 0.784549965727207 NaN
0.718 -0.681859113717546 -0.463673498256442 0.784549965727207 NaN
0.719 -0.682063649608478 -0.464883457046608 0.784549965727207 NaN
0.72 -0.682305046520553 -0.466110661735216 0.784549965727207 NaN
0.721 -0.682582285480067 -0.467354616672496 0.784549965727207 NaN
0.722 -0.682894341376898 -0.468614817621239 0.784549965727207 NaN
0.723 -0.683240183773415 -0.46989075494487 0.784549965727207 NaN
0.724 -0.683618781608667 -0.471181916073519 0.784549965727207 NaN
0.725 -0.684029116018736 -0.472487792164534 0.784549965727207 NaN
0.726 -0.684470187772257 -0.473807877892345 0.784549965727207 NaN
0.727 -0.684941019060735 -0.475141683361813 0.784549965727207 NaN
0.728 -0.68544066215361 -0.476488718722237 0.784549965727208 NaN
0.729 -0.685968190629451 -0.477848518962114 0.784549965727207 NaN
0.73 -0.686522691558855 -0.479220627986534 0.784549965727207 NaN
0.731 -0.687103284016661 -0.480604599000221 0.784549965727207 NaN
0.732 -0.687709127272721 -0.482000011441418 0.784549965727208 NaN
0.733 -0.68833942291036 -0.483406461569991 0.784549965727207 NaN
0.734 -0.688993412907981 -0.484823572146018 0.784549965727207 NaN
0.735 -0.68967037671502 -0.486250988179434 0.784549965727207 NaN
0.736 -0.690369633997787 -0.48768838012139 0.784549965727207 NaN
0.737 -0.691090546764315 -0.489135444032393 0.784549965727207 NaN
0.738 -0.69183251987059 -0.490591903263638 0.784549965727207 NaN
0.739 -0.692595001185165 -0.492057506370971 0.784549965727207 NaN
0.74 -0.693377481127603 -0.493532031837897 0.784549965727207 NaN
0.741 -0.694179492446003 -0.495015285372431 0.784549965727207 NaN
0.742 -0.695000609683483 -0.496507102531148 0.784549965727207 NaN
0.743 -0.695840447884978 -0.498007344130034 0.784549965727207 NaN
0.744 -0.696698661164358 -0.499515901261783 0.784549965727207 NaN
0.745 -0.697574940897905 -0.501032690254049 0.784549965727207 NaN
0.746 -0.698469013473361 -0.502557655540923 0.784549965727207 NaN
0.747 -0.699380637722114 -0.504090764685868 0.784549965727207 NaN
0.748 -0.700309603040436 -0.505632008444332 0.784549965727207 NaN
0.749 -0.701255726665518 -0.507181403516119 0.784549965727207 NaN
0.75 -0.70221885093561 -0.508738985977319 0.784549965727207 NaN
0.751 -0.7031988412075 -0.510304812848745 0.784549965727207 NaN
0.752 -0.70419558246854 -0.51187895669346 0.784549965727207 NaN
0.753 -0.70520897691704 -0.513461509519639 0.784549965727207 NaN
0.754 -0.706238940609347 -0.515052576815101 0.784549965727207 NaN
0.755 -0.707285400915391 -0.516652276552753 0.784549965727207 NaN
0.756 -0.708348292880146 -0.518260737045507 0.784549965727207 NaN
0.757 -0.709427556626617 -0.519878095731675 0.784549965727207 NaN
0.758 -0.710523133979213 -0.521504493412874 0.784549965727207 NaN
0.759 -0.711634965567612 -0.52314008139415 0.784549965727207 NaN
0.76 -0.712762987297414 -0.524785004797121 0.784549965727207 NaN
0.761 -0.713907127618983 -0.526439412613835 0.784549965727207 NaN
0.762 -0.715067304673445 -0.528103450917162 0.784549965727207 NaN
0.763 -0.71624342347002 -0.529777257254854 0.784549965727207 NaN
0.764 -0.717435378585063 -0.531460961874128 0.784549965727207 NaN
0.765 -0.718643050452516 -0.533154684673328 0.784549965727207 NaN
0.766 -0.719866281986693 -0.534858543511677 0.784549965727207 NaN
0.767 -0.721104891867385 -0.536572631291947 0.784549965727207 NaN
0.768 -0.722358682546682 -0.538297031393346 0.784549965727207 NaN
0.769 -0.723627430874024 -0.540031811722491 0.784549965727207 NaN
0.77 -0.724910885315109 -0.541777013137406 0.784549965727207 NaN
0.771 -0.726208763863501 -0.543532662210749 0.784549965727207 NaN
0.772 -0.727520766432829 -0.545298766290445 0.784549965727207 NaN
0.773 -0.72884655876623 -0.547075299992665 0.784549965727207 NaN
0.774 -0.730185735391476 -0.548862213344138 0.784549965727207 NaN
0.775 -0.731537871912295 -0.550659425588633 0.784549965727207 NaN
0.776 -0.732902526708752 -0.552466839089648 0.784549965727207 NaN
0.777 -0.734279220918202 -0.554284325236805 0.784549965727207 NaN
0.778 -0.735667437420958 -0.556111729319782 0.784549965727207 NaN
0.779 -0.737066618007477 -0.557948870835108 0.784549965727206 NaN
0.78 -0.738476164891967 -0.559795537224814 0.784549965727206 NaN
0.781 -0.739895417803571 -0.561651459713443 0.784549965727206 NaN
0.782 -0.74132368784744 -0.563516348009499 0.784549965727207 NaN
0.783 -0.742760290913265 -0.565389897853345 0.784549965727206 NaN
0.784 -0.744204527933253 -0.567271788375205 0.784549965727206 NaN
0.785 -0.745655651389085 -0.56916165043221 0.784549965727206 NaN
0.786 -0.747112880807494 -0.571059096224512 0.784549965727207 NaN
0.787 -0.748575403535972 -0.572963711306198 0.784549965727207 NaN
0.788 -0.750042386543813 -0.574875048689893 0.784549965727207 NaN
0.789 -0.751512964413977 -0.576792639911692 0.784549965727207 NaN
0.79 -0.752986249133851 -0.578715987346814 0.784549965727207 NaN
0.791 -0.754461333659895 -0.580644574377246 0.784549965727207 NaN
0.792 -0.755937289036722 -0.582577860217198 0.784549965727207 NaN
0.793 -0.757413167470174 -0.584515281203676 0.784549965727207 NaN
0.794 -0.758888010863324 -0.586456258038462 0.784549965727207 NaN
0.795 -0.760360853561508 -0.588400194048416 0.784549965727207 NaN
0.796 -0.761830725475955 -0.590346478881547 0.784549965727207 NaN
0.797 -0.763296649866268 -0.592294489475051 0.784549965727207 NaN
0.798 -0.764757643536627 -0.594243587938602 0.784549965727207 NaN
0.799 -0.766212717599052 -0.596193124316977 0.784549965727207 NaN
0.8 -0.767660882035502 -0.598142439428827 0.784549965727207 NaN
0.801 -0.769101149875205 -0.600090868219161 0.784549965727207 NaN
0.802 -0.770532537106748 -0.60203773719622 0.784549965727207 NaN
0.803 -0.771954063800876 -0.603982368573099 0.784549965727207 NaN
0.804 -0.773364755438297 -0.605924079273051 0.784549965727207 NaN
0.805 -0.774763646201052 -0.607862184456255 0.784549965727208 NaN
0.806 -0.776149777997779 -0.609795996154789 0.784549965727207 NaN
0.807 -0.777522200400288 -0.611724825987128 0.784549965727207 NaN
0.808 -0.778879971721001 -0.613647981584171 0.784549965727207 NaN
0.809 -0.780222160928782 -0.615564776601244 0.784549965727207 NaN
0.81 -0.781547847739086 -0.617474521782652 0.784549965727207 NaN
0.811 -0.782856122122139 -0.619376530955713 0.784549965727207 NaN
0.812 -0.784146084286971 -0.621270121168772 0.784549965727207 NaN
0.813 -0.785416843133895 -0.623154606828083 0.784549965727207 NaN
0.814 -0.786667516543449 -0.625029307630698 0.784549965727207 NaN
0.815 -0.787897230469512 -0.626893546028009 0.784549965727207 NaN
0.816 -0.789105118531936 -0.62874663992446 0.784549965727207 NaN
0.817 -0.79029032051119 -0.630587914155871 0.784549965727207 NaN
0.818 -0.791451982571905 -0.632416694503606 0.784549965727207 NaN
0.819 -0.792589256022725 -0.634232306864613 0.784549965727207 NaN
0.82 -0.79370129749731 -0.636034079181143 0.784549965727207 NaN
0.821 -0.794787267374336 -0.637821343082204 0.784549965727207 NaN
0.822 -0.795846328126509 -0.63959342842079 0.784549965727207 NaN
0.823 -0.796877643315942 -0.641349664934063 0.784549965727207 NaN
0.824 -0.797880377197207 -0.643089389209832 0.784549965727207 NaN
0.825 -0.798853694186346 -0.644811930140658 0.784549965727207 NaN
0.826 -0.799796759483115 -0.646516622643545 0.784549965727207 NaN
0.827 -0.800708736477675 -0.648202796857967 0.784549965727207 NaN
0.828 -0.801588783615771 -0.649869788246571 0.784549965727206 NaN
0.829 -0.802436056249496 -0.651516927399158 0.784549965727206 NaN
0.83 -0.803249708616678 -0.653143549827254 0.784549965727206 NaN
0.831 -0.804028892517975 -0.654748985981397 0.784549965727206 NaN
0.832 -0.804772757265301 -0.656332569648223 0.784549965727206 NaN
0.833 -0.805480451187342 -0.657893636059907 0.784549965727206 NaN
0.834 -0.806151122950755 -0.659431518264604 0.784549965727206 NaN
0.835 -0.806783922195021 -0.660945557955888 0.784549965727206 NaN
0.836 -0.807377999739272 -0.662435099333937 0.784549965727206 NaN
0.837 -0.807932512666737 -0.663899493182797 0.784549965727206 NaN
0.838 -0.808446625633573 -0.665338093072078 0.784549965727206 NaN
0.839 -0.808919511791813 -0.666750262944223 0.784549965727206 NaN
0.84 -0.809350354834439 -0.668135371874316 0.784549965727206 NaN
0.841 -0.809738351652441 -0.66949280164588 0.784549965727206 NaN
0.842 -0.810082715690762 -0.670821946337101 0.784549965727206 NaN
0.843 -0.810382679770381 -0.672122211940224 0.784549965727206 NaN
0.844 -0.810637499521255 -0.673393021450438 0.784549965727206 NaN
0.845 -0.81084645697225 -0.674633812991941 0.784549965727206 NaN
0.846 -0.811008862971908 -0.675844047886496 0.784549965727206 NaN
0.847 -0.811124060686735 -0.677023204777221 0.784549965727206 NaN
0.848 -0.81119142922725 -0.678170789573031 0.784549965727206 NaN
0.849 -0.811210387810617 -0.679286330130385 0.784549965727206 NaN
0.85 -0.811180398764534 -0.680369383489897 0.784549965727206 NaN
0.851 -0.811100969597227 -0.681419535529747 0.784549965727206 NaN
0.852 -0.81097165591736 -0.682436403303696 0.784549965727206 NaN
0.853 -0.810792063271871 -0.683419635010848 0.784549965727206 NaN
0.854 -0.810561850879267 -0.684368911936338 0.784549965727207 NaN
0.855 -0.810280731697992 -0.685283952221628 0.784549965727206 NaN
0.856 -0.809948476574213 -0.686164509805267 0.784549965727206 NaN
0.857 -0.809564918520685 -0.687010373371205 0.784549965727207 NaN
0.858 -0.809129951747784 -0.687821371728931 0.784549965727206 NaN
0.859 -0.80864353151352 -0.6885973749491 0.784549965727206 NaN
0.86 -0.808105676462043 -0.689338286534963 0.784549965727206 NaN
0.861 -0.807516471284556 -0.69004405526002 0.784549965727206 NaN
0.862 -0.806876068416887 -0.690714665634261 0.784549965727206 NaN
0.863 -0.806184685192182 -0.69135015324293 0.784549965727206 NaN
0.864 -0.805442603084052 -0.691950587514745 0.784549965727206 NaN
0.865 -0.804650168866155 -0.692516070563272 0.784549965727206 NaN
0.866 -0.803807797954327 -0.693046753317237 0.784549965727206 NaN
0.867 -0.802915970790742 -0.693542830342871 0.784549965727206 NaN
0.868 -0.801975224703733 -0.694004530941886 0.784549965727206 NaN
0.869 -0.800986152801403 -0.694432115732871 0.784549965727206 NaN
0.87 -0.799949401684906 -0.694825877506851 0.784549965727207 NaN
0.871 -0.798865670058675 -0.6951861440194 0.784549965727206 NaN
0.872 -0.797735712977462 -0.695513278462405 0.784549965727206 NaN
0.873 -0.796560338043883 -0.695807682995916 0.784549965727206 NaN
0.874 -0.795340394786105 -0.696069784662879 0.784549965727206 NaN
0.875 -0.794076766831654 -0.696300026852596 0.784549965727206 NaN
0.876 -0.792770370410957 -0.696498877472948 0.784549965727206 NaN
0.877 -0.791422155492268 -0.696666826351504 0.784549965727207 NaN
0.878 -0.790033103890594 -0.696804388482673 0.784549965727207 NaN
0.879 -0.788604223475778 -0.696912097297927 0.784549965727207 NaN
0.88 -0.787136544113489 -0.696990505908079 0.784549965727206 NaN
0.881 -0.785631108072426 -0.697040181784618 0.784549965727206 NaN
0.882 -0.784088957179646 -0.697061697292444 0.784549965727207 NaN
0.883 -0.782511161834379 -0.69705562545911 0.784549965727207 NaN
0.884 -0.780898803524308 -0.697022558610149 0.784549965727207 NaN
0.885 -0.77925295496306 -0.696963094528978 0.784549965727207 NaN
0.886 -0.777574676938573 -0.696877828148764 0.784549965727207 NaN
0.887 -0.775865018487855 -0.696767343385813 0.784549965727207 NaN
0.888 -0.774125025790843 -0.696632217750077 0.784549965727207 NaN
0.889 -0.772355745492661 -0.69647303544381 0.784549965727207 NaN
0.89 -0.770558202876534 -0.696290375900869 0.784549965727207 NaN
0.891 -0.768733393645299 -0.696084810317647 0.784549965727207 NaN
0.892 -0.766882285042954 -0.695856891121443 0.784549965727206 NaN
0.893 -0.765005811513826 -0.695607159784414 0.784549965727206 NaN
0.894 -0.763104881181542 -0.69533614629799 0.784549965727206 NaN
0.895 -0.761180387630954 -0.695044371014149 0.784549965727206 NaN
0.896 -0.759233194896955 -0.694732345585985 0.784549965727206 NaN
0.897 -0.75726411664658 -0.694400550921005 0.784549965727206 NaN
0.898 -0.755273929749156 -0.694049450883604 0.784549965727206 NaN
0.899 -0.753263378056799 -0.693679495761364 0.784549965727206 NaN
0.9 -0.751233168119821 -0.693291115438698 0.784549965727206 NaN
0.901 -0.749183968181574 -0.692884720379903 0.784549965727206 NaN
0.902 -0.747116410204527 -0.692460701062254 0.784549965727206 NaN
0.903 -0.745031081047463 -0.692019433702896 0.784549965727206 NaN
0.904 -0.742928523609941 -0.69156126306515 0.784549965727206 NaN
0.905 -0.740809264961344 -0.691086523942879 0.784549965727206 NaN
0.906 -0.738673797332564 -0.690595541218831 0.784549965727206 NaN
0.907 -0.736522548983835 -0.69008860377183 0.784549965727206 NaN
0.908 -0.734355915495941 -0.689565980492949 0.784549965727206 NaN
0.909 -0.732174285564853 -0.689027937246884 0.784549965727206 NaN
0.91 -0.729978027244088 -0.688474731383159 0.784549965727206 NaN
0.911 -0.72776746820995 -0.687906603991074 0.784549965727206 NaN
0.912 -0.725542897279572 -0.687323768121886 0.784549965727206 NaN
0.913 -0.723304576498975 -0.68672642344707 0.784549965727206 NaN
0.914 -0.721052756304721 -0.686114764293142 0.784549965727206 NaN
0.915 -0.718787674471381 -0.685488979645225 0.784549965727206 NaN
0.916 -0.716509556864677 -0.68484925180337 0.784549965727206 NaN
0.917 -0.714218616357935 -0.68419575731254 0.784549965727206 NaN
0.918 -0.711915056486773 -0.683528666957311 0.784549965727206 NaN
0.919 -0.709599075957021 -0.682848149206988 0.784549965727206 NaN
0.92 -0.70727087210243 -0.682154370859282 0.784549965727206 NaN
0.921 -0.704930642522149 -0.681447502149245 0.784549965727206 NaN
0.922 -0.70257858869849 -0.680727719258003 0.784549965727206 NaN
0.923 -0.700214917411907 -0.679995203984837 0.784549965727206 NaN
0.924 -0.697839843665907 -0.679250142748037 0.784549965727206 NaN
0.925 -0.695453593955951 -0.67849273187781 0.784549965727206 NaN
0.926 -0.693056409214017 -0.677723175701509 0.784549965727206 NaN
0.927 -0.690648547577961 -0.676941695789187 0.784549965727206 NaN
0.928 -0.688230286404394 -0.67614851819863 0.784549965727206 NaN
0.929 -0.685801922299751 -0.675343889419954 0.784549965727206 NaN
0.93 -0.68336377501395 -0.674528070448646 0.784549965727206 NaN
0.931 -0.680916189327412 -0.673701338283972 0.784549965727206 NaN
0.932 -0.678459537856396 -0.672863987308842 0.784549965727206 NaN
0.933 -0.675994221099839 -0.672016333523646 0.784549965727206 NaN
0.934 -0.673520668799893 -0.671158709265006 0.784549965727206 NaN
0.935 -0.671039340503912 -0.670291469045613 0.784549965727206 NaN
0.936 -0.668550725212947 -0.669414988583426 0.784549965727206 NaN
0.937 -0.6660553399366 -0.66852965974241 0.784549965727206 NaN
0.938 -0.663553731709704 -0.667635899239631 0.784549965727205 NaN
0.939 -0.661046476468088 -0.666734138814249 0.784549965727206 NaN
0.94 -0.65853417802243 -0.665824834785038 0.784549965727205 NaN
0.941 -0.656017468398431 -0.664908460244846 0.784549965727205 NaN
0.942 -0.653497005592594 -0.663985505426769 0.784549965727205 NaN
0.943 -0.650973472091844 -0.663056477826728 0.784549965727205 NaN
0.944 -0.648447575234014 -0.662121903750569 0.784549965727206 NaN
0.945 -0.645920042978451 -0.661182322156048 0.784549965727206 NaN
0.946 -0.643391623384354 -0.660238284660908 0.784549965727205 NaN
0.947 -0.640863082421322 -0.659290356782271 0.784549965727205 NaN
0.948 -0.638335201679937 -0.658339113833127 0.784549965727205 NaN
0.949 -0.635808776520965 -0.657385140212039 0.784549965727205 NaN
0.95 -0.633284613843721 -0.656429031330244 0.784549965727205 NaN
0.951 -0.630763529891331 -0.655471385278467 0.784549965727205 NaN
0.952 -0.628246347528545 -0.65451280804188 0.784549965727205 NaN
0.953 -0.625733894210598 -0.65355390910174 0.784549965727205 NaN
0.954 -0.623226999683847 -0.652595298058054 0.784549965727205 NaN
0.955 -0.620726493454701 -0.651637586492712 0.784549965727205 NaN
0.956 -0.618233202000598 -0.650681384564782 0.784549965727205 NaN
0.957 -0.615747947639925 -0.649727297757511 0.784549965727205 NaN
0.958 -0.61327154528691 -0.648775926679552 0.784549965727205 NaN
0.959 -0.610804801182675 -0.647827869313046 0.784549965727205 NaN
0.96 -0.608348511143283 -0.646883712155516 0.784549965727205 NaN
0.961 -0.605903458500423 -0.645944033312269 0.784549965727205 NaN
0.962 -0.60347041340531 -0.645009404390691 0.784549965727205 NaN
0.963 -0.601050131500199 -0.644080383654353 0.784549965727205 NaN
0.964 -0.598643352790076 -0.643157520488156 0.784549965727205 NaN
0.965 -0.596250800866654 -0.642241350335621 0.784549965727205 NaN
0.966 -0.593873183390928 -0.641332399957827 0.784549965727205 NaN
0.967 -0.591511190715382 -0.640431181797138 0.784549965727205 NaN
0.968 -0.589165496637313 -0.6395381984631 0.784549965727205 NaN
0.969 -0.586836757449442 -0.63865394102439 0.784549965727205 NaN
0.97 -0.584525612569484 -0.637778886506692 0.784549965727205 NaN
0.971 -0.582232685522963 -0.636913502911768 0.784549965727205 NaN
0.972 -0.579958583548362 -0.636058248367716 0.784549965727205 NaN
0.973 -0.577703898214825 -0.635213568203814 0.784549965727205 NaN
0.974 -0.575469206378936 -0.634379900603465 0.784549965727204 NaN
0.975 -0.57325507032561 -0.633557672637041 0.784549965727205 NaN
0.976 -0.57106203888267 -0.63274730352219 0.784549965727204 NaN
0.977 -0.568890647685202 -0.631949203181931 0.784549965727204 NaN
0.978 -0.566741420107524 -0.631163775313276 0.784549965727205 NaN
0.979 -0.564614867882418 -0.630391416961405 0.784549965727205 NaN
0.98 -0.562511492413189 -0.629632515880527 0.784549965727204 NaN
0.981 -0.560431783992533 -0.628887459629139 0.784549965727204 NaN
0.982 -0.558376223669526 -0.628156624748557 0.784549965727204 NaN
0.983 -0.556345282515935 -0.627440386544291 0.784549965727204 NaN
0.984 -0.554339422839692 -0.626739115759851 0.784549965727204 NaN
0.985 -0.552359098082124 -0.626053177382682 0.784549965727205 NaN
0.986 -0.550404752275267 -0.625382933393554 0.784549965727205 NaN
0.987 -0.548476820619629 -0.624728744179631 0.784549965727204 NaN
0.988 -0.546575727745304 -0.624090960631632 0.784549965727205 NaN
0.989 -0.544701888625409 -0.623469933262091 0.784549965727204 NaN
0.99 -0.542855707445781 -0.622866005091972 0.784549965727204 NaN
0.991 -0.541037576318593 -0.622279516044048 0.784549965727204 NaN
0.992 -0.539247874595101 -0.621710799311631 0.784549965727204 NaN
0.993 -0.537486966975037 -0.621160178686258 0.784549965727204 NaN
0.994 -0.535755203571883 -0.620627973837481 0.784549965727204 NaN
0.995 -0.534052916802573 -0.62011449020931 0.784549965727204 NaN
0.996 -0.532380421260359 -0.619620027804734 0.784549965727204 NaN
0.997 -0.530738010384167 -0.619144871880521 0.784549965727204 NaN
0.998 -0.529125956330026 -0.618689296491942 0.784549965727204 NaN
0.999 -0.52754450700963 -0.618253559978121 0.784549965727204 NaN
1 -0.525993884807977 -0.617837906771938 0.784549965727204 NaN
