"Time, Y-Force, Work integrand, Mass, Mass error"
1e-05 -9.44433051844944e-10 -5.78052516438875e-11 0.784549965727208 NaN
0.001 -1.18475977221396e-05 -6.29494856030664e-11 0.784549965727208 NaN
0.002 -5.6812501120643e-05 -5.74933700915615e-10 0.784549965727208 NaN
0.003 -0.000136162684613668 -3.13393872003888e-09 0.784549965727208 NaN
0.004 -0.000244070047984823 -9.47727757682441e-09 0.784549965727208 NaN
0.005 -0.000374943832535308 -2.25166332437684e-08 0.784549965727208 NaN
0.006 -0.000526352535756911 -4.46292570998978e-08 0.784549965727208 NaN
0.007 -0.000698886179817057 -7.93794363579362e-08 0.784549965727208 NaN
0.008 -0.000894694012423942 -1.30526174494576e-07 0.784549965727208 NaN
0.009 -0.00111605351732722 -2.02859915006108e-07 0.784549965727208 NaN
0.01 -0.001364564596752 -3.01635821421811e-07 0.784549965727208 NaN
0.011 -0.00164096805531911 -4.32827319418051e-07 0.784549965727208 NaN
0.012 -0.00194533342371425 -6.02726273975041e-07 0.784549965727208 NaN
0.013 -0.00227735983644642 -8.18217592769295e-07 0.784549965727208 NaN
0.014 -0.00263663536899256 -1.08638309318042e-06 0.784549965727208 NaN
0.015 -0.00302279955647027 -1.41526747156702e-06 0.784549965727207 NaN
0.016 -0.0034356144206962 -1.81303456070358e-06 0.784549965727208 NaN
0.017 -0.0038749720883996 -2.28864771742006e-06 0.784549965727207 NaN
0.018 -0.00434086865626038 -2.85148343083799e-06 0.784549965727207 NaN
0.019 -0.00483336686130415 -3.51160187520434e-06 0.784549965727207 NaN
0.02 -0.00535256091432597 -4.27923587118729e-06 0.784549965727207 NaN
0.021 -0.00589854984570216 -5.16545807259861e-06 0.784549965727207 NaN
0.022 -0.00647142105122273 -6.18211603806841e-06 0.784549965727207 NaN
0.023 -0.00707124270072699 -7.34098732241333e-06 0.784549965727207 NaN
0.024 -0.00769806334483455 -8.65510220242209e-06 0.784549965727207 NaN
0.025 -0.00835191599706233 -1.01372831587581e-05 0.784549965727208 NaN
0.026 -0.00903282522971869 -1.18010557149884e-05 0.784549965727208 NaN
0.027 -0.00974081471993197 -1.36607641776379e-05 0.784549965727207 NaN
0.028 -0.0104759140127999 -1.5731254861566e-05 0.784549965727208 NaN
0.029 -0.0112381628113139 -1.80273305419094e-05 0.784549965727208 NaN
0.03 -0.0120276122799304 -2.05648847946676e-05 0.784549965727208 NaN
0.031 -0.0128443234256356 -2.33600031660042e-05 0.784549965727208 NaN
0.032 -0.0136883632792273 -2.64299159647104e-05 0.784549965727208 NaN
0.033 -0.0145598001102778 -2.97918061213497e-05 0.784549965727207 NaN
0.034 -0.0154586990037772 -3.34628294792162e-05 0.784549965727208 NaN
0.035 -0.0163851188789036 -3.74624843943109e-05 0.784549965727208 NaN
0.036 -0.0173391114695026 -4.1808624689671e-05 0.784549965727207 NaN
0.037 -0.0183207221277942 -4.65213198508725e-05 0.784549965727207 NaN
0.038 -0.0193299922573192 -5.16197665301262e-05 0.784549965727208 NaN
0.039 -0.0203669621892017 -5.71249796179569e-05 0.784549965727208 NaN
0.04 -0.021431673987452 -6.30573442055243e-05 0.784549965727207 NaN
0.041 -0.0225241732654141 -6.94390049316148e-05 0.784549965727207 NaN
0.042 -0.0236445098031911 -7.62907735839286e-05 0.784549965727208 NaN
0.043 -0.0247927365940862 -8.36356206663854e-05 0.784549965727208 NaN
0.044 -0.0259689079369461 -9.14968545345418e-05 0.784549965727208 NaN
0.045 -0.0271730765656982 -9.98975850807996e-05 0.784549965727208 NaN
0.046 -0.0284052907548773 -0.000108861670304456 0.784549965727208 NaN
0.047 -0.0296655916784185 -0.000118413557169169 0.784549965727208 NaN
0.048 -0.0309540116700864 -0.000128578209373234 0.784549965727208 NaN
0.049 -0.0322705734848463 -0.000139380777707302 0.784549965727207 NaN
0.05 -0.0336152909229256 -0.000150847264472421 0.784549965727208 NaN
0.051 -0.0349881706117399 -0.000163004445307312 0.784549965727207 NaN
0.052 -0.0363892147176295 -0.000175877977131113 0.784549965727207 NaN
0.053 -0.0378184242678034 -0.000189495612164108 0.784549965727207 NaN
0.054 -0.0392758027149351 -0.000203885048666642 0.784549965727207 NaN
0.055 -0.0407613592898531 -0.000219074370067649 0.784549965727207 NaN
0.056 -0.0422751116391628 -0.000235091891291547 0.784549965727207 NaN
0.057 -0.0438170875890198 -0.000251967364127622 0.784549965727207 NaN
0.058 -0.0453873256327045 -0.000269729835856841 0.784549965727208 NaN
0.059 -0.0469858742940021 -0.000288409979931697 0.784549965727208 NaN
0.06 -0.0486127901197688 -0.000308038127871535 0.784549965727208 NaN
0.061 -0.0502681346318831 -0.000328645500111462 0.784549965727208 NaN
0.062 -0.0519519705622445 -0.000350264500001386 0.784549965727208 NaN
0.063 -0.0536643574151921 -0.000372926230511392 0.784549965727208 NaN
0.064 -0.0554053470287549 -0.000396664287017939 0.784549965727207 NaN
0.065 -0.0571749792724972 -0.000421511110363402 0.784549965727208 NaN
0.066 -0.0589732783850137 -0.000447499937039232 0.784549965727208 NaN
0.067 -0.0608002500989886 -0.000474665585512581 0.784549965727207 NaN
0.068 -0.062655879804152 -0.000503040618733045 0.784549965727208 NaN
0.069 -0.0645401319761257 -0.000532660728868308 0.784549965727208 NaN
0.07 -0.0664529507665227 -0.000563559696500001 0.784549965727208 NaN
0.071 -0.0683942617306994 -0.000595772883449221 0.784549965727207 NaN
0.072 -0.0703639746733649 -0.000629334938630459 0.784549965727207 NaN
0.073 -0.072361987281138 -0.000664281570851946 0.784549965727208 NaN
0.074 -0.0743881894469798 -0.000700648477856721 0.784549965727207 NaN
0.075 -0.0764424678330546 -0.000738471718443264 0.784549965727207 NaN
0.076 -0.0785247106367755 -0.000777786620255499 0.784549965727208 NaN
0.077 -0.0806348121006866 -0.000818630745051116 0.784549965727208 NaN
0.078 -0.0827726767032207 -0.00086104081378715 0.784549965727207 NaN
0.079 -0.0849382226381244 -0.000905054350598454 0.784549965727208 NaN
0.08 -0.0871313845787299 -0.000950709102434332 0.784549965727208 NaN
0.081 -0.0893521156396331 -0.000998042909569158 0.784549965727208 NaN
0.082 -0.0916003882484166 -0.00104709550171277 0.784549965727208 NaN
0.083 -0.0938761942923317 -0.00109790566349584 0.784549965727207 NaN
0.084 -0.0961795441131912 -0.00115051354992558 0.784549965727207 NaN
0.085 -0.098510464868518 -0.00120495955293056 0.784549965727207 NaN
0.086 -0.100868997983774 -0.00126128425167668 0.784549965727207 NaN
0.087 -0.103255196152498 -0.00131952956489461 0.784549965727208 NaN
0.088 -0.105669119631634 -0.00137973738465492 0.784549965727207 NaN
0.089 -0.108110832361963 -0.00144194947806405 0.784549965727207 NaN
0.09 -0.110580397717437 -0.00150620920721388 0.784549965727207 NaN
0.091 -0.113077874263442 -0.00157255961018009 0.784549965727207 NaN
0.092 -0.115603311525236 -0.00164104402781555 0.784549965727207 NaN
0.093 -0.118156745966742 -0.00171170599300894 0.784549965727207 NaN
0.094 -0.120738197095452 -0.00178458949038274 0.784549965727207 NaN
0.095 -0.123347664133895 -0.0018597388798299 0.784549965727207 NaN
0.096 -0.125985122963596 -0.00193719726209618 0.784549965727207 NaN
0.097 -0.128650523598163 -0.00201700949375075 0.784549965727207 NaN
0.098 -0.131343788161662 -0.00209921916475079 0.784549965727207 NaN
0.099 -0.13406480953774 -0.00218386996372257 0.784549965727207 NaN
0.1 -0.136813450386535 -0.00227100549934367 0.784549965727207 NaN
0.101 -0.139589542912071 -0.00236066958655073 0.784549965727207 NaN
0.102 -0.14239288910872 -0.0024529051680806 0.784549965727207 NaN
0.103 -0.145223261560289 -0.00254775479016889 0.784549965727207 NaN
0.104 -0.148080404651988 -0.00264526153361802 0.784549965727207 NaN
0.105 -0.150964036452359 -0.00274546680942503 0.784549965727207 NaN
0.106 -0.153873850849859 -0.00284841291876149 0.784549965727207 NaN
0.107 -0.156809520205022 -0.00295414069502953 0.784549965727207 NaN
0.108 -0.159770698262556 -0.00306269148733251 0.784549965727207 NaN
0.109 -0.16275702343546 -0.0031741062228399 0.784549965727207 NaN
0.11 -0.165768122285407 -0.00328842458932318 0.784549965727207 NaN
0.111 -0.168803613265504 -0.00340568711793095 0.784549965727207 NaN
0.112 -0.171863110590211 -0.00352593282098299 0.784549965727207 NaN
0.113 -0.174946228131431 -0.00364920181113773 0.784549965727207 NaN
0.114 -0.178052583512771 -0.00377553299061975 0.784549965727207 NaN
0.115 -0.181181801999905 -0.00390496547068927 0.784549965727207 NaN
0.116 -0.18433352048489 -0.00403753873938114 0.784549965727207 NaN
0.117 -0.187507391087644 -0.00417329117454744 0.784549965727207 NaN
0.118 -0.190703084788729 -0.004312262911808 0.784549965727207 NaN
0.119 -0.193920294490401 -0.00445449289144833 0.784549965727207 NaN
0.12 -0.197158737894095 -0.00460002068497278 0.784549965727207 NaN
0.121 -0.200418159845876 -0.00474888609957773 0.784549965727207 NaN
0.122 -0.203698334120536 -0.00490112956705188 0.784549965727207 NaN
0.123 -0.206999064715724 -0.00505679207869409 0.784549965727207 NaN
0.124 -0.210320186425557 -0.00521591457414491 0.784549965727207 NaN
0.125 -0.213661564798523 -0.00537853905662487 0.784549965727207 NaN
0.126 -0.217023095335802 -0.00554470790360741 0.784549965727207 NaN
0.127 -0.220404702083162 -0.00571446364258324 0.784549965727207 NaN
0.128 -0.223806335357459 -0.00588785037688645 0.784549965727207 NaN
0.129 -0.227227968894055 -0.00606491187585486 0.784549965727207 NaN
0.13 -0.230669596337173 -0.0062456923729337 0.784549965727207 NaN
0.131 -0.234131227064126 -0.00643023735155202 0.784549965727207 NaN
0.132 -0.237612881521958 -0.0066185925036132 0.784549965727207 NaN
0.133 -0.241114585951748 -0.00681080249199802 0.784549965727207 NaN
0.134 -0.244636366868981 -0.00700691362757315 0.784549965727207 NaN
0.135 -0.248178245119183 -0.00720697180945607 0.784549965727207 NaN
0.136 -0.251740229728449 -0.00741102267606006 0.784549965727207 NaN
0.137 -0.255322311534219 -0.0076191112182051 0.784549965727207 NaN
0.138 -0.258924456854276 -0.00783128256820263 0.784549965727207 NaN
0.139 -0.262546601089333 -0.00804758041692199 0.784549965727207 NaN
0.14 -0.266188642370583 -0.00826804842478135 0.784549965727207 NaN
0.141 -0.26985043552841 -0.00849272785383204 0.784549965727207 NaN
0.142 -0.273531786072845 -0.00872165979010634 0.784549965727207 NaN
0.143 -0.277232444706376 -0.00895488272692717 0.784549965727207 NaN
0.144 -0.280952101996562 -0.0091924340892274 0.784549965727207 NaN
0.145 -0.284690383557272 -0.00943434825738777 0.784549965727207 NaN
0.146 -0.288446845659104 -0.00968065837426929 0.784549965727207 NaN
0.147 -0.292220971355615 -0.00993139358064671 0.784549965727207 NaN
0.148 -0.296012167155791 -0.010186581389227 0.784549965727207 NaN
0.149 -0.299819760307343 -0.0104462454292476 0.784549965727207 NaN
0.15 -0.303642996689909 -0.0107104063769566 0.784549965727207 NaN
0.151 -0.307481039397083 -0.0109790816108751 0.784549965727207 NaN
0.152 -0.311332967984437 -0.0112522835600571 0.784549965727207 NaN
0.153 -0.315197778446513 -0.0115300225894054 0.784549965727207 NaN
0.154 -0.319074383911647 -0.0118123034739192 0.784549965727207 NaN
0.155 -0.32296161622454 -0.0120991277394768 0.784549965727207 NaN
0.156 -0.326858228107013 -0.0123904920517047 0.784549965727207 NaN
0.157 -0.330762896122688 -0.0126863886253383 0.784549965727207 NaN
0.158 -0.334674224383268 -0.0129868056551182 0.784549965727207 NaN
0.159 -0.338590748923844 -0.0132917270839533 0.784549965727207 NaN
0.16 -0.342510942946026 -0.0136011315420007 0.784549965727207 NaN
0.161 -0.346433222429373 -0.013914993419736 0.784549965727207 NaN
0.162 -0.350355952541269 -0.0142332840002177 0.784549965727207 NaN
0.163 -0.354277454370914 -0.0145559686830328 0.784549965727207 NaN
0.164 -0.358196012245094 -0.0148830095348623 0.784549965727207 NaN
0.165 -0.36210988137617 -0.0152143648240617 0.784549965727207 NaN
0.166 -0.366017295674482 -0.015549989100075 0.784549965727207 NaN
0.167 -0.36991647586593 -0.0158898324897513 0.784549965727207 NaN
0.168 -0.373805637629973 -0.0162338431258641 0.784549965727207 NaN
0.169 -0.377682999694607 -0.0165819654196028 0.784549965727207 NaN
0.17 -0.381546791870966 -0.0169341412990197 0.784549965727207 NaN
0.171 -0.385395262898762 -0.0172903099018582 0.784549965727207 NaN
0.172 -0.389226687870124 -0.0176504086935458 0.784549965727207 NaN
0.173 -0.393039375466285 -0.0180143727971292 0.784549965727207 NaN
0.174 -0.396831674553191 -0.0183821366120342 0.784549965727207 NaN
0.175 -0.40060198042392 -0.018753632611959 0.784549965727208 NaN
0.176 -0.4043487404191 -0.0191287922347756 0.784549965727207 NaN
0.177 -0.408070458895809 -0.0195075467637914 0.784549965727208 NaN
0.178 -0.411765701684179 -0.0198898271681045 0.784549965727208 NaN
0.179 -0.415433099816768 -0.020275563956788 0.784549965727207 NaN
0.18 -0.419071352610414 -0.0206646878079873 0.784549965727207 NaN
0.181 -0.422679230085708 -0.0210571299938344 0.784549965727207 NaN
0.182 -0.426255574758488 -0.0214528227676457 0.784549965727207 NaN
0.183 -0.429799302815264 -0.0218516981097866 0.784549965727207 NaN
0.184 -0.433309404729607 -0.0222536897723532 0.784549965727208 NaN
0.185 -0.436784945272468 -0.0226587327369258 0.784549965727207 NaN
0.186 -0.440225063121145 -0.0230667620966784 0.784549965727207 NaN
0.187 -0.443628969965688 -0.0234777154266159 0.784549965727207 NaN
0.188 -0.446995949294307 -0.0238915311062547 0.784549965727207 NaN
0.189 -0.450325354756634 -0.0243081496445004 0.784549965727207 NaN
0.19 -0.453616608180763 -0.0247275117972781 0.784549965727207 NaN
0.191 -0.45686919743065 -0.0251495614983923 0.784549965727207 NaN
0.192 -0.460082674023902 -0.0255742427643081 0.784549965727207 NaN
0.193 -0.463256650688904 -0.0260015024293218 0.784549965727207 NaN
0.194 -0.466390798715598 -0.0264312884141454 0.784549965727207 NaN
0.195 -0.469484845317735 -0.0268635502672765 0.784549965727207 NaN
0.196 -0.472538570905883 -0.0272982391339447 0.784549965727207 NaN
0.197 -0.475551806380425 -0.027735307791464 0.784549965727207 NaN
0.198 -0.478524430430413 -0.0281747104266717 0.784549965727207 NaN
0.199 -0.481456366790451 -0.0286164031161499 0.784549965727207 NaN
0.2 -0.484347581708195 -0.0290603435932522 0.784549965727207 NaN
0.201 -0.48719808131094 -0.0295064906873847 0.784549965727207 NaN
0.202 -0.490007909110134 -0.0299548044875325 0.784549965727207 NaN
0.203 -0.492777143373184 -0.0304052468434306 0.784549965727207 NaN
0.204 -0.495505894684662 -0.0308577814292263 0.784549965727207 NaN
0.205 -0.498194303484189 -0.0313123719372022 0.784549965727207 NaN
0.206 -0.500842537681257 -0.0317689850199828 0.784549965727207 NaN
0.207 -0.503450790274124 -0.0322275872685148 0.784549965727207 NaN
0.208 -0.506019276924369 -0.0326881468319548 0.784549965727207 NaN
0.209 -0.50854823353557 -0.0331506335236937 0.784549965727207 NaN
0.21 -0.511037913881415 -0.0336150168599723 0.784549965727207 NaN
0.211 -0.51348858719941 -0.0340812688377989 0.784549965727207 NaN
0.212 -0.515900535780762 -0.0345493610181675 0.784549965727207 NaN
0.213 -0.518274052571399 -0.0350192666909631 0.784549965727207 NaN
0.214 -0.520609438757041 -0.0354909588367323 0.784549965727207 NaN
0.215 -0.522907001339582 -0.0359644117964205 0.784549965727207 NaN
0.216 -0.525167050765914 -0.0364395995571927 0.784549965727207 NaN
0.217 -0.527389898490664 -0.0369164974472433 0.784549965727207 NaN
0.218 -0.529575854713691 -0.0373950792756744 0.784549965727207 NaN
0.219 -0.531725226055715 -0.0378753206489504 0.784549965727207 NaN
0.22 -0.53383831336768 -0.0383571957029626 0.784549965727207 NaN
0.221 -0.535915409591408 -0.0388406787530202 0.784549965727207 NaN
0.222 -0.537956797817153 -0.0393257436346364 0.784549965727207 NaN
0.223 -0.539962749296107 -0.0398123636416517 0.784549965727207 NaN
0.224 -0.541933521826837 -0.0403005110105569 0.784549965727207 NaN
0.225 -0.543869358075204 -0.0407901569552739 0.784549965727207 NaN
0.226 -0.545770484249151 -0.041281272657082 0.784549965727207 NaN
0.227 -0.547637108877876 -0.0417738272539678 0.784549965727207 NaN
0.228 -0.549469421818693 -0.0422677887147922 0.784549965727207 NaN
0.229 -0.551267593490614 -0.0427631235327945 0.784549965727207 NaN
0.23 -0.553031774353478 -0.0432597974455896 0.784549965727207 NaN
0.231 -0.554762094545122 -0.0437577736177581 0.784549965727207 NaN
0.232 -0.556458663858506 -0.0442570141287437 0.784549965727207 NaN
0.233 -0.558121571872774 -0.0447574791745987 0.784549965727207 NaN
0.234 -0.559750888321165 -0.0452591279536785 0.784549965727207 NaN
0.235 -0.561346663792598 -0.045761916753891 0.784549965727207 NaN
0.236 -0.562908930454811 -0.0462658012645208 0.784549965727207 NaN
0.237 -0.564437703190748 -0.0467707348875963 0.784549965727207 NaN
0.238 -0.56593298080592 -0.0472766690738957 0.784549965727207 NaN
0.239 -0.567394747421234 -0.0477835544930012 0.784549965727207 NaN
0.24 -0.568822974114292 -0.0482913397710665 0.784549965727207 NaN
0.241 -0.570217620605321 -0.0487999724143114 0.784549965727207 NaN
0.242 -0.571578637098723 -0.0493093981660794 0.784549965727207 NaN
0.243 -0.572905966270305 -0.0498195620141689 0.784549965727207 NaN
0.244 -0.574199545263284 -0.0503304083680101 0.784549965727207 NaN
0.245 -0.575459307789743 -0.0508418792040416 0.784549965727207 NaN
0.246 -0.576685186207569 -0.0513539175790418 0.784549965727207 NaN
0.247 -0.577877113680541 -0.0518664648134234 0.784549965727207 NaN
0.248 -0.579035026233872 -0.0523794619132518 0.784549965727207 NaN
0.249 -0.5801588648411 -0.0528928504751469 0.784549965727207 NaN
0.25 -0.581248577363982 -0.0534065714522537 0.784549965727207 NaN
0.251 -0.582304120481598 -0.0539205655482182 0.784549965727207 NaN
0.252 -0.583325461442802 -0.0544347752780599 0.784549965727207 NaN
0.253 -0.584312579734946 -0.0549491419642747 0.784549965727207 NaN
0.254 -0.585265468592186 -0.0554636089754138 0.784549965727207 NaN
0.255 -0.58618413629082 -0.0559781196428809 0.784549965727207 NaN
0.256 -0.587068607373681 -0.056492618804807 0.784549965727207 NaN
0.257 -0.587918923530434 -0.0570070519365286 0.784549965727207 NaN
0.258 -0.5887351444243 -0.0575213666635007 0.784549965727207 NaN
0.259 -0.589517348232084 -0.058035510988352 0.784549965727207 NaN
0.26 -0.590265631998001 -0.0585494348565328 0.784549965727207 NaN
0.261 -0.59098011170224 -0.0590630897561839 0.784549965727207 NaN
0.262 -0.59166092224699 -0.0595764287810774 0.784549965727207 NaN
0.263 -0.59230821710129 -0.0600894061531323 0.784549965727207 NaN
0.264 -0.59292216786707 -0.060601978385113 0.784549965727207 NaN
0.265 -0.593502963442857 -0.0611141028125775 0.784549965727207 NaN
0.266 -0.594050809267286 -0.0616257397603112 0.784549965727207 NaN
0.267 -0.594565926526521 -0.0621368492624222 0.784549965727207 NaN
0.268 -0.595048550713514 -0.0626473937636412 0.784549965727207 NaN
0.269 -0.595498930375825 -0.0631573375167749 0.784549965727207 NaN
0.27 -0.595917325640629 -0.0636666453723795 0.784549965727207 NaN
0.271 -0.596304006741948 -0.0641752830741253 0.784549965727207 NaN
0.272 -0.596659252403919 -0.064683218230407 0.784549965727207 NaN
0.273 -0.596983348279736 -0.0651904188996795 0.784549965727207 NaN
0.274 -0.597276585242042 -0.0656968535532617 0.784549965727207 NaN
0.275 -0.597539257785718 -0.0662024918346166 0.784549965727207 NaN
0.276 -0.597771662444096 -0.0667073037279673 0.784549965727207 NaN
0.277 -0.597974096176604 -0.0672112589577885 0.784549965727207 NaN
0.278 -0.5981468549342 -0.0677143277688375 0.784549965727207 NaN
0.279 -0.598290232231657 -0.0682164804069326 0.784549965727207 NaN
0.28 -0.59840451791274 -0.068717686478677 0.784549965727207 NaN
0.281 -0.598489996920589 -0.0692179158667799 0.784549965727207 NaN
0.282 -0.598546948601264 -0.0697171375304991 0.784549965727207 NaN
0.283 -0.598575645705995 -0.0702153196822385 0.784549965727207 NaN
0.284 -0.598576353841577 -0.0707124307106552 0.784549965727207 NaN
0.285 -0.598549331063057 -0.0712084371921267 0.784549965727206 NaN
0.286 -0.598494827711081 -0.0717033054400073 0.784549965727207 NaN
0.287 -0.598413086594049 -0.0721970007897373 0.784549965727207 NaN
0.288 -0.598304342937228 -0.0726894881986708 0.784549965727207 NaN
0.289 -0.598168824960826 -0.073180730806482 0.784549965727206 NaN
0.29 -0.598006754975536 -0.0736706922401103 0.784549965727207 NaN
0.291 -0.597818350291077 -0.0741593352110999 0.784549965727207 NaN
0.292 -0.597603824199802 -0.0746466204728599 0.784549965727207 NaN
0.293 -0.597363387212864 -0.0751325096563445 0.784549965727207 NaN
0.294 -0.597097248674196 -0.0756169641811114 0.784549965727206 NaN
0.295 -0.596805618741481 -0.0760999449934643 0.784549965727207 NaN
0.296 -0.596488710482784 -0.0765814137467278 0.784549965727207 NaN
0.297 -0.596146742180084 -0.0770613318465868 0.784549965727207 NaN
0.298 -0.595779939451804 -0.0775396618899233 0.784549965727207 NaN
0.299 -0.595388537364365 -0.0780163679515544 0.784549965727207 NaN
0.3 -0.594972783699639 -0.0784914144833156 0.784549965727207 NaN
0.301 -0.594532941334482 -0.0789647686048366 0.784549965727207 NaN
0.302 -0.594069290329196 -0.0794363997277013 0.784549965727207 NaN
0.303 -0.59358213062647 -0.0799062789968918 0.784549965727207 NaN
0.304 -0.593071785005792 -0.080374381708833 0.784549965727207 NaN
0.305 -0.592538602043296 -0.0808406852713349 0.784549965727207 NaN
0.306 -0.591982958973346 -0.0813051722589096 0.784549965727207 NaN
0.307 -0.5914052640756 -0.0817678289804949 0.784549965727207 NaN
0.308 -0.590805959097616 -0.0822286463700213 0.784549965727207 NaN
0.309 -0.590185521452 -0.0826876210114728 0.784549965727207 NaN
0.31 -0.589544466398556 -0.0831447549889069 0.784549965727207 NaN
0.311 -0.588883349159063 -0.0836000565502959 0.784549965727207 NaN
0.312 -0.588202766889648 -0.0840535395028667 0.784549965727207 NaN
0.313 -0.58750336039005 -0.0845052264775283 0.784549965727207 NaN
0.314 -0.586785815517501 -0.0849551463639281 0.784549965727207 NaN
0.315 -0.586050864263893 -0.0854033348002467 0.784549965727207 NaN
0.316 -0.585299285585088 -0.08584983711307 0.784549965727207 NaN
0.317 -0.58453190599051 -0.0862947059454425 0.784549965727207 NaN
0.318 -0.583749599879902 -0.0867380023889093 0.784549965727207 NaN
0.319 -0.582953289695245 -0.0871797969845762 0.784549965727207 NaN
0.32 -0.582143945726314 -0.0876201684067006 0.784549965727207 NaN
0.321 -0.581322585572716 -0.0880592049455834 0.784549965727207 NaN
0.322 -0.580490273289843 -0.0884970040379632 0.784549965727207 NaN
0.323 -0.579648118256273 -0.0889336725561481 0.784549965727207 NaN
0.324 -0.578797273654402 -0.0893693263253375 0.784549965727207 NaN
0.325 -0.577938934722636 -0.0898040908267939 0.784549965727207 NaN
0.326 -0.577074336682204 -0.0902381001218342 0.784549965727207 NaN
0.327 -0.576204752408451 -0.0906714980546708 0.784549965727207 NaN
0.328 -0.575331489840332 -0.0911044371874325 0.784549965727207 NaN
0.329 -0.574455889090176 -0.0915370782412831 0.784549965727207 NaN
0.33 -0.573579319463774 -0.0919695909853888 0.784549965727207 NaN
0.331 -0.572703176073211 -0.0924021528168691 0.784549965727207 NaN
0.332 -0.571828876419181 -0.0928349496031971 0.784549965727207 NaN
0.333 -0.570957856753538 -0.0932681730847969 0.784549965727207 NaN
0.334 -0.570091568237242 -0.0937020238422615 0.784549965727207 NaN
0.335 -0.569231473054869 -0.0941367076158627 0.784549965727207 NaN
0.336 -0.568379040401989 -0.0945724360259415 0.784549965727207 NaN
0.337 -0.567535742340159 -0.0950094269988889 0.784549965727207 NaN
0.338 -0.566703049607898 -0.0954479026477379 0.784549965727207 NaN
0.339 -0.565882427489007 -0.0958880895413573 0.784549965727207 NaN
0.34 -0.565075331529213 -0.0963302174428666 0.784549965727207 NaN
0.341 -0.564283203346127 -0.0967745195719525 0.784549965727207 NaN
0.342 -0.563507466519804 -0.0972212318641646 0.784549965727207 NaN
0.343 -0.562749522440602 -0.0976705912065901 0.784549965727207 NaN
0.344 -0.562010746316253 -0.0981228359414824 0.784549965727207 NaN
0.345 -0.561292483352765 -0.0985782045273962 0.784549965727207 NaN
0.346 -0.560596044896695 -0.099036935203889 0.784549965727207 NaN
0.347 -0.559922704944327 -0.0994992648935974 0.784549965727207 NaN
0.348 -0.559273696636805 -0.0999654300712966 0.784549965727207 NaN
0.349 -0.558650209128709 -0.100435663914795 0.784549965727207 NaN
0.35 -0.558053384480335 -0.100910196214907 0.784549965727207 NaN
0.351 -0.557484314940938 -0.101389254896161 0.784549965727207 NaN
0.352 -0.556944040374932 -0.101873062237632 0.784549965727207 NaN
0.353 -0.55643354595624 -0.102361836297122 0.784549965727207 NaN
0.354 -0.55595376017223 -0.102855790936338 0.784549965727207 NaN
0.355 -0.555505553010252 -0.103355132823615 0.784549965727207 NaN
0.356 -0.555089734478635 -0.103860063757237 0.784549965727207 NaN
0.357 -0.554707053452413 -0.104370777688518 0.784549965727207 NaN
0.358 -0.554358196716045 -0.104887463139771 0.784549965727207 NaN
0.359 -0.554043788332631 -0.105410299746705 0.784549965727207 NaN
0.36 -0.553764389347694 -0.105939460630043 0.784549965727207 NaN
0.361 -0.55352049771971 -0.106475110604022 0.784549965727207 NaN
0.362 -0.553312548595137 -0.107017406336854 0.784549965727207 NaN
0.363 -0.553140914822435 -0.10756649618279 0.784549965727207 NaN
0.364 -0.553005907741599 -0.108122520781873 0.784549965727207 NaN
0.365 -0.552907778322545 -0.10868561140384 0.784549965727207 NaN
0.366 -0.552846718453155 -0.109255890802194 0.784549965727207 NaN
0.367 -0.552822862547929 -0.109833474560179 0.784549965727207 NaN
0.368 -0.552836289368603 -0.110418467917537 0.784549965727207 NaN
0.369 -0.552887024080183 -0.111010969671963 0.784549965727207 NaN
0.37 -0.552975040511823 -0.111611068889273 0.784549965727207 NaN
0.371 -0.553100263623908 -0.112218848195994 0.784549965727207 NaN
0.372 -0.553262572151216 -0.112834381156876 0.784549965727207 NaN
0.373 -0.55346180137176 -0.113457734550048 0.784549965727207 NaN
0.374 -0.553697746074394 -0.114088968018015 0.784549965727207 NaN
0.375 -0.553970163607158 -0.114728134498147 0.784549965727208 NaN
0.376 -0.554278777034521 -0.115375280748348 0.784549965727207 NaN
0.377 -0.554623278397541 -0.116030446601434 0.784549965727207 NaN
0.378 -0.55500333199606 -0.116693667112973 0.784549965727207 NaN
0.379 -0.555418577696704 -0.117364972717536 0.784549965727207 NaN
0.38 -0.555868634453887 -0.118044388156083 0.784549965727207 NaN
0.381 -0.55635310359275 -0.118731934615983 0.784549965727207 NaN
0.382 -0.556871571906951 -0.119427630512436 0.784549965727207 NaN
0.383 -0.55742361508094 -0.120131489497074 0.784549965727207 NaN
0.384 -0.558008800896043 -0.120843524082798 0.784549965727207 NaN
0.385 -0.558626692324108 -0.121563743586971 0.784549965727207 NaN
0.386 -0.559276850652924 -0.122292156919197 0.784549965727207 NaN
0.387 -0.559958838430851 -0.123028771430058 0.784549965727207 NaN
0.388 -0.560672222184259 -0.123773593916452 0.784549965727207 NaN
0.389 -0.561416574805126 -0.124526631315074 0.784549965727207 NaN
0.39 -0.56219147777493 -0.125287891018686 0.784549965727207 NaN
0.391 -0.56299652340795 -0.126057380399973 0.784549965727207 NaN
0.392 -0.563831316858579 -0.126835109741053 0.784549965727207 NaN
0.393 -0.564695478188232 -0.127621089395632 0.784549965727207 NaN
0.394 -0.565588642998693 -0.128415332527642 0.784549965727207 NaN
0.395 -0.566510465336106 -0.129217854097399 0.784549965727207 NaN
0.396 -0.567460618978726 -0.130028672056667 0.784549965727207 NaN
0.397 -0.568438797039199 -0.1308478072199 0.784549965727207 NaN
0.398 -0.569444711882454 -0.131675283031639 0.784549965727207 NaN
0.399 -0.570478096048251 -0.132511126236359 0.784549965727207 NaN
0.4 -0.571538703206793 -0.13335536750475 0.784549965727207 NaN
0.401 -0.572626308626355 -0.134208039326431 0.784549965727207 NaN
0.402 -0.57374070876382 -0.135069180253154 0.784549965727207 NaN
0.403 -0.574881720433061 -0.13593882992609 0.784549965727207 NaN
0.404 -0.57604917967762 -0.136817032726604 0.784549965727207 NaN
0.405 -0.577242940729336 -0.137703835428424 0.784549965727207 NaN
0.406 -0.578462875341817 -0.138599288819866 0.784549965727207 NaN
0.407 -0.579708871889821 -0.139503446297902 0.784549965727208 NaN
0.408 -0.580980834115043 -0.140416364181708 0.784549965727208 NaN
0.409 -0.582278679831783 -0.141338101489251 0.784549965727208 NaN
0.41 -0.58360233982808 -0.142268720082585 0.784549965727208 NaN
0.411 -0.584951755304328 -0.143208284061681 0.784549965727208 NaN
0.412 -0.58632687663325 -0.144156859014528 0.784549965727208 NaN
0.413 -0.587727662633774 -0.145114512247958 0.784549965727208 NaN
0.414 -0.589154078924637 -0.146081313574711 0.784549965727208 NaN
0.415 -0.590606095346401 -0.147057331825307 0.784549965727208 NaN
0.416 -0.59208368372046 -0.148042638693939 0.784549965727208 NaN
0.417 -0.593586816380687 -0.149037304661705 0.784549965727208 NaN
0.418 -0.595115465207257 -0.15004140106742 0.784549965727208 NaN
0.419 -0.596669600487389 -0.151054999246123 0.784549965727208 NaN
0.42 -0.598249189691815 -0.152078169784564 0.784549965727208 NaN
0.421 -0.599854195941444 -0.15311098240598 0.784549965727208 NaN
0.422 -0.601484576468185 -0.154153505709476 0.784549965727208 NaN
0.423 -0.603140281214428 -0.155205807116749 0.784549965727208 NaN
0.424 -0.604821251710108 -0.156267952395503 0.784549965727208 NaN
0.425 -0.606527420083873 -0.157340005000808 0.784549965727208 NaN
0.426 -0.608258708336942 -0.158422026097312 0.784549965727208 NaN
0.427 -0.610015028414814 -0.159514074992688 0.784549965727208 NaN
0.428 -0.611796280642701 -0.160616208621672 0.784549965727208 NaN
0.429 -0.613602353129595 -0.161728480202633 0.784549965727208 NaN
0.43 -0.615433122067384 -0.162850941309037 0.784549965727207 NaN
0.431 -0.617288451506643 -0.1639836402014 0.784549965727208 NaN
0.432 -0.619168193254189 -0.165126622361393 0.784549965727207 NaN
0.433 -0.621072186984328 -0.16627992988459 0.784549965727208 NaN
0.434 -0.623000260291224 -0.167443601827032 0.784549965727208 NaN
0.435 -0.624952228919618 -0.16861767386535 0.784549965727208 NaN
0.436 -0.626927897019179 -0.169802178836083 0.784549965727208 NaN
0.437 -0.628927057447955 -0.170997146131656 0.784549965727208 NaN
0.438 -0.630949492141999 -0.172202602023161 0.784549965727208 NaN
0.439 -0.632994972819338 -0.173418568952289 0.784549965727208 NaN
0.44 -0.635063261167255 -0.174645067335823 0.784549965727208 NaN
0.441 -0.637154108806348 -0.175882114019804 0.784549965727208 NaN
0.442 -0.639267258444744 -0.177129721873391 0.784549965727208 NaN
0.443 -0.641402444300812 -0.178387901365284 0.784549965727208 NaN
0.444 -0.643559392572584 -0.179656660820777 0.784549965727208 NaN
0.445 -0.645737821913105 -0.180936004093277 0.784549965727208 NaN
0.446 -0.647937443872889 -0.182225932590797 0.784549965727208 NaN
0.447 -0.650157963231959 -0.183526444939693 0.784549965727208 NaN
0.448 -0.652399078369979 -0.184837536811887 0.784549965727208 NaN
0.449 -0.654660481468442 -0.186159200227656 0.784549965727208 NaN
0.45 -0.656941858663009 -0.187491425529122 0.784549965727208 NaN
0.451 -0.659242890170622 -0.188834198633582 0.784549965727208 NaN
0.452 -0.661563250248982 -0.190187503352561 0.784549965727208 NaN
0.453 -0.663902607121581 -0.191551319407926 0.784549965727208 NaN
0.454 -0.666260622824801 -0.192925624189844 0.784549965727208 NaN
0.455 -0.668636952891578 -0.194310391150557 0.784549965727208 NaN
0.456 -0.671031246023922 -0.195705590145775 0.784549965727208 NaN
0.457 -0.673443143568864 -0.197111187481392 0.784549965727208 NaN
0.458 -0.675872279006837 -0.19852714552358 0.784549965727208 NaN
0.459 -0.678318277210737 -0.199953422002492 0.784549965727208 NaN
0.46 -0.680780753735434 -0.201389971555517 0.784549965727208 NaN
0.461 -0.683259313959129 -0.202836742956704 0.784549965727208 NaN
0.462 -0.685753552158462 -0.204293679568098 0.784549965727208 NaN
0.463 -0.688263050456609 -0.20576072112719 0.784549965727208 NaN
0.464 -0.690787377767084 -0.207237801064425 0.784549965727208 NaN
0.465 -0.693326088694869 -0.208724846559104 0.784549965727208 NaN
0.466 -0.695878722272456 -0.210221778537787 0.784549965727208 NaN
0.467 -0.698444800703278 -0.211728511637022 0.784549965727208 NaN
0.468 -0.701023828177519 -0.213244952937826 0.784549965727208 NaN
0.469 -0.703615289473189 -0.214771002664227 0.784549965727208 NaN
0.47 -0.706218648697578 -0.216306552723037 0.784549965727208 NaN
0.471 -0.708833347960982 -0.217851486607002 0.784549965727208 NaN
0.472 -0.711458806066722 -0.219405679431945 0.784549965727208 NaN
0.473 -0.714094417234472 -0.220968997581391 0.784549965727208 NaN
0.474 -0.716739549884392 -0.222541296670415 0.784549965727208 NaN
0.475 -0.71939354541535 -0.224122423998499 0.784549965727208 NaN
0.476 -0.72205571710639 -0.225712214911746 0.784549965727208 NaN
0.477 -0.724725349084515 -0.227310495243547 0.784549965727208 NaN
0.478 -0.727401695293155 -0.22891707978241 0.784549965727208 NaN
0.479 -0.730083978753865 -0.230531771249031 0.784549965727208 NaN
0.48 -0.732771390691811 -0.232154361223855 0.784549965727208 NaN
0.481 -0.735463090058896 -0.233784629009838 0.784549965727208 NaN
0.482 -0.73815820294618 -0.235422342396097 0.784549965727208 NaN
0.483 -0.740855822286315 -0.237067256314351 0.784549965727208 NaN
0.484 -0.74355500770542 -0.238719113414057 0.784549965727208 NaN
0.485 -0.746254785476589 -0.2403776435285 0.784549965727208 NaN
0.486 -0.748954148688633 -0.242042563723956 0.784549965727208 NaN
0.487 -0.751652057591736 -0.243713578764945 0.784549965727208 NaN
0.488 -0.754347440114812 -0.24539038037252 0.784549965727208 NaN
0.489 -0.757039192563796 -0.247072648039927 0.784549965727208 NaN
0.49 -0.759726180554753 -0.248760048205123 0.784549965727208 NaN
0.491 -0.76240724005771 -0.250452235742873 0.784549965727208 NaN
0.492 -0.765081178761884 -0.252148853291539 0.784549965727208 NaN
0.493 -0.767746777450727 -0.253849531198565 0.784549965727209 NaN
0.494 -0.770402791760224 -0.255553889629067 0.784549965727209 NaN
0.495 -0.773047954031391 -0.257261536663045 0.784549965727209 NaN
0.496 -0.77568097530023 -0.258972071353476 0.784549965727209 NaN
0.497 -0.778300547579588 -0.260685081601981 0.784549965727209 NaN
0.498 -0.780905346215919 -0.262400146606248 0.784549965727209 NaN
0.499 -0.783494032459076 -0.264116837532833 0.784549965727208 NaN
0.5 -0.786065256160165 -0.265834716701071 0.784549965727209 NaN
0.501 -0.788617658629752 -0.26755334036626 0.784549965727209 NaN
0.502 -0.791149875588938 -0.269272257716303 0.784549965727209 NaN
0.503 -0.793660540272743 -0.270991012799585 0.784549965727209 NaN
0.504 -0.79614828661743 -0.272709145657966 0.784549965727209 NaN
0.505 -0.79861175251438 -0.274426191951954 0.784549965727209 NaN
0.506 -0.801049583148839 -0.276141685896412 0.784549965727209 NaN
0.507 -0.803460434387929 -0.277855158898871 0.784549965727209 NaN
0.508 -0.805842976191864 -0.279566143230847 0.784549965727209 NaN
0.509 -0.808195896028273 -0.281274170772462 0.784549965727209 NaN
0.51 -0.810517902256755 -0.282978775180983 0.784549965727209 NaN
0.511 -0.812807727579771 -0.284679493537821 0.784549965727209 NaN
0.512 -0.81506413231071 -0.28637586607637 0.784549965727209 NaN
0.513 -0.817285907681997 -0.288067437585838 0.784549965727209 NaN
0.514 -0.819471879005429 -0.289753760011564 0.784549965727209 NaN
0.515 -0.821620908726143 -0.291434391773716 0.784549965727209 NaN
0.516 -0.823731899412418 -0.293108898397285 0.784549965727209 NaN
0.517 -0.825803796501338 -0.2947768562492 0.784549965727209 NaN
0.518 -0.827835591007259 -0.296437850529216 0.784549965727209 NaN
0.519 -0.82982632191381 -0.298091477804101 0.784549965727209 NaN
0.52 -0.83177507847574 -0.299737345961407 0.784549965727209 NaN
0.521 -0.833681002299392 -0.301375076566592 0.784549965727209 NaN
0.522 -0.835543289135425 -0.303004304621784 0.784549965727209 NaN
0.523 -0.837361190540273 -0.304624677798125 0.784549965727209 NaN
0.524 -0.839134015206291 -0.306235860553933 0.784549965727209 NaN
0.525 -0.840861130132215 -0.307837532073768 0.784549965727209 NaN
0.526 -0.842541961411993 -0.309429387408011 0.784549965727209 NaN
0.527 -0.844175994914337 -0.311011137640823 0.784549965727209 NaN
0.528 -0.84576277654928 -0.312582511537702 0.784549965727209 NaN
0.529 -0.847301912391415 -0.31414325455561 0.784549965727209 NaN
0.53 -0.848793068481147 -0.315693129124885 0.784549965727209 NaN
0.531 -0.850235970338557 -0.317231915575103 0.784549965727209 NaN
0.532 -0.851630402245268 -0.318759411188516 0.784549965727209 NaN
0.533 -0.85297620632405 -0.32027543090356 0.784549965727209 NaN
0.534 -0.854273281256772 -0.321779807063653 0.784549965727209 NaN
0.535 -0.855521580888621 -0.323272388298045 0.784549965727209 NaN
0.536 -0.856721112507607 -0.324753041029903 0.784549965727209 NaN
0.537 -0.857871935023682 -0.326221647774672 0.784549965727209 NaN
0.538 -0.858974156827562 -0.32767810597572 0.784549965727209 NaN
0.539 -0.860027933271223 -0.329122329740951 0.784549965727209 NaN
0.54 -0.861033464574871 -0.330554248115785 0.784549965727209 NaN
0.541 -0.861990993230914 -0.331973803573664 0.784549965727209 NaN
0.542 -0.862900801141289 -0.333380952837917 0.784549965727209 NaN
0.543 -0.863763206768407 -0.334775665356279 0.784549965727209 NaN
0.544 -0.864578562214612 -0.336157922094114 0.784549965727209 NaN
0.545 -0.865347250267942 -0.337527716210369 0.784549965727209 NaN
0.546 -0.866069681256946 -0.338885049689384 0.784549965727209 NaN
0.547 -0.866746290014672 -0.340229935767799 0.784549965727209 NaN
0.548 -0.867377532803487 -0.341562394986176 0.784549965727209 NaN
0.549 -0.867963884170683 -0.34288245632303 0.784549965727209 NaN
0.55 -0.868505833921668 -0.344190154724833 0.784549965727209 NaN
0.551 -0.869003884093104 -0.345485531825662 0.784549965727209 NaN
0.552 -0.86945854602898 -0.346768633200975 0.784549965727209 NaN
0.553 -0.869870337684606 -0.348039508596077 0.784549965727209 NaN
0.554 -0.870239779386515 -0.349298209359446 0.784549965727209 NaN
0.555 -0.870567391670978 -0.350544791051551 0.784549965727209 NaN
0.556 -0.870853694578544 -0.351779310197465 0.784549965727209 NaN
0.557 -0.871099205843824 -0.353001826199497 0.784549965727209 NaN
0.558 -0.871304437093052 -0.354212396619683 0.784549965727209 NaN
0.559 -0.871469891266998 -0.355411078094954 0.784549965727209 NaN
0.56 -0.871596060672525 -0.356597925682231 0.784549965727209 NaN
0.561 -0.871683425540641 -0.357772992656495 0.784549965727209 NaN
0.562 -0.871732452707588 -0.358936328244104 0.784549965727209 NaN
0.563 -0.871743594318924 -0.360087979212093 0.784549965727209 NaN
0.564 -0.871717286808406 -0.361227988993295 0.784549965727209 NaN
0.565 -0.871653949877411 -0.362356396304186 0.784549965727209 NaN
0.566 -0.871553985782067 -0.36347323553956 0.784549965727209 NaN
0.567 -0.871417778790954 -0.364578536605074 0.784549965727209 NaN
0.568 -0.871245694745955 -0.365672324868366 0.784549965727209 NaN
0.569 -0.871038080860059 -0.366754620235362 0.784549965727209 NaN
0.57 -0.870795265632901 -0.367825437616753 0.784549965727209 NaN
0.571 -0.870517558967617 -0.368884787187675 0.784549965727209 NaN
0.572 -0.870205252430049 -0.369932673253661 0.784549965727209 NaN
0.573 -0.869858619714721 -0.370969095858939 0.784549965727209 NaN
0.574 -0.869477917189031 -0.371994049522841 0.784549965727209 NaN
0.575 -0.869063384668453 -0.373007524925369 0.784549965727209 NaN
0.576 -0.868615246252035 -0.374009506729657 0.784549965727209 NaN
0.577 -0.868133711206822 -0.374999977689102 0.784549965727209 NaN
0.578 -0.867618975065564 -0.375978914597912 0.784549965727209 NaN
0.579 -0.867071219545919 -0.376946290469688 0.784549965727209 NaN
0.58 -0.866490611104769 -0.377902072115988 0.784549965727209 NaN
0.581 -0.865877312243141 -0.378846228419426 0.784549965727209 NaN
0.582 -0.865231476536126 -0.379778726916056 0.784549965727209 NaN
0.583 -0.864553249242877 -0.380699532026428 0.784549965727209 NaN
0.584 -0.863842768828091 -0.381608607183077 0.784549965727209 NaN
0.585 -0.863100168819244 -0.38250591374097 0.784549965727209 NaN
0.586 -0.862325576923901 -0.383391411911354 0.784549965727209 NaN
0.587 -0.861519119511078 -0.384265062058029 0.784549965727209 NaN
0.588 -0.860680922944963 -0.385126824805639 0.784549965727208 NaN
0.589 -0.859811109101068 -0.38597666096406 0.784549965727209 NaN
0.59 -0.858909797474272 -0.386814530394932 0.784549965727209 NaN
0.591 -0.857977114301979 -0.387640396700011 0.784549965727209 NaN
0.592 -0.85701319410601 -0.388454226997315 0.784549965727209 NaN
0.593 -0.856018171068161 -0.389255988558685 0.784549965727209 NaN
0.594 -0.854992186600316 -0.390045652705161 0.784549965727209 NaN
0.595 -0.853935392679902 -0.390823193061701 0.784549965727209 NaN
0.596 -0.852847944611203 -0.391588584991087 0.784549965727209 NaN
0.597 -0.851729994002116 -0.392341805339688 0.784549965727209 NaN
0.598 -0.850581690870422 -0.393082832249589 0.784549965727209 NaN
0.599 -0.849403192890424 -0.393811649678783 0.784549965727209 NaN
0.6 -0.848194674003115 -0.394528248107877 0.784549965727209 NaN
0.601 -0.8469563268755 -0.39523262681192 0.784549965727209 NaN
0.602 -0.845688361188415 -0.395924789156281 0.784549965727209 NaN
0.603 -0.844390998396461 -0.396604743912836 0.784549965727209 NaN
0.604 -0.843064468103374 -0.397272502341668 0.784549965727209 NaN
0.605 -0.841709008019448 -0.3979280795085 0.784549965727209 NaN
0.606 -0.840324864683684 -0.398571495485359 0.784549965727209 NaN
0.607 -0.838912294213321 -0.399202774832231 0.784549965727209 NaN
0.608 -0.837471562829159 -0.399821946505717 0.784549965727209 NaN
0.609 -0.836002946478768 -0.400429046487235 0.784549965727209 NaN
0.61 -0.834506734025814 -0.401024115343589 0.784549965727209 NaN
0.611 -0.832983230617765 -0.401607199110797 0.784549965727209 NaN
0.612 -0.831432749226506 -0.402178348366365 0.784549965727209 NaN
0.613 -0.829855605972536 -0.402737616618853 0.784549965727209 NaN
0.614 -0.828252125441144 -0.403285063265532 0.784549965727209 NaN
0.615 -0.826622646351925 -0.403820755326123 0.784549965727209 NaN
0.616 -0.824967525504464 -0.404344766749809 0.784549965727209 NaN
0.617 -0.823287137624125 -0.404857178859071 0.784549965727209 NaN
0.618 -0.821581871643128 -0.405358078623214 0.784549965727209 NaN
0.619 -0.819852126651322 -0.405847558686788 0.784549965727209 NaN
0.62 -0.818098310172166 -0.406325715176709 0.784549965727209 NaN
0.621 -0.816320836730507 -0.406792648820681 0.784549965727209 NaN
0.622 -0.814520135413874 -0.407248466082865 0.784549965727209 NaN
0.623 -0.812696651784103 -0.407693286135248 0.784549965727209 NaN
0.624 -0.81085084685013 -0.40812723307974 0.784549965727209 NaN
0.625 -0.80898319775041 -0.40855043864638 0.784549965727209 NaN
0.626 -0.807094197258599 -0.408963042903726 0.784549965727209 NaN
0.627 -0.805184353346414 -0.409365192444473 0.784549965727209 NaN
0.628 -0.803254188930555 -0.409757041813903 0.784549965727209 NaN
0.629 -0.801304242274404 -0.410138753631786 0.784549965727209 NaN
0.63 -0.799335068036396 -0.410510498662989 0.784549965727209 NaN
0.631 -0.797347238435426 -0.410872456423258 0.784549965727209 NaN
0.632 -0.795341344452983 -0.411224817380242 0.784549965727209 NaN
0.633 -0.793317996846731 -0.41156778007445 0.784549965727209 NaN
0.634 -0.791277828357142 -0.411901555203154 0.784549965727209 NaN
0.635 -0.78922149147772 -0.412226362970147 0.784549965727209 NaN
0.636 -0.787149657104389 -0.412542435512734 0.784549965727209 NaN
0.637 -0.785063017036799 -0.412850014807204 0.784549965727209 NaN
0.638 -0.782962288225471 -0.413149356400034 0.784549965727209 NaN
0.639 -0.780848214914239 -0.413440728120978 0.784549965727209 NaN
0.64 -0.778721567295069 -0.413724411132047 0.784549965727209 NaN
0.641 -0.776583138795823 -0.414000700680822 0.784549965727209 NaN
0.642 -0.774433744255727 -0.414269902661346 0.784549965727209 NaN
0.643 -0.772274220059445 -0.41453233653105 0.784549965727209 NaN
0.644 -0.770105425914157 -0.414788335257365 0.784549965727209 NaN
0.645 -0.767928246685444 -0.415038245006527 0.784549965727209 NaN
0.646 -0.765743593497572 -0.415282426743978 0.784549965727209 NaN
0.647 -0.763552403734155 -0.415521256802004 0.784549965727209 NaN
0.648 -0.761355640206343 -0.415755125527715 0.784549965727209 NaN
0.649 -0.759154289969286 -0.415984438319663 0.784549965727209 NaN
0.65 -0.756949363260935 -0.416209613961217 0.784549965727209 NaN
0.651 -0.754741892669838 -0.416431085108672 0.784549965727209 NaN
0.652 -0.752532932526361 -0.416649299290235 0.784549965727209 NaN
0.653 -0.75032355848729 -0.41686471646926 0.784549965727209 NaN
0.654 -0.748114866995207 -0.417077811107353 0.784549965727209 NaN
0.655 -0.745907974715491 -0.417289071050265 0.784549965727209 NaN
0.656 -0.743704017538483 -0.417498997254006 0.784549965727209 NaN
0.657 -0.74150414943928 -0.41770810402694 0.784549965727209 NaN
0.658 -0.73930954087119 -0.41791691810075 0.784549965727209 NaN
0.659 -0.737121376953932 -0.418125974869136 0.784549965727209 NaN
0.66 -0.734940856117646 -0.418335817989212 0.784549965727209 NaN
0.661 -0.732769189140616 -0.418547011615462 0.784549965727209 NaN
0.662 -0.730607595326838 -0.418760128400315 0.784549965727209 NaN
0.663 -0.728457299087144 -0.418975746556022 0.784549965727209 NaN
0.664 -0.726319528369199 -0.419194451183651 0.784549965727209 NaN
0.665 -0.724195513885155 -0.419416833223901 0.784549965727209 NaN
0.666 -0.722086487278793 -0.419643489774279 0.784549965727209 NaN
0.667 -0.719993678072765 -0.419875021885645 0.784549965727209 NaN
0.668 -0.717918310215739 -0.420112034854849 0.784549965727209 NaN
0.669 -0.715861599149592 -0.420355134119619 0.784549965727209 NaN
0.67 -0.713824749558003 -0.42060492661874 0.784549965727209 NaN
0.671 -0.711808953297095 -0.420862018282026 0.784549965727209 NaN
0.672 -0.709815387289267 -0.421127013296311 0.78454996572721 NaN
0.673 -0.707845211242832 -0.421400512265587 0.78454996572721 NaN
0.674 -0.705899567998289 -0.4216831136322 0.784549965727209 NaN
0.675 -0.703979575724792 -0.421975411651348 0.78454996572721 NaN
0.676 -0.702086325115894 -0.422277992289128 0.784549965727209 NaN
0.677 -0.700220878775598 -0.422591432086696 0.784549965727209 NaN
0.678 -0.698384270180558 -0.422916299043252 0.784549965727209 NaN
0.679 -0.696577501924436 -0.42325315083765 0.784549965727209 NaN
0.68 -0.694801543389656 -0.423602534090742 0.784549965727209 NaN
0.681 -0.69305732855431 -0.423964981394725 0.784549965727209 NaN
0.682 -0.6913457538964 -0.424341013343054 0.784549965727209 NaN
0.683 -0.689667676654784 -0.424731133655281 0.784549965727209 NaN
0.684 -0.688023913487547 -0.425135831153276 0.784549965727209 NaN
0.685 -0.686415239405048 -0.425555577108947 0.784549965727209 NaN
0.686 -0.684842386900078 -0.425990825463859 0.784549965727209 NaN
0.687 -0.683306045163318 -0.426442011962748 0.784549965727209 NaN
0.688 -0.681806859693765 -0.426909553572811 0.784549965727209 NaN
0.689 -0.680345428863242 -0.427393846128633 0.784549965727209 NaN
0.69 -0.678922309745392 -0.427895266182172 0.784549965727209 NaN
0.691 -0.67753801627268 -0.428414172241403 0.784549965727209 NaN
0.692 -0.67619301303233 -0.428950900322192 0.784549965727209 NaN
0.693 -0.674887717947239 -0.429505762969082 0.784549965727209 NaN
0.694 -0.673622508424756 -0.430079051818295 0.784549965727209 NaN
0.695 -0.672397724579727 -0.430671040269602 0.784549965727209 NaN
0.696 -0.671213667777317 -0.431281983000928 0.784549965727209 NaN
0.697 -0.670070597886223 -0.431912113657727 0.78454996572721 NaN
0.698 -0.668968732295133 -0.432561644721386 0.78454996572721 NaN
0.699 -0.667908247910703 -0.433230767263713 0.784549965727209 NaN
0.7 -0.666889284682419 -0.433919652264314 0.78454996572721 NaN
0.701 -0.665911949001586 -0.434628451275212 0.78454996572721 NaN
0.702 -0.664976316403217 -0.435357298556212 0.78454996572721 NaN
0.703 -0.664082434104147 -0.43610630182312 0.784549965727209 NaN
0.704 -0.663230340748381 -0.436875535369277 0.784549965727209 NaN
0.705 -0.662420049222679 -0.437665119579674 0.784549965727209 NaN
0.706 -0.661651528399123 -0.438475136877901 0.784549965727209 NaN
0.707 -0.660924720411651 -0.439305645192618 0.784549965727209 NaN
0.708 -0.660239552973494 -0.440156687050666 0.784549965727209 NaN
0.709 -0.6595959476611 -0.441028297807153 0.784549965727209 NaN
0.71 -0.658993817483441 -0.441920505258827 0.784549965727209 NaN
0.711 -0.65843306270793 -0.442833328249988 0.78454996572721 NaN
0.712 -0.657913568135373 -0.443766773033213 0.78454996572721 NaN
0.713 -0.657435207898378 -0.444720835648137 0.784549965727209 NaN
0.714 -0.656997853647977 -0.445695505702825 0.78454996572721 NaN
0.715 -0.6566013794882 -0.446690769783402 0.78454996572721 NaN
0.716 -0.656245656502948 -0.447706605660603 0.78454996572721 NaN
0.717 -0.655930563814829 -0.448742998286354 0.78454996572721 NaN
0.718 -0.655655978430704 -0.449799931921161 0.78454996572721 NaN
0.719 -0.655421798991299 -0.450877394888069 0.78454996572721 NaN
0.72 -0.655227933609516 -0.451975377980955 0.784549965727209 NaN
0.721 -0.655074275240276 -0.45309386218083 0.78454996572721 NaN
0.722 -0.654960730581585 -0.454232765421198 0.78454996572721 NaN
0.723 -0.654887302496814 -0.455392048114573 0.78454996572721 NaN
0.724 -0.654853972706891 -0.456571770148032 0.784549965727209 NaN
0.725 -0.654860697780737 -0.457771973315373 0.784549965727209 NaN
0.726 -0.654907419887406 -0.458992686706294 0.78454996572721 NaN
0.727 -0.654994074346324 -0.460233922700774 0.784549965727209 NaN
0.728 -0.655120599260939 -0.461495682999747 0.784549965727209 NaN
0.729 -0.655286951850931 -0.46277797186725 0.784549965727209 NaN
0.73 -0.655493114877463 -0.464080803760654 0.784549965727209 NaN
0.731 -0.655739089439417 -0.465404204297654 0.784549965727209 NaN
0.732 -0.656024882502117 -0.466748206252972 0.784549965727209 NaN
0.733 -0.656350497686214 -0.468112843033534 0.784549965727209 NaN
0.734 -0.656715931892211 -0.469498147450243 0.784549965727209 NaN
0.735 -0.657121175812432 -0.470904150565073 0.784549965727209 NaN
0.736 -0.65756621530675 -0.472330883170175 0.784549965727209 NaN
0.737 -0.65805103191946 -0.473778376274832 0.784549965727209 NaN
0.738 -0.658575602256268 -0.47524666146607 0.784549965727209 NaN
0.739 -0.659139896869812 -0.476735772752676 0.784549965727209 NaN
0.74 -0.659743878408439 -0.478245743546646 0.784549965727209 NaN
0.741 -0.66038749955284 -0.479776608165626 0.784549965727209 NaN
0.742 -0.661070700692663 -0.481328400040287 0.784549965727209 NaN
0.743 -0.661793407214744 -0.482901150648984 0.784549965727209 NaN
0.744 -0.662555526774904 -0.484494888337595 0.784549965727209 NaN
0.745 -0.663356946854794 -0.486109636318494 0.784549965727209 NaN
0.746 -0.66419753214449 -0.487745412444917 0.784549965727209 NaN
0.747 -0.665077122375919 -0.489402227110413 0.784549965727209 NaN
0.748 -0.665995530157986 -0.491080082686219 0.784549965727209 NaN
0.749 -0.666952538908348 -0.492778972214552 0.784549965727209 NaN
0.75 -0.667947901045724 -0.494498878404961 0.784549965727209 NaN
0.751 -0.668981336247701 -0.496239772857405 0.784549965727209 NaN
0.752 -0.670052529963629 -0.49800161383014 0.784549965727209 NaN
0.753 -0.671161132174769 -0.499784348027013 0.78454996572721 NaN
0.754 -0.672306756326457 -0.501587907474226 0.784549965727209 NaN
0.755 -0.673488978414612 -0.503412209154677 0.784549965727209 NaN
0.756 -0.674707338423591 -0.505257155049685 0.784549965727209 NaN
0.757 -0.675961339647146 -0.507122634953122 0.784549965727209 NaN
0.758 -0.67725044312065 -0.509008518449599 0.784549965727209 NaN
0.759 -0.678574070013978 -0.510914658204026 0.784549965727209 NaN
0.76 -0.679931602725737 -0.512840889276817 0.784549965727209 NaN
0.761 -0.681322386133582 -0.51478702842788 0.784549965727209 NaN
0.762 -0.682745728580838 -0.516752875343773 0.784549965727209 NaN
0.763 -0.684200902507257 -0.518738212431276 0.784549965727209 NaN
0.764 -0.685687144966086 -0.520742803780115 0.784549965727209 NaN
0.765 -0.687203658531155 -0.522766394638815 0.784549965727209 NaN
0.766 -0.688749619225051 -0.524808699821295 0.784549965727209 NaN
0.767 -0.690324156734446 -0.52686942191381 0.784549965727209 NaN
0.768 -0.691926372105814 -0.528948261713527 0.784549965727209 NaN
0.769 -0.69355534070138 -0.531044895726076 0.784549965727209 NaN
0.77 -0.695210129425561 -0.533158980343681 0.784549965727209 NaN
0.771 -0.696889778231847 -0.535290160325632 0.784549965727209 NaN
0.772 -0.698593294135791 -0.53743805905458 0.784549965727209 NaN
0.773 -0.700319663166037 -0.539602302812688 0.784549965727209 NaN
0.774 -0.702067812648871 -0.541782479161023 0.784549965727209 NaN
0.775 -0.70383665226963 -0.543978158087037 0.784549965727209 NaN
0.776 -0.705625081001615 -0.546188893094114 0.784549965727209 NaN
0.777 -0.707431999001946 -0.548414219308067 0.784549965727209 NaN
0.778 -0.709256326623324 -0.550653653282509 0.784549965727209 NaN
0.779 -0.711097001749817 -0.552906751596231 0.784549965727209 NaN
0.78 -0.712952933302715 -0.555172990416308 0.784549965727209 NaN
0.781 -0.714822968515691 -0.557451869773311 0.784549965727209 NaN
0.782 -0.716705913405399 -0.559742866860323 0.784549965727209 NaN
0.783 -0.718600565304719 -0.562045453151942 0.784549965727209 NaN
0.784 -0.720505706539001 -0.564359062086137 0.784549965727209 NaN
0.785 -0.722420135466175 -0.56668312317845 0.784549965727209 NaN
0.786 -0.72434265706868 -0.569017054810633 0.784549965727209 NaN
0.787 -0.726272089378472 -0.571360267168076 0.784549965727209 NaN
0.788 -0.728207266044818 -0.573712154085656 0.784549965727209 NaN
0.789 -0.73014701049561 -0.576072110050168 0.784549965727209 NaN
0.79 -0.732090155749262 -0.578439527153601 0.784549965727209 NaN
0.791 -0.734035519681456 -0.580813777812353 0.784549965727209 NaN
0.792 -0.735981894232562 -0.583194211381374 0.784549965727209 NaN
0.793 -0.737928074043613 -0.585580169929811 0.78454996572721 NaN
0.794 -0.739872854670399 -0.587970982142984 0.784549965727209 NaN
0.795 -0.74181504306177 -0.590365966726873 0.784549965727209 NaN
0.796 -0.743753464640672 -0.592764444070297 0.784549965727209 NaN
0.797 -0.745686939887469 -0.595165744452572 0.784549965727209 NaN
0.798 -0.747614302706746 -0.597569199382277 0.78454996572721 NaN
0.799 -0.749534389235022 -0.599974126751586 0.784549965727209 NaN
0.8 -0.751446021011266 -0.602379818925032 0.784549965727209 NaN
0.801 -0.753348004489987 -0.604785542685597 0.784549965727209 NaN
0.802 -0.755239144091022 -0.607190550203544 0.784549965727209 NaN
0.803 -0.75711825271723 -0.609594084234581 0.78454996572721 NaN
0.804 -0.758984176234055 -0.611995421610018 0.78454996572721 NaN
0.805 -0.760835766796549 -0.614393836880977 0.78454996572721 NaN
0.806 -0.762671873445775 -0.616788594376132 0.78454996572721 NaN
0.807 -0.764491340035885 -0.619178947029934 0.78454996572721 NaN
0.808 -0.766293005117204 -0.621564137034956 0.78454996572721 NaN
0.809 -0.768075704475035 -0.623943398254438 0.78454996572721 NaN
0.81 -0.769838275679017 -0.626315959299096 0.78454996572721 NaN
0.811 -0.771579561204219 -0.62868104688273 0.78454996572721 NaN
0.812 -0.77329840969481 -0.631037884804487 0.784549965727209 NaN
0.813 -0.774993676081678 -0.63338569773422 0.78454996572721 NaN
0.814 -0.776664221522678 -0.635723708321822 0.78454996572721 NaN
0.815 -0.77830891311386 -0.638051137514884 0.784549965727209 NaN
0.816 -0.779926623269488 -0.640367204725044 0.784549965727209 NaN
0.817 -0.781516229217433 -0.64267112750249 0.784549965727209 NaN
0.818 -0.783076613337424 -0.644962118946826 0.784549965727209 NaN
0.819 -0.784606670601908 -0.647239400352256 0.784549965727209 NaN
0.82 -0.786105312046493 -0.649502195201947 0.784549965727209 NaN
0.821 -0.787571478091183 -0.651749719260136 0.784549965727209 NaN
0.822 -0.789004098966452 -0.653981209857244 0.784549965727209 NaN
0.823 -0.790402104887373 -0.656195902987286 0.784549965727209 NaN
0.824 -0.791764446249619 -0.658393041640825 0.784549965727209 NaN
0.825 -0.793090100948601 -0.660571882289773 0.784549965727209 NaN
0.826 -0.794378074236659 -0.662731697752484 0.784549965727209 NaN
0.827 -0.795627395838286 -0.664871773468653 0.784549965727209 NaN
0.828 -0.796837118060652 -0.666991405359083 0.784549965727209 NaN
0.829 -0.798006316186872 -0.669089901224902 0.784549965727209 NaN
0.83 -0.79913409062871 -0.671166580465097 0.784549965727209 NaN
0.831 -0.800219569852103 -0.673220778481328 0.784549965727209 NaN
0.832 -0.801261912889995 -0.675251848371062 0.784549965727209 NaN
0.833 -0.802260311739087 -0.677259162171495 0.784549965727209 NaN
0.834 -0.803213993123413 -0.679242113606984 0.784549965727209 NaN
0.835 -0.804122220494162 -0.681200117207143 0.784549965727209 NaN
0.836 -0.804984295651781 -0.683132611258386 0.784549965727209 NaN
0.837 -0.805799560467495 -0.685039056731495 0.784549965727209 NaN
0.838 -0.806567398526647 -0.686918940428893 0.784549965727209 NaN
0.839 -0.807287236660149 -0.688771775220975 0.784549965727209 NaN
0.84 -0.807958546313467 -0.690597100812982 0.784549965727209 NaN
0.841 -0.808580844954245 -0.692394485952926 0.784549965727209 NaN
0.842 -0.809153696899263 -0.694163527623737 0.784549965727209 NaN
0.843 -0.809676714343416 -0.69590385305997 0.784549965727209 NaN
0.844 -0.810149557921922 -0.697615118434646 0.784549965727209 NaN
0.845 -0.810571933923825 -0.699297008042233 0.784549965727209 NaN
0.846 -0.810943599594444 -0.700949239155709 0.784549965727209 NaN
0.847 -0.811264367500278 -0.702571564677165 0.784549965727209 NaN
0.848 -0.811534097341233 -0.704163764235682 0.784549965727209 NaN
0.849 -0.811752689534939 -0.705725637686862 0.784549965727209 NaN
0.85 -0.811920087329787 -0.707257011274833 0.784549965727209 NaN
0.851 -0.812036283142231 -0.708757743100083 0.784549965727209 NaN
0.852 -0.812101322487742 -0.7102277228332 0.784549965727209 NaN
0.853 -0.812115307275708 -0.711666883994151 0.784549965727209 NaN
0.854 -0.812078386904657 -0.713075187814818 0.784549965727209 NaN
0.855 -0.8119907550296 -0.714452620297147 0.784549965727209 NaN
0.856 -0.81185264773947 -0.71579919304963 0.784549965727209 NaN
0.857 -0.8116643422785 -0.717114940964597 0.784549965727209 NaN
0.858 -0.81142615611556 -0.718399925670545 0.784549965727209 NaN
0.859 -0.811138446078788 -0.71965423282048 0.784549965727209 NaN
0.86 -0.810801607522311 -0.720877972869785 0.784549965727209 NaN
0.861 -0.810416073112731 -0.722071279570879 0.784549965727209 NaN
0.862 -0.809982304593566 -0.723234295996395 0.784549965727209 NaN
0.863 -0.809500799091309 -0.724367191126601 0.784549965727209 NaN
0.864 -0.808972091601283 -0.725470164842159 0.784549965727209 NaN
0.865 -0.808396740543109 -0.726543422605838 0.784549965727209 NaN
0.866 -0.807775339379694 -0.72758719796544 0.784549965727209 NaN
0.867 -0.807108506337035 -0.728601745258151 0.784549965727209 NaN
0.868 -0.8063968778531 -0.72958733220219 0.784549965727209 NaN
0.869 -0.805641111044265 -0.73054423843861 0.784549965727209 NaN
0.87 -0.804841882374303 -0.731472754544745 0.784549965727209 NaN
0.871 -0.80399989009308 -0.732373183697348 0.784549965727209 NaN
0.872 -0.803115892243868 -0.733245828482501 0.784549965727209 NaN
0.873 -0.802190632340997 -0.734091009156056 0.784549965727209 NaN
0.874 -0.801224799456715 -0.734909054825894 0.784549965727209 NaN
0.875 -0.800219091942865 -0.735700308068417 0.784549965727209 NaN
0.876 -0.799174263320688 -0.736465125107052 0.784549965727209 NaN
0.877 -0.798091087844767 -0.737203856810678 0.784549965727209 NaN
0.878 -0.796970348905356 -0.737916862123452 0.784549965727209 NaN
0.879 -0.795812796634459 -0.73860448352477 0.784549965727209 NaN
0.88 -0.794619147203193 -0.739267064007548 0.784549965727209 NaN
0.881 -0.793390125881547 -0.739904954110479 0.784549965727209 NaN
0.882 -0.792126483880193 -0.740518530988597 0.784549965727209 NaN
0.883 -0.79082899158785 -0.74110819014535 0.784549965727209 NaN
0.884 -0.789498407478605 -0.741674328030277 0.784549965727209 NaN
0.885 -0.7881354695459 -0.742217319601489 0.784549965727209 NaN
0.886 -0.786740897327599 -0.742737522736042 0.784549965727209 NaN
0.887 -0.785315384362087 -0.743235279217214 0.784549965727209 NaN
0.888 -0.783859594870678 -0.743710913284574 0.784549965727209 NaN
0.889 -0.782374183623941 -0.744164751029824 0.784549965727209 NaN
0.89 -0.780859815769993 -0.744597128862587 0.784549965727209 NaN
0.891 -0.779317142853662 -0.745008380732146 0.784549965727209 NaN
0.892 -0.777746771596982 -0.745398828971755 0.784549965727209 NaN
0.893 -0.776149277364757 -0.745768756846532 0.784549965727209 NaN
0.894 -0.774525215691927 -0.746118441280676 0.784549965727209 NaN
0.895 -0.772875169198039 -0.746448210100191 0.784549965727209 NaN
0.896 -0.771199756595521 -0.746758392735795 0.784549965727209 NaN
0.897 -0.769499579448427 -0.747049293020813 0.784549965727209 NaN
0.898 -0.767775164523277 -0.747321181757147 0.784549965727209 NaN
0.899 -0.766026978755945 -0.747574303650564 0.784549965727209 NaN
0.9 -0.764255451709064 -0.747808871277789 0.784549965727209 NaN
0.901 -0.762460981440798 -0.748025061092414 0.784549965727209 NaN
0.902 -0.760644038893522 -0.748223096199149 0.784549965727209 NaN
0.903 -0.758805099531001 -0.748403276433504 0.784549965727209 NaN
0.904 -0.75694454710415 -0.748565861329005 0.784549965727209 NaN
0.905 -0.755062719618608 -0.748711065420962 0.784549965727209 NaN
0.906 -0.753159998108263 -0.748839103054464 0.784549965727209 NaN
0.907 -0.751236777341433 -0.748950197950201 0.784549965727209 NaN
0.908 -0.749293425927537 -0.749044572898121 0.78454996572721 NaN
0.909 -0.747330302613261 -0.749122444826223 0.784549965727209 NaN
0.91 -0.745347771836964 -0.749184016334067 0.784549965727209 NaN
0.911 -0.743346176963118 -0.749229478905095 0.784549965727209 NaN
0.912 -0.741325831745151 -0.749259012727604 0.784549965727209 NaN
0.913 -0.739287075457657 -0.749272767713217 0.784549965727209 NaN
0.914 -0.737230202596671 -0.749270962908685 0.784549965727209 NaN
0.915 -0.73515551422292 -0.749253822582578 0.784549965727209 NaN
0.916 -0.73306332408298 -0.749221566541796 0.784549965727209 NaN
0.917 -0.730953945151733 -0.749174412459658 0.784549965727209 NaN
0.918 -0.728827677444232 -0.749112572790304 0.78454996572721 NaN
0.919 -0.7266848041731 -0.749036255676018 0.784549965727209 NaN
0.92 -0.724525596484965 -0.748945664152411 0.784549965727209 NaN
0.921 -0.722350322516208 -0.748841000292226 0.784549965727209 NaN
0.922 -0.720159256375704 -0.748722470159891 0.784549965727209 NaN
0.923 -0.71795268421738 -0.748590287073335 0.784549965727209 NaN
0.924 -0.715730907156692 -0.748444673131769 0.784549965727209 NaN
0.925 -0.713494241867365 -0.748285860867459 0.784549965727209 NaN
0.926 -0.71124301948839 -0.748114090091753 0.784549965727209 NaN
0.927 -0.708977584491777 -0.747929608399815 0.784549965727209 NaN
0.928 -0.706698293262902 -0.747732668570155 0.78454996572721 NaN
0.929 -0.704405513675409 -0.747523529024443 0.784549965727209 NaN
0.93 -0.702099624939078 -0.747302454436669 0.784549965727209 NaN
0.931 -0.699781018345948 -0.747069715469372 0.784549965727209 NaN
0.932 -0.697450098133592 -0.746825590332462 0.784549965727209 NaN
0.933 -0.695107282229034 -0.746570366267374 0.78454996572721 NaN
0.934 -0.692753003134564 -0.746304338549448 0.784549965727209 NaN
0.935 -0.690387707954442 -0.746027812130977 0.784549965727209 NaN
0.936 -0.688011858477073 -0.745741101490148 0.78454996572721 NaN
0.937 -0.685625930932218 -0.745444530519123 0.784549965727209 NaN
0.938 -0.683230415531898 -0.745138433103876 0.78454996572721 NaN
0.939 -0.680825816030563 -0.744823153301187 0.78454996572721 NaN
0.94 -0.678412649342449 -0.744499044685094 0.78454996572721 NaN
0.941 -0.675991445307599 -0.744166470222229 0.78454996572721 NaN
0.942 -0.673562746419589 -0.743825803340314 0.78454996572721 NaN
0.943 -0.671127107883312 -0.743477427127218 0.78454996572721 NaN
0.944 -0.668685097513001 -0.743121733819751 0.78454996572721 NaN
0.945 -0.666237296172893 -0.742759125791722 0.78454996572721 NaN
0.946 -0.663784297718953 -0.742390015246505 0.78454996572721 NaN
0.947 -0.661326709704604 -0.742014823885048 0.78454996572721 NaN
0.948 -0.658865153594863 -0.74163398256217 0.78454996572721 NaN
0.949 -0.656400265062219 -0.741247931515826 0.78454996572721 NaN
0.95 -0.653932694374813 -0.740857120839813 0.78454996572721 NaN
0.951 -0.651463106438393 -0.740462009156585 0.78454996572721 NaN
0.952 -0.648992180749101 -0.740063064384104 0.78454996572721 NaN
0.953 -0.64652061112039 -0.739660763111215 0.78454996572721 NaN
0.954 -0.644049105280786 -0.739255590849601 0.78454996572721 NaN
0.955 -0.641578384305363 -0.738848041319458 0.784549965727209 NaN
0.956 -0.639109182045534 -0.738438616323081 0.784549965727209 NaN
0.957 -0.63664224444238 -0.738027826038764 0.784549965727209 NaN
0.958 -0.63417832897691 -0.737616187909566 0.784549965727209 NaN
0.959 -0.631718204036915 -0.737204226739744 0.78454996572721 NaN
0.96 -0.629262648601501 -0.736792475351942 0.78454996572721 NaN
0.961 -0.626812451562454 -0.736381472042835 0.78454996572721 NaN
0.962 -0.624368411717253 -0.735971763744573 0.78454996572721 NaN
0.963 -0.621931337232684 -0.73556390318742 0.78454996572721 NaN
0.964 -0.619502045240839 -0.735158448275203 0.78454996572721 NaN
0.965 -0.617081361611447 -0.734755964486474 0.78454996572721 NaN
0.966 -0.614670120301777 -0.734357021699162 0.78454996572721 NaN
0.967 -0.612269162614523 -0.733962194486353 0.78454996572721 NaN
0.968 -0.609879336462693 -0.733572062796142 0.78454996572721 NaN
0.969 -0.607501495166655 -0.733187209316233 0.78454996572721 NaN
0.97 -0.605136496244221 -0.732808219873156 0.78454996572721 NaN
0.971 -0.60278519991315 -0.732435682157158 0.78454996572721 NaN
0.972 -0.60044846733782 -0.73207018504556 0.78454996572721 NaN
0.973 -0.598127158823678 -0.731712316501226 0.78454996572721 NaN
0.974 -0.595822131742295 -0.731362662837396 0.78454996572721 NaN
0.975 -0.593534238510505 -0.731021808494783 0.78454996572721 NaN
0.976 -0.591264324171838 -0.730690331814979 0.78454996572721 NaN
0.977 -0.589013224283829 -0.730368807037913 0.78454996572721 NaN
0.978 -0.586781762538375 -0.730057800709329 0.78454996572721 NaN
0.979 -0.584570748413975 -0.729757869656195 0.78454996572721 NaN
0.98 -0.582380974946816 -0.729469562067692 0.78454996572721 NaN
0.981 -0.580213216443303 -0.729193413994036 0.78454996572721 NaN
0.982 -0.578068226325165 -0.728929948268335 0.78454996572721 NaN
0.983 -0.575946735039034 -0.728679674438358 0.78454996572721 NaN
0.984 -0.573849447973471 -0.728443085632548 0.78454996572721 NaN
0.985 -0.571777043596833 -0.728220658885271 0.784549965727209 NaN
0.986 -0.569730171627208 -0.728012852959492 0.784549965727209 NaN
0.987 -0.567709451254863 -0.727820108533787 0.784549965727209 NaN
0.988 -0.565715469689461 -0.727642845888364 0.784549965727209 NaN
0.989 -0.563748780581996 -0.727481464041095 0.784549965727209 NaN
0.99 -0.561809902813942 -0.727336340859076 0.78454996572721 NaN
0.991 -0.559899319147964 -0.727207831312321 0.78454996572721 NaN
0.992 -0.558017475374381 -0.727096267479576 0.78454996572721 NaN
0.993 -0.556164779358881 -0.727001957164952 0.78454996572721 NaN
0.994 -0.554341600244885 -0.726925182921624 0.78454996572721 NaN
0.995 -0.552548268029436 -0.72686620296106 0.78454996572721 NaN
0.996 -0.550785073006167 -0.726825249572132 0.78454996572721 NaN
0.997 -0.549052265608156 -0.726802528889576 0.78454996572721 NaN
0.998 -0.547350056238917 -0.726798220863961 0.78454996572721 NaN
0.999 -0.545678615461141 -0.72681247887773 0.78454996572721 NaN
1 -0.544038073964596 -0.726845429134347 0.78454996572721 NaN
