"Time, Y-Force, Work integrand, Mass, Mass error"
1e-05 0.000716315683291668 -2.76098397234392e-11 0.78526803695784 NaN
0.001 -0.000158315561082034 -2.05943677970756e-10 0.78526803695784 1.4138141021583e-16
0.002 -0.000849357086186942 -3.66764821774424e-09 0.78526803695784 4.24144230647489e-16
0.00300000000000001 -4.64482126183441e-06 -1.20327642692971e-10 0.78526803695784 4.24144230647489e-16
0.00400000000000001 0.000249268194231433 2.31071662352327e-09 0.78526803695784 4.24144230647489e-16
0.00499999999999996 -0.000479852323094221 -1.65832582611682e-08 0.78526803695784 4.24144230647489e-16
0.00599999999999992 -0.000630325536205234 -3.05472610834397e-08 0.78526803695784 4.24144230647489e-16
0.00699999999999988 -0.000437066661930885 -4.06454841606757e-08 0.78526803695784 2.82762820431659e-16
0.00799999999999984 -0.00083180977679298 -8.66357494985629e-08 0.78526803695784 5.65525640863319e-16
0.0089999999999998 -0.00125050220663603 -1.47767438378292e-07 0.78526803695784 2.82762820431659e-16
0.00999999999999976 -0.00125855069348724 -2.00293996488292e-07 0.78526803695784 4.24144230647489e-16
0.0109999999999997 -0.00140802251421412 -2.85821487251096e-07 0.78526803695784 2.82762820431659e-16
0.0119999999999997 -0.00181361691337045 -4.15292980072849e-07 0.78526803695784 2.82762820431659e-16
0.0129999999999996 -0.00210647595590352 -5.57971634836812e-07 0.78526803695784 2.82762820431659e-16
0.0139999999999996 -0.00236452478818983 -7.3659123194349e-07 0.78526803695784 2.82762820431659e-16
0.0149999999999996 -0.00286802569655364 -1.00663648560035e-06 0.78526803695784 2.82762820431659e-16
0.0159999999999995 -0.00351111853670716 -1.37244912471433e-06 0.78526803695784 2.82762820431659e-16
0.0169999999999995 -0.00402011484981735 -1.7912653080183e-06 0.78526803695784 2.82762820431659e-16
0.0179999999999994 -0.00439257965727258 -2.24214435424509e-06 0.78526803695784 2.82762820431659e-16
0.0189999999999994 -0.00475386182409032 -2.73505092345926e-06 0.78526803695784 2.82762820431659e-16
0.0199999999999994 -0.00505494665226536 -3.25026512608146e-06 0.78526803695784 5.65525640863319e-16
0.0209999999999993 -0.00528285615526514 -3.77758632443687e-06 0.78526803695784 5.65525640863319e-16
0.0219999999999993 -0.00564360563671684 -4.40426064016002e-06 0.78526803695784 4.24144230647489e-16
0.0229999999999992 -0.00625015136299467 -5.22713146523367e-06 0.78526803695784 5.65525640863319e-16
0.0239999999999992 -0.0070030277346671 -6.25775510563163e-06 0.78526803695784 5.65525640863319e-16
0.0249999999999992 -0.00786108994802781 -7.51709311390316e-06 0.78526803695784 5.65525640863319e-16
0.0259999999999991 -0.00885055170025595 -9.05976178596467e-06 0.78526803695784 5.65525640863319e-16
0.0269999999999991 -0.009872966044016 -1.08522479928732e-05 0.78526803695784 5.65525640863319e-16
0.027999999999999 -0.0108028276548673 -1.28085660321287e-05 0.78526803695784 5.65525640863319e-16
0.028999999999999 -0.0116457486075081 -1.49157597725928e-05 0.78526803695784 5.65525640863319e-16
0.0299999999999989 -0.0124311926766811 -1.71760302888641e-05 0.78526803695784 8.48288461294978e-16
0.0309999999999989 -0.0131251331954285 -1.95385229857983e-05 0.78526803695784 5.65525640863319e-16
0.0319999999999991 -0.0137392030948291 -2.19982757440392e-05 0.78526803695784 7.06907051079148e-16
0.0329999999999994 -0.0143524775286483 -2.4625319032797e-05 0.78526803695784 7.06907051079148e-16
0.0339999999999997 -0.0149988061285029 -2.74609327445396e-05 0.78526803695784 7.06907051079148e-16
0.035 -0.0156732497889926 -3.05216173754116e-05 0.78526803695784 7.06907051079148e-16
0.0360000000000004 -0.0164106018146004 -3.38732288683152e-05 0.78526803695784 5.65525640863319e-16
0.0370000000000007 -0.0172461627778553 -3.75921352850639e-05 0.78526803695784 5.65525640863319e-16
0.038000000000001 -0.0181649437457381 -4.16957106877044e-05 0.78526803695784 7.06907051079148e-16
0.0390000000000013 -0.0191523544155974 -4.61999860117482e-05 0.78526803695784 7.06907051079148e-16
0.0400000000000016 -0.0202197666438089 -5.11540292207624e-05 0.78526803695784 7.06907051079148e-16
0.0410000000000019 -0.0213597320695129 -5.6580697087593e-05 0.78526803695784 8.48288461294978e-16
0.0420000000000022 -0.0225455316570891 -6.24640359855079e-05 0.78526803695784 8.48288461294978e-16
0.0430000000000025 -0.0237701059619173 -6.88175164195795e-05 0.78526803695784 8.48288461294978e-16
0.0440000000000028 -0.0250357845357172 -7.56712676078033e-05 0.78526803695784 8.48288461294978e-16
0.0450000000000031 -0.0263289563293956 -8.30219362739533e-05 0.78526803695784 8.48288461294978e-16
0.0460000000000034 -0.027638068508951 -9.08663546011421e-05 0.78526803695784 8.48288461294978e-16
0.0470000000000037 -0.0289676433570065 -9.92367467118234e-05 0.78526803695784 8.48288461294978e-16
0.048000000000004 -0.0303185706612634 -0.000108157904994268 0.78526803695784 8.48288461294978e-16
0.0490000000000043 -0.0316834892380484 -0.000117632666274792 0.78526803695784 8.48288461294978e-16
0.0500000000000046 -0.0330633426561118 -0.000127686328769756 0.78526803695784 8.48288461294978e-16
0.0510000000000049 -0.0344640547979882 -0.000138358864012863 0.78526803695784 8.48288461294978e-16
0.0520000000000053 -0.0358841877301188 -0.000149667266469623 0.785268036957841 9.89669871510808e-16
0.0530000000000056 -0.0373217364874225 -0.000161628601249693 0.785268036957841 9.89669871510808e-16
0.0540000000000059 -0.0387806355450255 -0.000174278788706142 0.78526803695784 8.48288461294978e-16
0.0550000000000062 -0.0402627688217514 -0.000187646170063969 0.785268036957841 9.89669871510808e-16
0.0560000000000065 -0.0417659552372331 -0.000201745309371476 0.78526803695784 8.48288461294978e-16
0.0570000000000068 -0.0432907563125244 -0.000216602070400182 0.785268036957841 9.89669871510808e-16
0.0580000000000071 -0.0448395661686796 -0.000232248398772408 0.78526803695784 8.48288461294978e-16
0.0590000000000074 -0.0464121283194743 -0.000248706838588367 0.785268036957841 9.89669871510808e-16
0.0600000000000077 -0.0480080720811475 -0.000266000032235154 0.78526803695784 8.48288461294978e-16
0.061000000000008 -0.0496293914474659 -0.000284161718521879 0.78526803695784 7.06907051079148e-16
0.0620000000000083 -0.0512777156798361 -0.000303225155595499 0.78526803695784 8.48288461294978e-16
0.0630000000000083 -0.0529533971473128 -0.000323217509395339 0.78526803695784 8.48288461294978e-16
0.0640000000000079 -0.0546576655596294 -0.000344173566852631 0.78526803695784 8.48288461294978e-16
0.0650000000000075 -0.0563924103077387 -0.000366131154128556 0.78526803695784 7.06907051079148e-16
0.0660000000000071 -0.0581586110555872 -0.000389125486006357 0.78526803695784 5.65525640863319e-16
0.0670000000000067 -0.0599569562972615 -0.000413193759216619 0.78526803695784 5.65525640863319e-16
0.0680000000000063 -0.0617887170202263 -0.000438375363369915 0.78526803695784 7.06907051079148e-16
0.0690000000000059 -0.06365494587053 -0.000464713311859904 0.78526803695784 5.65525640863319e-16
0.0700000000000056 -0.0655559871153457 -0.000492245703650827 0.78526803695784 7.06907051079148e-16
0.0710000000000052 -0.0674920660108995 -0.000521011966939454 0.78526803695784 7.06907051079148e-16
0.0720000000000048 -0.0694633109507077 -0.000551051142858971 0.78526803695784 7.06907051079148e-16
0.0730000000000044 -0.0714691982251736 -0.000582398344987994 0.78526803695784 5.65525640863319e-16
0.074000000000004 -0.0735086763473713 -0.000615084709853053 0.78526803695784 7.06907051079148e-16
0.0750000000000036 -0.0755806070756222 -0.000649140109042295 0.78526803695784 4.24144230647489e-16
0.0760000000000032 -0.0776836930282503 -0.000684591427760381 0.78526803695784 5.65525640863319e-16
0.0770000000000028 -0.07981641259056 -0.000721464878181019 0.78526803695784 4.24144230647489e-16
0.0780000000000025 -0.0819773822931378 -0.000759785714668379 0.78526803695784 4.24144230647489e-16
0.0790000000000021 -0.0841655530285088 -0.000799581708386704 0.78526803695784 4.24144230647489e-16
0.0800000000000017 -0.0863800876284895 -0.00084088205648826 0.78526803695784 2.82762820431659e-16
0.0810000000000013 -0.088620404306095 -0.000883717787157776 0.78526803695784 2.82762820431659e-16
0.0820000000000009 -0.0908863089716885 -0.0009281249523308 0.78526803695784 2.82762820431659e-16
0.0830000000000005 -0.0931778841245983 -0.000974141152771682 0.78526803695784 4.24144230647489e-16
0.0840000000000001 -0.0954953402504515 -0.00102180697746566 0.78526803695784 2.82762820431659e-16
0.0849999999999997 -0.0978390213653579 -0.00107116465222541 0.78526803695784 2.82762820431659e-16
0.0859999999999994 -0.100209364075994 -0.00112225743004467 0.78526803695784 2.82762820431659e-16
0.086999999999999 -0.102606768131691 -0.00117513021717854 0.78526803695784 2.82762820431659e-16
0.0879999999999986 -0.105031555865288 -0.00122982687806514 0.78526803695784 2.82762820431659e-16
0.0889999999999982 -0.107483991805628 -0.00128639055032644 0.78526803695784 2.82762820431659e-16
0.0899999999999978 -0.109964245392133 -0.0013448647781456 0.78526803695784 2.82762820431659e-16
0.0909999999999974 -0.112472361293715 -0.00140529134780382 0.78526803695784 2.82762820431659e-16
0.091999999999997 -0.115008294046282 -0.00146771078810029 0.78526803695784 4.24144230647489e-16
0.0929999999999966 -0.117571935036176 -0.00153216291903287 0.78526803695784 2.82762820431659e-16
0.0939999999999963 -0.120163107019906 -0.00159868682649417 0.78526803695784 2.82762820431659e-16
0.0949999999999959 -0.122781592818168 -0.00166732109508025 0.78526803695784 2.82762820431659e-16
0.0959999999999955 -0.125427180033943 -0.00173810291314161 0.78526803695784 2.82762820431659e-16
0.0969999999999951 -0.128099672724424 -0.00181107128648707 0.78526803695784 4.24144230647489e-16
0.0979999999999947 -0.130798907120761 -0.00188626428324973 0.78526803695784 2.82762820431659e-16
0.0989999999999943 -0.133524781271603 -0.00196372111563155 0.78526803695784 2.82762820431659e-16
0.0999999999999939 -0.136277262682642 -0.0020434818479087 0.78526803695784 2.82762820431659e-16
0.100999999999994 -0.139056381314139 -0.00212558839884196 0.78526803695784 2.82762820431659e-16
0.101999999999993 -0.141862225542624 -0.00221008296916925 0.78526803695784 2.82762820431659e-16
0.102999999999993 -0.144694927584561 -0.00229700896883837 0.78526803695784 2.82762820431659e-16
0.103999999999992 -0.147554633404019 -0.00238641129869765 0.78526803695784 2.82762820431659e-16
0.104999999999992 -0.150441473698141 -0.00247833412069887 0.78526803695784 1.4138141021583e-16
0.105999999999992 -0.153355540400042 -0.00257282255052935 0.78526803695784 2.82762820431659e-16
0.106999999999991 -0.156296860643382 -0.00266992057546186 0.78526803695784 2.82762820431659e-16
0.107999999999991 -0.159265375413412 -0.00276967211489801 0.78526803695784 NaN
0.10899999999999 -0.162260936019779 -0.00287212018710792 0.78526803695784 2.82762820431659e-16
0.10999999999999 -0.165283310402231 -0.00297730575784669 0.78526803695784 2.82762820431659e-16
0.11099999999999 -0.168332194046476 -0.00308527019412186 0.78526803695784 1.4138141021583e-16
0.111999999999989 -0.171407231971413 -0.00319605288421684 0.78526803695784 NaN
0.112999999999989 -0.174508046779209 -0.00330969424830774 0.78526803695784 1.4138141021583e-16
0.113999999999988 -0.177634260866459 -0.00342623358030955 0.78526803695784 1.4138141021583e-16
0.114999999999988 -0.180785515945811 -0.00354571084061153 0.78526803695784 NaN
0.115999999999988 -0.183961490021398 -0.00366816710240866 0.78526803695784 2.82762820431659e-16
0.116999999999987 -0.187161905795007 -0.00379364289486747 0.78526803695784 1.4138141021583e-16
0.117999999999987 -0.190386530049851 -0.00392218104333678 0.78526803695784 1.4138141021583e-16
0.118999999999987 -0.193635165633282 -0.00405382376038507 0.78526803695784 2.82762820431659e-16
0.119999999999986 -0.196907641104733 -0.00418861375070134 0.78526803695784 2.82762820431659e-16
0.120999999999986 -0.200203792187336 -0.00432659399859248 0.78526803695784 2.82762820431659e-16
0.121999999999985 -0.203523440975429 -0.00446780701438454 0.78526803695784 1.4138141021583e-16
0.122999999999985 -0.206866378552718 -0.0046122946788065 0.78526803695784 NaN
0.123999999999985 -0.21023234686117 -0.00476009702760188 0.78526803695784 NaN
0.124999999999984 -0.213621024127734 -0.00491125323279798 0.78526803695784 1.4138141021583e-16
0.125999999999985 -0.217032016818768 -0.00506579991423542 0.78526803695784 2.82762820431659e-16
0.126999999999986 -0.220464858657632 -0.00522377152504588 0.78526803695784 NaN
0.127999999999987 -0.223919016431314 -0.00538520143370344 0.78526803695784 NaN
0.128999999999988 -0.227393900334203 -0.00555012017892106 0.78526803695784 NaN
0.129999999999989 -0.230888882982251 -0.00571855672858107 0.78526803695784 1.4138141021583e-16
0.13099999999999 -0.234403326107488 -0.00589053995368868 0.78526803695784 NaN
0.131999999999991 -0.237936609117025 -0.00606609829337978 0.78526803695784 NaN
0.132999999999992 -0.241488159094519 -0.0062452592529722 0.78526803695784 NaN
0.133999999999993 -0.245057479576682 -0.00642805333623642 0.78526803695784 NaN
0.134999999999994 -0.248644172467223 -0.00661451252656775 0.78526803695784 1.4138141021583e-16
0.135999999999995 -0.252247954095992 -0.00680467122823999 0.78526803695784 1.4138141021583e-16
0.136999999999996 -0.255868665424513 -0.00699856658260711 0.78526803695784 1.4138141021583e-16
0.137999999999997 -0.259506270838097 -0.00719623966967764 0.78526803695784 2.82762820431659e-16
0.138999999999998 -0.263160845653326 -0.00739773376241185 0.78526803695784 4.24144230647489e-16
0.139999999999999 -0.266832555939072 -0.00760309599590506 0.78526803695784 4.24144230647489e-16
0.141 -0.270521630197539 -0.00781237408921578 0.78526803695784 4.24144230647489e-16
0.142000000000001 -0.27422832465707 -0.00802561853685599 0.78526803695784 2.82762820431659e-16
0.143000000000002 -0.27795288710934 -0.00824287885213537 0.78526803695784 5.65525640863319e-16
0.144000000000003 -0.281695520789542 -0.00846420476680582 0.78526803695784 5.65525640863319e-16
0.145000000000004 -0.285456349226665 -0.00868964299245464 0.78526803695784 5.65525640863319e-16
0.146000000000005 -0.289235385729665 -0.00891923826345073 0.78526803695784 7.06907051079148e-16
0.147000000000006 -0.293032509198911 -0.00915303014692592 0.78526803695784 2.82762820431659e-16
0.148000000000007 -0.296847446054196 -0.00939105429342182 0.78526803695784 2.82762820431659e-16
0.149000000000008 -0.300679759668803 -0.00963334018301903 0.78526803695784 5.65525640863319e-16
0.150000000000009 -0.304528847704415 -0.00987991169165731 0.78526803695784 5.65525640863319e-16
0.15100000000001 -0.308393945675611 -0.0101307866200586 0.78526803695784 4.24144230647489e-16
0.152000000000011 -0.312274135984774 -0.0103859754221639 0.78526803695784 5.65525640863319e-16
0.153000000000012 -0.31616836181602 -0.0106454841929058 0.78526803695784 4.24144230647489e-16
0.154000000000013 -0.320075444253778 -0.0109093114578286 0.78526803695784 5.65525640863319e-16
0.155000000000014 -0.323994101622237 -0.0111774517588073 0.78526803695784 5.65525640863319e-16
0.156000000000015 -0.327922970428894 -0.0114498934761394 0.78526803695784 5.65525640863319e-16
0.157000000000016 -0.331860626481877 -0.0117266211492609 0.78526803695784 5.65525640863319e-16
0.158000000000017 -0.335805605070394 -0.0120076157596714 0.78526803695784 4.24144230647489e-16
0.159000000000018 -0.339756419497775 -0.0122928554056954 0.78526803695784 4.24144230647489e-16
0.160000000000019 -0.343711576904948 -0.0125823148371997 0.78526803695784 5.65525640863319e-16
0.16100000000002 -0.347669590665392 -0.0128759669916189 0.78526803695784 5.65525640863319e-16
0.162000000000021 -0.351628989618229 -0.0131737843395844 0.78526803695784 4.24144230647489e-16
0.163000000000022 -0.355588322629043 -0.0134757363958137 0.78526803695784 4.24144230647489e-16
0.164000000000023 -0.359546158560763 -0.0137817921674334 0.78526803695784 4.24144230647489e-16
0.165000000000024 -0.363501083138285 -0.0140919196362908 0.78526803695784 5.65525640863319e-16
0.166000000000025 -0.367451692153983 -0.0144060852358264 0.78526803695784 5.65525640863319e-16
0.167000000000026 -0.371396580758892 -0.0147242527282181 0.78526803695784 2.82762820431659e-16
0.168000000000027 -0.375334329787906 -0.0150463850254948 0.78526803695784 2.82762820431659e-16
0.169000000000028 -0.37926349091738 -0.0153724412906403 0.78526803695784 4.24144230647489e-16
0.170000000000029 -0.383182572462497 -0.0157023773780487 0.78526803695784 2.82762820431659e-16
0.17100000000003 -0.387090026186739 -0.0160361447094752 0.78526803695784 2.82762820431659e-16
0.172000000000031 -0.390984235542479 -0.0163736903413177 0.78526803695784 2.82762820431659e-16
0.173000000000032 -0.394863506739371 -0.0167149552545767 0.78526803695784 2.82762820431659e-16
0.174000000000033 -0.398726063954404 -0.0170598754107662 0.78526803695784 2.82762820431659e-16
0.175000000000034 -0.402570049614459 -0.0174083799531237 0.78526803695784 2.82762820431659e-16
0.176000000000035 -0.406393529983456 -0.0177603914815209 0.78526803695784 2.82762820431659e-16
0.177000000000036 -0.41019450584033 -0.0181158269465369 0.78526803695784 2.82762820431659e-16
0.178000000000037 -0.413970927948377 -0.0184745976555726 0.78526803695784 2.82762820431659e-16
0.179000000000038 -0.417720716737703 -0.0188366090616512 0.78526803695784 2.82762820431659e-16
0.180000000000039 -0.421441785542436 -0.0192017624856566 0.78526803695784 2.82762820431659e-16
0.18100000000004 -0.42513206679811 -0.0195699557651587 0.78526803695784 2.82762820431659e-16
0.182000000000041 -0.428789540074947 -0.0199410846382633 0.78526803695784 2.82762820431659e-16
0.183000000000042 -0.432412260689393 -0.0203150429790298 0.78526803695784 2.82762820431659e-16
0.184000000000043 -0.435998387775584 -0.0206917256103353 0.78526803695784 2.82762820431659e-16
0.185000000000044 -0.439546210584064 -0.0210710288438357 0.78526803695784 2.82762820431659e-16
0.186000000000045 -0.443054171813735 -0.0214528509526851 0.78526803695784 2.82762820431659e-16
0.187000000000046 -0.446520887247686 -0.0218370951057835 0.78526803695784 2.82762820431659e-16
0.188000000000047 -0.449945161058331 -0.0222236692366085 0.78526803695784 2.82762820431659e-16
0.189000000000048 -0.453325996287893 -0.0226124877197416 0.78526803695784 2.82762820431659e-16
0.190000000000049 -0.456662600223719 -0.0230034705572695 0.78526803695784 1.4138141021583e-16
0.19100000000005 -0.45995438499012 -0.0233965465798786 0.78526803695784 1.4138141021583e-16
0.192000000000051 -0.463200963079503 -0.0237916506090839 0.78526803695784 NaN
0.193000000000052 -0.466402138295853 -0.0241887263082364 0.78526803695784 2.82762820431659e-16
0.194000000000053 -0.469557893043236 -0.0245877244959516 0.78526803695784 2.82762820431659e-16
0.195000000000054 -0.472668371572251 -0.0249886030962464 0.78526803695784 2.82762820431659e-16
0.196000000000055 -0.475733860537463 -0.0253913267743859 0.78526803695784 2.82762820431659e-16
0.197000000000056 -0.478754767969296 -0.025795866368008 0.78526803695784 2.82762820431659e-16
0.198000000000057 -0.481731600230138 -0.0262021977154108 0.78526803695784 2.82762820431659e-16
0.199000000000058 -0.484664938434522 -0.0266103014408139 0.78526803695784 2.82762820431659e-16
0.200000000000059 -0.487555415591261 -0.0270201617904722 0.78526803695784 2.82762820431659e-16
0.20100000000006 -0.490403694079523 -0.0274317649382426 0.78526803695784 2.82762820431659e-16
0.202000000000061 -0.493210444492643 -0.0278450986382982 0.78526803695784 2.82762820431659e-16
0.203000000000062 -0.495976326586531 -0.0282601512987153 0.78526803695784 1.4138141021583e-16
0.204000000000063 -0.498701972718916 -0.0286769114913921 0.78526803695784 1.4138141021583e-16
0.205000000000064 -0.501387973963993 -0.0290953654330943 0.78526803695784 1.4138141021583e-16
0.206000000000065 -0.504034868605062 -0.0295154994251689 0.78526803695784 2.82762820431659e-16
0.207000000000066 -0.506643133942607 -0.0299372957972562 0.78526803695784 2.82762820431659e-16
0.208000000000067 -0.509213181126503 -0.0303607345943755 0.78526803695784 NaN
0.209000000000068 -0.51174535230914 -0.030785793405722 0.78526803695784 1.4138141021583e-16
0.210000000000069 -0.514239920602899 -0.0312124451035346 0.78526803695784 NaN
0.21100000000007 -0.516697092530558 -0.0316406606407587 0.78526803695784 1.4138141021583e-16
0.212000000000071 -0.519117012531716 -0.0320704065481225 0.78526803695784 1.4138141021583e-16
0.213000000000072 -0.521499769174484 -0.0325016468681695 0.78526803695784 NaN
0.214000000000073 -0.523845402175672 -0.0329343420054035 0.78526803695784 1.4138141021583e-16
0.215000000000074 -0.526153910168233 -0.033368450319713 0.78526803695784 NaN
0.216000000000075 -0.528425259360239 -0.0338039269969841 0.78526803695784 1.4138141021583e-16
0.217000000000076 -0.530659392511751 -0.034240726479711 0.78526803695784 1.4138141021583e-16
0.218000000000077 -0.532856238017562 -0.0346787997416921 0.78526803695784 1.4138141021583e-16
0.219000000000078 -0.535015718497309 -0.0351180986819538 0.78526803695784 1.4138141021583e-16
0.220000000000079 -0.537137758024789 -0.0355585727977323 0.78526803695784 1.4138141021583e-16
0.22100000000008 -0.539222288467752 -0.0360001718327143 0.78526803695784 NaN
0.222000000000081 -0.541269255136145 -0.0364428451837155 0.78526803695784 NaN
0.223000000000082 -0.543278621153956 -0.0368865424429886 0.78526803695784 1.4138141021583e-16
0.224000000000083 -0.54525037104618 -0.0373312132578689 0.78526803695784 NaN
0.225000000000084 -0.547184513759801 -0.037776807884375 0.78526803695784 NaN
0.226000000000085 -0.549081084515008 -0.0382232780555658 0.78526803695784 NaN
0.227000000000086 -0.550940145579611 -0.038670575698443 0.78526803695784 NaN
0.228000000000087 -0.552761786178934 -0.0391186537455575 0.78526803695784 1.4138141021583e-16
0.229000000000088 -0.554546121346108 -0.0395674661338459 0.78526803695784 1.4138141021583e-16
0.230000000000089 -0.556293289935368 -0.040016968325708 0.78526803695784 2.82762820431659e-16
0.23100000000009 -0.558003452232512 -0.0404671157442728 0.78526803695784 2.82762820431659e-16
0.232000000000091 -0.559676787317795 -0.0409178654505682 0.78526803695784 2.82762820431659e-16
0.233000000000092 -0.561313490294078 -0.0413691748639308 0.78526803695784 1.4138141021583e-16
0.234000000000093 -0.562913769573576 -0.0418210028841278 0.78526803695784 1.4138141021583e-16
0.235000000000094 -0.564477844233116 -0.04227330811292 0.78526803695784 2.82762820431659e-16
0.236000000000095 -0.566005941444208 -0.0427260507423303 0.78526803695784 2.82762820431659e-16
0.237000000000096 -0.567498293962634 -0.0431791909713538 0.78526803695784 2.82762820431659e-16
0.238000000000097 -0.568955137618776 -0.0436326891265753 0.78526803695784 2.82762820431659e-16
0.239000000000098 -0.570376708903247 -0.0440865069618344 0.78526803695784 2.82762820431659e-16
0.240000000000099 -0.571763242672052 -0.0445406058318073 0.78526803695784 1.4138141021583e-16
0.2410000000001 -0.573114969861491 -0.0449949476257925 0.78526803695784 2.82762820431659e-16
0.242000000000101 -0.574432115151769 -0.0454494939810884 0.78526803695784 1.4138141021583e-16
0.243000000000102 -0.575714895018775 -0.0459042068246097 0.78526803695784 1.4138141021583e-16
0.244000000000103 -0.576963516081113 -0.046359048461118 0.78526803695784 1.4138141021583e-16
0.245000000000104 -0.578178172528496 -0.0468139791832334 0.78526803695784 NaN
0.246000000000105 -0.579359044484741 -0.0472689608918136 0.78526803695784 1.4138141021583e-16
0.247000000000106 -0.580506297735566 -0.0477239533567199 0.78526803695784 2.82762820431659e-16
0.248000000000107 -0.581620081999148 -0.0481789159479308 0.78526803695784 2.82762820431659e-16
0.249000000000108 -0.582700528838529 -0.0486338078253764 0.78526803695784 2.82762820431659e-16
0.250000000000109 -0.58374775114893 -0.049088586152783 0.785268036957839 5.65525640863319e-16
0.25100000000011 -0.584761842572393 -0.0495432067231562 0.785268036957839 4.24144230647489e-16
0.252000000000111 -0.585742877471587 -0.0499976252002698 0.785268036957839 4.24144230647489e-16
0.253000000000112 -0.586690912391617 -0.0504517943580067 0.78526803695784 2.82762820431659e-16
0.254000000000113 -0.587605986524171 -0.0509056665142802 0.785268036957839 4.24144230647489e-16
0.255000000000114 -0.58848812136582 -0.0513591917003807 0.78526803695784 2.82762820431659e-16
0.256000000000115 -0.589337321542946 -0.0518123187800197 0.785268036957839 5.65525640863319e-16
0.257000000000116 -0.59015357587859 -0.0522649943915542 0.785268036957839 4.24144230647489e-16
0.258000000000117 -0.590936858826584 -0.0527171642529825 0.785268036957839 5.65525640863319e-16
0.259000000000118 -0.591687133635297 -0.0531687715222051 0.785268036957839 5.65525640863319e-16
0.260000000000119 -0.592404356007094 -0.0536197585218843 0.78526803695784 2.82762820431659e-16
0.26100000000012 -0.593088477248886 -0.0540700662049661 0.785268036957839 4.24144230647489e-16
0.262000000000121 -0.59373944754916 -0.0545196347707773 0.785268036957839 4.24144230647489e-16
0.263000000000122 -0.594357218940814 -0.0549684030814006 0.78526803695784 2.82762820431659e-16
0.264000000000123 -0.594941747496003 -0.0554163098467521 0.78526803695784 2.82762820431659e-16
0.265000000000124 -0.595492995490272 -0.0558632925659325 0.78526803695784 2.82762820431659e-16
0.266000000000125 -0.596010933739326 -0.0563092899067796 0.785268036957839 5.65525640863319e-16
0.267000000000126 -0.596495543850358 -0.0567542383918604 0.785268036957839 4.24144230647489e-16
0.268000000000127 -0.596946820603034 -0.0571980758207354 0.785268036957839 4.24144230647489e-16
0.269000000000128 -0.597364774473741 -0.0576407407139734 0.785268036957839 4.24144230647489e-16
0.270000000000129 -0.597749433961944 -0.0580821714703 0.78526803695784 1.4138141021583e-16
0.27100000000013 -0.598100847629647 -0.058522307198532 0.78526803695784 1.4138141021583e-16
0.272000000000131 -0.598419085911116 -0.0589610888385612 0.78526803695784 2.82762820431659e-16
0.273000000000132 -0.598704242456865 -0.0593984582988299 0.78526803695784 2.82762820431659e-16
0.274000000000133 -0.598956434933445 -0.059834358821953 0.78526803695784 2.82762820431659e-16
0.275000000000134 -0.59917580555731 -0.0602687356291465 0.78526803695784 2.82762820431659e-16
0.276000000000135 -0.599362521217687 -0.0607015358820254 0.78526803695784 2.82762820431659e-16
0.277000000000136 -0.599516773409912 -0.0611327081698586 0.78526803695784 2.82762820431659e-16
0.278000000000137 -0.599638777487801 -0.0615622034907771 0.785268036957839 4.24144230647489e-16
0.279000000000138 -0.599728771707992 -0.0619899750751124 0.78526803695784 2.82762820431659e-16
0.280000000000139 -0.599787017554645 -0.0624159778905654 0.785268036957839 4.24144230647489e-16
0.28100000000014 -0.59981379796961 -0.0628401698179294 0.78526803695784 2.82762820431659e-16
0.282000000000141 -0.599809414892004 -0.0632625104506399 0.78526803695784 2.82762820431659e-16
0.283000000000142 -0.599774188809837 -0.0636829615413812 0.78526803695784 2.82762820431659e-16
0.284000000000143 -0.599708458366475 -0.0641014877881463 0.78526803695784 2.82762820431659e-16
0.285000000000144 -0.599612579558926 -0.0645180553770425 0.78526803695784 2.82762820431659e-16
0.286000000000145 -0.59948692473144 -0.0649326335246557 0.78526803695784 2.82762820431659e-16
0.287000000000146 -0.599331877789398 -0.0653451932838067 0.78526803695784 1.4138141021583e-16
0.288000000000147 -0.599147832448182 -0.065755708271141 0.78526803695784 2.82762820431659e-16
0.289000000000148 -0.598935193856002 -0.0661641530678589 0.78526803695784 2.82762820431659e-16
0.290000000000149 -0.598694375615537 -0.0665705056581103 0.78526803695784 1.4138141021583e-16
0.29100000000015 -0.598425798877599 -0.0669747453455352 0.78526803695784 NaN
0.292000000000151 -0.598129891842145 -0.0673768522481362 0.78526803695784 1.4138141021583e-16
0.293000000000152 -0.597807087376818 -0.0677768092502667 0.78526803695784 2.82762820431659e-16
0.294000000000153 -0.597457823623477 -0.0681746010530733 0.78526803695784 2.82762820431659e-16
0.295000000000154 -0.597082542413796 -0.0685702135102281 0.78526803695784 2.82762820431659e-16
0.296000000000155 -0.596681686265439 -0.0689636343516501 0.78526803695784 2.82762820431659e-16
0.297000000000156 -0.596255698753749 -0.0693548518448005 0.78526803695784 2.82762820431659e-16
0.298000000000157 -0.595805023990856 -0.0697438556777433 0.785268036957839 5.65525640863319e-16
0.299000000000158 -0.595330106308694 -0.0701306373247313 0.785268036957839 4.24144230647489e-16
0.300000000000159 -0.594831392490011 -0.0705151879025576 0.785268036957839 4.24144230647489e-16
0.30100000000016 -0.594309332420343 -0.0708975011555633 0.785268036957839 5.65525640863319e-16
0.302000000000161 -0.593764379002101 -0.0712775717669347 0.78526803695784 2.82762820431659e-16
0.303000000000162 -0.593196989745781 -0.0716553951963271 0.785268036957839 4.24144230647489e-16
0.304000000000163 -0.592607626847721 -0.0720309688856411 0.785268036957839 4.24144230647489e-16
0.305000000000164 -0.591996757982141 -0.072404290832213 0.78526803695784 2.82762820431659e-16
0.306000000000165 -0.591364858477556 -0.0727753614944547 0.78526803695784 2.82762820431659e-16
0.307000000000166 -0.590712413031735 -0.073144182821403 0.78526803695784 2.82762820431659e-16
0.308000000000167 -0.590039917794584 -0.0735107584060155 0.78526803695784 2.82762820431659e-16
0.309000000000168 -0.589347882798275 -0.0738750947026242 0.785268036957839 5.65525640863319e-16
0.310000000000169 -0.588636834399722 -0.0742372007456376 0.785268036957839 5.65525640863319e-16
0.31100000000017 -0.587907317408966 -0.074597088346393 0.785268036957839 5.65525640863319e-16
0.312000000000171 -0.587159896877393 -0.0749547716324531 0.785268036957839 4.24144230647489e-16
0.313000000000172 -0.586395160326374 -0.0753102703773757 0.785268036957839 5.65525640863319e-16
0.314000000000173 -0.58561371987467 -0.0756636072138694 0.78526803695784 2.82762820431659e-16
0.315000000000174 -0.584816213895651 -0.0760148082290293 0.785268036957839 4.24144230647489e-16
0.316000000000175 -0.584003309049672 -0.0763639058130583 0.785268036957839 5.65525640863319e-16
0.317000000000176 -0.583175702247201 -0.0767109368143568 0.785268036957839 4.24144230647489e-16
0.318000000000177 -0.582334121908305 -0.0770559432313562 0.785268036957839 5.65525640863319e-16
0.319000000000178 -0.581479329456982 -0.077398973889401 0.785268036957839 5.65525640863319e-16
0.320000000000179 -0.5806121210518 -0.0777400830913251 0.785268036957839 5.65525640863319e-16
0.32100000000018 -0.579733328729453 -0.0780793323492692 0.78526803695784 2.82762820431659e-16
0.322000000000181 -0.57884382137213 -0.0784167900460531 0.78526803695784 2.82762820431659e-16
0.323000000000182 -0.577944505864425 -0.078752532574363 0.78526803695784 2.82762820431659e-16
0.324000000000183 -0.577036327869669 -0.0790866434687889 0.78526803695784 2.82762820431659e-16
0.325000000000184 -0.576120272309632 -0.0794192150611732 0.78526803695784 2.82762820431659e-16
0.326000000000185 -0.575197363705069 -0.0797503473686378 0.78526803695784 2.82762820431659e-16
0.327000000000186 -0.574268667181059 -0.0800801502187201 0.78526803695784 1.4138141021583e-16
0.328000000000187 -0.57333528872733 -0.0804087420610777 0.785268036957839 4.24144230647489e-16
0.329000000000188 -0.572398374955391 -0.080736250576775 0.78526803695784 2.82762820431659e-16
0.330000000000189 -0.571459113675846 -0.0810628135646023 0.785268036957839 5.65525640863319e-16
0.33100000000019 -0.570518733700263 -0.0813885784559927 0.78526803695784 2.82762820431659e-16
0.332000000000191 -0.56957850442619 -0.0817137032326256 0.78526803695784 2.82762820431659e-16
0.333000000000192 -0.568639735852191 -0.0820383548408694 0.78526803695784 2.82762820431659e-16
0.334000000000193 -0.567703777743137 -0.082362712321737 0.78526803695784 2.82762820431659e-16
0.335000000000194 -0.566772018284913 -0.082686964048734 0.78526803695784 2.82762820431659e-16
0.336000000000195 -0.565845882773861 -0.0830113087050468 0.78526803695784 2.82762820431659e-16
0.337000000000196 -0.564926831864637 -0.0833359559779301 0.78526803695784 2.82762820431659e-16
0.338000000000197 -0.564016359374872 -0.0836611252014259 0.78526803695784 2.82762820431659e-16
0.339000000000198 -0.563115989670289 -0.0839870459914092 0.785268036957839 4.24144230647489e-16
0.340000000000199 -0.562227274586119 -0.084313956825947 0.78526803695784 2.82762820431659e-16
0.3410000000002 -0.561351789764387 -0.0846421059206928 0.78526803695784 2.82762820431659e-16
0.342000000000201 -0.560491130335063 -0.0849717504569616 0.78526803695784 2.82762820431659e-16
0.343000000000202 -0.559646906132672 -0.0853031550150223 0.78526803695784 2.82762820431659e-16
0.344000000000203 -0.558820736418756 -0.0856365916011883 0.78526803695784 2.82762820431659e-16
0.345000000000204 -0.558014243972746 -0.0859723385211029 0.78526803695784 2.82762820431659e-16
0.346000000000205 -0.557229048759874 -0.0863106796486104 0.785268036957839 4.24144230647489e-16
0.347000000000206 -0.556466761210869 -0.0866519029721557 0.78526803695784 2.82762820431659e-16
0.348000000000207 -0.555728974986033 -0.0869963007177084 0.78526803695784 1.4138141021583e-16
0.349000000000208 -0.555017259447766 -0.0873441662916263 0.78526803695784 2.82762820431659e-16
0.350000000000209 -0.554333151918 -0.0876957934910223 0.78526803695784 2.82762820431659e-16
0.35100000000021 -0.553678149711404 -0.0880514768196097 0.78526803695784 1.4138141021583e-16
0.352000000000211 -0.553053702127137 -0.0884115074809522 0.78526803695784 NaN
0.353000000000212 -0.55246120252707 -0.0887761734346666 0.78526803695784 1.4138141021583e-16
0.354000000000213 -0.551901980525383 -0.0891457589123206 0.78526803695784 2.82762820431659e-16
0.355000000000214 -0.551377294686176 -0.0895205402190655 0.78526803695784 2.82762820431659e-16
0.356000000000215 -0.550888325029467 -0.0899007870561055 0.78526803695784 1.4138141021583e-16
0.357000000000216 -0.55043616690457 -0.090286758839718 0.78526803695784 2.82762820431659e-16
0.358000000000217 -0.550021825426411 -0.0906787062513048 0.78526803695784 2.82762820431659e-16
0.359000000000218 -0.549646209679331 -0.0910768665832129 0.78526803695784 2.82762820431659e-16
0.360000000000219 -0.549310128717792 -0.0914814658610816 0.78526803695784 2.82762820431659e-16
0.36100000000022 -0.549014288281768 -0.0918927155444369 0.78526803695784 2.82762820431659e-16
0.362000000000221 -0.548759288154516 -0.0923108130968318 0.785268036957839 5.65525640863319e-16
0.363000000000222 -0.548545621113579 -0.0927359402761438 0.785268036957839 4.24144230647489e-16
0.364000000000223 -0.548373672939901 -0.0931682642710079 0.785268036957839 5.65525640863319e-16
0.365000000000224 -0.548243723272178 -0.0936079352215151 0.785268036957839 4.24144230647489e-16
0.366000000000225 -0.548155947408814 -0.0940550873843398 0.78526803695784 2.82762820431659e-16
0.367000000000226 -0.548110419455089 -0.0945098400266851 0.785268036957839 4.24144230647489e-16
0.368000000000227 -0.548107116531844 -0.0949722951878436 0.785268036957839 4.24144230647489e-16
0.369000000000228 -0.548145923565228 -0.0954425409398054 0.78526803695784 2.82762820431659e-16
0.370000000000229 -0.548226639174148 -0.0959206491632549 0.78526803695784 2.82762820431659e-16
0.37100000000023 -0.548348982506583 -0.0964066792162996 0.78526803695784 2.82762820431659e-16
0.372000000000231 -0.548512600378894 -0.0969006758372657 0.785268036957839 4.24144230647489e-16
0.373000000000232 -0.548717074924319 -0.097402672270082 0.78526803695784 2.82762820431659e-16
0.374000000000233 -0.548961931894093 -0.097912690623736 0.78526803695784 2.82762820431659e-16
0.375000000000234 -0.549246649504907 -0.0984307432123055 0.78526803695784 2.82762820431659e-16
0.376000000000235 -0.54957066651783 -0.0989568340537754 0.785268036957839 5.65525640863319e-16
0.377000000000236 -0.549933390604529 -0.0994909588625983 0.78526803695784 2.82762820431659e-16
0.378000000000237 -0.550334207237048 -0.100033107935494 0.78526803695784 2.82762820431659e-16
0.379000000000238 -0.55077248753776 -0.100583267652617 0.785268036957839 4.24144230647489e-16
0.380000000000239 -0.55124759591158 -0.101141419754532 0.785268036957839 4.24144230647489e-16
0.38100000000024 -0.551758897140473 -0.101707544552965 0.78526803695784 2.82762820431659e-16
0.382000000000241 -0.552305762348054 -0.102281621849207 0.78526803695784 2.82762820431659e-16
0.383000000000242 -0.552887575522803 -0.102863630243433 0.78526803695784 2.82762820431659e-16
0.384000000000243 -0.55350373822294 -0.10345355097076 0.785268036957839 4.24144230647489e-16
0.385000000000244 -0.554153673811056 -0.104051366052115 0.78526803695784 2.82762820431659e-16
0.386000000000245 -0.554836831514473 -0.10465706122829 0.78526803695784 2.82762820431659e-16
0.387000000000246 -0.555552688239541 -0.105270625454637 0.785268036957839 4.24144230647489e-16
0.388000000000247 -0.556300750333504 -0.105892051380905 0.785268036957839 4.24144230647489e-16
0.389000000000248 -0.557080555013549 -0.106521336110868 0.785268036957839 5.65525640863319e-16
0.390000000000249 -0.557891670240124 -0.107158481742723 0.78526803695784 2.82762820431659e-16
0.39100000000025 -0.558733694790334 -0.107803493774438 0.78526803695784 2.82762820431659e-16
0.392000000000251 -0.559606257542567 -0.108456384723892 0.78526803695784 2.82762820431659e-16
0.393000000000252 -0.560509015033167 -0.10911716976728 0.78526803695784 1.4138141021583e-16
0.394000000000253 -0.561441650461861 -0.109785869694264 0.78526803695784 2.82762820431659e-16
0.395000000000254 -0.562403871588078 -0.110462509230146 0.78526803695784 1.4138141021583e-16
0.396000000000255 -0.563395406753729 -0.111147117397574 0.78526803695784 1.4138141021583e-16
0.397000000000256 -0.564416002853097 -0.111839726521206 0.78526803695784 2.82762820431659e-16
0.398000000000257 -0.565465423177701 -0.11254037238609 0.785268036957839 4.24144230647489e-16
0.399000000000258 -0.566543443799459 -0.113249093310039 0.78526803695784 2.82762820431659e-16
0.400000000000259 -0.567649851480327 -0.113965931055883 0.785268036957839 4.24144230647489e-16
0.40100000000026 -0.568784441958387 -0.114690927469219 0.78526803695784 2.82762820431659e-16
0.402000000000261 -0.569947016827648 -0.115424128954061 0.78526803695784 2.82762820431659e-16
0.403000000000262 -0.571137381041023 -0.116165580691393 0.78526803695784 2.82762820431659e-16
0.404000000000263 -0.572355342328963 -0.116915330495628 0.785268036957839 7.06907051079148e-16
0.405000000000264 -0.57360070934681 -0.11767342593724 0.785268036957839 5.65525640863319e-16
0.406000000000265 -0.574873290152114 -0.118439916242585 0.785268036957839 5.65525640863319e-16
0.407000000000266 -0.57617289393536 -0.119214850338871 0.785268036957839 4.24144230647489e-16
0.408000000000267 -0.577499330065968 -0.119998278009886 0.785268036957839 5.65525640863319e-16
0.409000000000268 -0.578852407838818 -0.120790249185046 0.785268036957839 4.24144230647489e-16
0.410000000000269 -0.580231937435236 -0.121590814955089 0.785268036957839 4.24144230647489e-16
0.41100000000027 -0.58163773063966 -0.122400027113756 0.78526803695784 2.82762820431659e-16
0.412000000000271 -0.58306960154207 -0.123217937444996 0.785268036957839 5.65525640863319e-16
0.413000000000272 -0.584527367737047 -0.124044598460766 0.785268036957839 5.65525640863319e-16
0.414000000000273 -0.58601085112665 -0.124880064431158 0.785268036957839 5.65525640863319e-16
0.415000000000274 -0.587519881258951 -0.125724389634916 0.785268036957839 5.65525640863319e-16
0.416000000000275 -0.589054297677655 -0.126577631482984 0.785268036957839 5.65525640863319e-16
0.417000000000276 -0.590613952531116 -0.127439848720791 0.785268036957839 4.24144230647489e-16
0.418000000000277 -0.592198710958549 -0.128311102844667 0.785268036957839 5.65525640863319e-16
0.419000000000278 -0.593808450487129 -0.129191458063193 0.785268036957839 5.65525640863319e-16
0.420000000000279 -0.595443064296239 -0.130080980707538 0.785268036957839 5.65525640863319e-16
0.42100000000028 -0.597102458688377 -0.130979739562996 0.785268036957839 4.24144230647489e-16
0.422000000000281 -0.598786553870146 -0.131887804901235 0.78526803695784 2.82762820431659e-16
0.423000000000282 -0.600495289166308 -0.132805250346675 0.785268036957839 5.65525640863319e-16
0.424000000000283 -0.602228618367556 -0.133732152147047 0.785268036957839 4.24144230647489e-16
0.425000000000284 -0.603986505532772 -0.134668587314173 0.785268036957839 4.24144230647489e-16
0.426000000000285 -0.605768929799908 -0.135614635242962 0.785268036957839 5.65525640863319e-16
0.427000000000286 -0.607575887652515 -0.136570378033996 0.785268036957839 5.65525640863319e-16
0.428000000000287 -0.609407387935065 -0.13753589999421 0.785268036957839 5.65525640863319e-16
0.429000000000288 -0.611263449783222 -0.138511285768994 0.785268036957839 5.65525640863319e-16
0.430000000000289 -0.613144098040868 -0.139496621363362 0.785268036957839 5.65525640863319e-16
0.43100000000029 -0.6150493578342 -0.140491991680537 0.785268036957839 5.65525640863319e-16
0.432000000000291 -0.616979253517311 -0.141497480798093 0.78526803695784 2.82762820431659e-16
0.433000000000292 -0.618933807325882 -0.142513171352832 0.78526803695784 2.82762820431659e-16
0.434000000000293 -0.620913037641296 -0.143539144248904 0.78526803695784 1.4138141021583e-16
0.435000000000294 -0.622916957425095 -0.144575477974328 0.78526803695784 2.82762820431659e-16
0.436000000000295 -0.624945572198374 -0.145622247766203 0.78526803695784 1.4138141021583e-16
0.437000000000296 -0.626998876875372 -0.146679525436975 0.78526803695784 2.82762820431659e-16
0.438000000000297 -0.629076850519747 -0.147747377484252 0.78526803695784 2.82762820431659e-16
0.439000000000298 -0.631179453015264 -0.148825864671134 0.78526803695784 2.82762820431659e-16
0.440000000000299 -0.633306622225553 -0.14991504336086 0.78526803695784 2.82762820431659e-16
0.4410000000003 -0.635458269111415 -0.151014961712494 0.78526803695784 2.82762820431659e-16
0.442000000000301 -0.637634276006198 -0.152125661622841 0.78526803695784 2.82762820431659e-16
0.443000000000302 -0.63983449660205 -0.153247177187921 0.78526803695784 2.82762820431659e-16
0.444000000000303 -0.64205875408784 -0.154379536045223 0.78526803695784 2.82762820431659e-16
0.445000000000304 -0.644306840558409 -0.155522756018594 0.78526803695784 2.82762820431659e-16
0.446000000000305 -0.646578517537136 -0.156676847204545 0.78526803695784 2.82762820431659e-16
0.447000000000306 -0.648873514857003 -0.157841810719307 0.78526803695784 2.82762820431659e-16
0.448000000000307 -0.651191529580268 -0.159017638762234 0.78526803695784 2.82762820431659e-16
0.449000000000308 -0.653532225840546 -0.160204313160602 0.785268036957839 4.24144230647489e-16
0.450000000000309 -0.655895234685994 -0.161401807847572 0.785268036957839 4.24144230647489e-16
0.45100000000031 -0.658280154866608 -0.162610085750005 0.785268036957839 4.24144230647489e-16
0.452000000000311 -0.660686553889786 -0.163829101538108 0.785268036957839 4.24144230647489e-16
0.453000000000312 -0.663113968433373 -0.165058799762193 0.785268036957839 5.65525640863319e-16
0.454000000000313 -0.665561907511115 -0.166299117116345 0.785268036957839 5.65525640863319e-16
0.455000000000314 -0.668029854538235 -0.1675499814819 0.785268036957839 4.24144230647489e-16
0.456000000000315 -0.670517267124316 -0.168811312370051 0.785268036957839 4.24144230647489e-16
0.457000000000316 -0.673023579606229 -0.170083021088157 0.78526803695784 2.82762820431659e-16
0.458000000000317 -0.675548205735614 -0.17136501205167 0.78526803695784 2.82762820431659e-16
0.459000000000318 -0.678090540075993 -0.17265718159156 0.785268036957839 5.65525640863319e-16
0.460000000000319 -0.680649960866512 -0.173959420861248 0.785268036957839 5.65525640863319e-16
0.46100000000032 -0.683225831540741 -0.175271613634444 0.785268036957839 4.24144230647489e-16
0.462000000000321 -0.685817502331704 -0.176593637266325 0.785268036957839 5.65525640863319e-16
0.463000000000322 -0.688424312185975 -0.177925365281751 0.785268036957839 4.24144230647489e-16
0.464000000000323 -0.691045589444887 -0.179266665271942 0.785268036957839 5.65525640863319e-16
0.465000000000324 -0.693680654770326 -0.18061739996254 0.785268036957839 5.65525640863319e-16
0.466000000000325 -0.696328823822738 -0.181977428200558 0.785268036957839 5.65525640863319e-16
0.467000000000326 -0.698989407428342 -0.18334660537121 0.785268036957839 5.65525640863319e-16
0.468000000000327 -0.701661712024453 -0.184724782934601 0.785268036957839 5.65525640863319e-16
0.469000000000328 -0.704345039688807 -0.186111809182752 0.785268036957839 5.65525640863319e-16
0.470000000000329 -0.707038687789616 -0.18750752861283 0.785268036957839 5.65525640863319e-16
0.47100000000033 -0.709741949896456 -0.188911782164289 0.785268036957839 5.65525640863319e-16
0.472000000000331 -0.712454116254264 -0.190324408046941 0.785268036957839 5.65525640863319e-16
0.473000000000332 -0.715174473353357 -0.191745241700906 0.785268036957839 7.06907051079148e-16
0.474000000000333 -0.717902303536226 -0.193174113890198 0.785268036957839 5.65525640863319e-16
0.475000000000334 -0.720636883919035 -0.194610853607698 0.785268036957839 4.24144230647489e-16
0.476000000000335 -0.723377485015193 -0.196055284160611 0.785268036957839 5.65525640863319e-16
0.477000000000336 -0.726123369739147 -0.197507225870356 0.785268036957839 5.65525640863319e-16
0.478000000000337 -0.728873792260606 -0.198966494548047 0.785268036957839 5.65525640863319e-16
0.479000000000338 -0.731627996670639 -0.20043290059308 0.785268036957839 5.65525640863319e-16
0.480000000000339 -0.734385215604435 -0.201906249187731 0.785268036957839 5.65525640863319e-16
0.48100000000034 -0.737144668452149 -0.203386339559432 0.785268036957839 5.65525640863319e-16
0.482000000000341 -0.739905559323315 -0.204872964669924 0.785268036957839 5.65525640863319e-16
0.483000000000342 -0.742667075016741 -0.206365909959793 0.785268036957839 7.06907051079148e-16
0.484000000000343 -0.745428383034897 -0.207864952906165 0.785268036957839 5.65525640863319e-16
0.485000000000344 -0.748188629670501 -0.209369862036729 0.785268036957839 7.06907051079148e-16
0.486000000000345 -0.750946938350861 -0.210880396313169 0.785268036957839 7.06907051079148e-16
0.487000000000346 -0.753702408232627 -0.212396305173195 0.785268036957839 7.06907051079148e-16
0.488000000000347 -0.756454112983516 -0.213917326754911 0.785268036957839 7.06907051079148e-16
0.489000000000348 -0.759201099692357 -0.215443188522109 0.785268036957839 7.06907051079148e-16
0.490000000000349 -0.761942387959118 -0.21697360540361 0.785268036957839 5.65525640863319e-16
0.49100000000035 -0.764676969207851 -0.218508280567738 0.785268036957839 8.48288461294978e-16
0.492000000000351 -0.76740380616685 -0.220046904584545 0.785268036957839 8.48288461294978e-16
0.493000000000352 -0.770121832551017 -0.221589153993093 0.785268036957839 7.06907051079148e-16
0.494000000000353 -0.772829952998297 -0.223134693305167 0.785268036957839 8.48288461294978e-16
0.495000000000354 -0.775527043284847 -0.224683172252989 0.785268036957839 8.48288461294978e-16
0.496000000000355 -0.778211950790251 -0.226234228221151 0.785268036957839 7.06907051079148e-16
0.497000000000356 -0.780883495230438 -0.227787483679775 0.785268036957839 7.06907051079148e-16
0.498000000000357 -0.783540469653475 -0.22934254841814 0.785268036957839 5.65525640863319e-16
0.499000000000358 -0.786181641724417 -0.230899018978039 0.785268036957839 5.65525640863319e-16
0.500000000000359 -0.788805755235618 -0.232456478463471 0.785268036957839 5.65525640863319e-16
0.501000000000355 -0.791411531829839 -0.234014498449774 0.78526803695784 2.82762820431659e-16
0.50200000000035 -0.793997672973268 -0.235572637638363 0.78526803695784 2.82762820431659e-16
0.503000000000346 -0.796562862129391 -0.237130443890176 0.785268036957839 4.24144230647489e-16
0.504000000000341 -0.799105767108259 -0.238687455056122 0.785268036957839 5.65525640863319e-16
0.505000000000337 -0.801625042591985 -0.240243198559513 0.785268036957839 5.65525640863319e-16
0.506000000000332 -0.804119332852978 -0.241797194205034 0.785268036957839 5.65525640863319e-16
0.507000000000327 -0.806587274607446 -0.243348953023375 0.785268036957839 5.65525640863319e-16
0.508000000000323 -0.809027500004014 -0.244897980898032 0.785268036957839 5.65525640863319e-16
0.509000000000318 -0.811438639761285 -0.246443777399735 0.785268036957839 5.65525640863319e-16
0.510000000000314 -0.813819326419492 -0.247985838313019 0.785268036957839 4.24144230647489e-16
0.511000000000309 -0.816168197706805 -0.249523656906746 0.785268036957839 5.65525640863319e-16
0.512000000000305 -0.818483899993032 -0.251056725318521 0.785268036957839 5.65525640863319e-16
0.5130000000003 -0.820765091853672 -0.25258453463433 0.78526803695784 2.82762820431659e-16
0.514000000000296 -0.823010447684047 -0.254106578971266 0.785268036957839 4.24144230647489e-16
0.515000000000291 -0.825218661391686 -0.255622354647222 0.78526803695784 2.82762820431659e-16
0.516000000000286 -0.827388450133639 -0.257131361409895 0.785268036957839 5.65525640863319e-16
0.517000000000282 -0.829518558071199 -0.25863310664484 0.785268036957839 5.65525640863319e-16
0.518000000000277 -0.831607760160748 -0.260127104084248 0.785268036957839 4.24144230647489e-16
0.519000000000273 -0.833654865933361 -0.261612876121861 0.78526803695784 2.82762820431659e-16
0.520000000000268 -0.835658723261488 -0.263089955150821 0.785268036957839 4.24144230647489e-16
0.521000000000264 -0.837618222089688 -0.264557885908144 0.785268036957839 4.24144230647489e-16
0.522000000000259 -0.839532298114581 -0.266016226069653 0.78526803695784 2.82762820431659e-16
0.523000000000255 -0.841399936395504 -0.26746454577354 0.78526803695784 2.82762820431659e-16
0.52400000000025 -0.843220174862854 -0.268902432540332 0.78526803695784 2.82762820431659e-16
0.525000000000245 -0.844992107724654 -0.270329489800696 0.78526803695784 2.82762820431659e-16
0.526000000000241 -0.846714888719825 -0.271745338418622 0.785268036957839 4.24144230647489e-16
0.527000000000236 -0.848387734210895 -0.273149617377472 0.785268036957839 5.65525640863319e-16
0.528000000000232 -0.850009926089674 -0.274541986409069 0.785268036957839 4.24144230647489e-16
0.529000000000227 -0.851580814455602 -0.275922124996089 0.785268036957839 5.65525640863319e-16
0.530000000000223 -0.853099820057218 -0.277289733701943 0.785268036957839 5.65525640863319e-16
0.531000000000218 -0.854566436433011 -0.278644535069858 0.785268036957839 5.65525640863319e-16
0.532000000000214 -0.855980231746027 -0.279986273554393 0.785268036957839 5.65525640863319e-16
0.533000000000209 -0.857340850313302 -0.281314716535706 0.785268036957839 7.06907051079148e-16
0.534000000000205 -0.85864801369961 -0.282629654251095 0.785268036957839 5.65525640863319e-16
0.5350000000002 -0.859901521500199 -0.283930899548921 0.785268036957839 5.65525640863319e-16
0.536000000000195 -0.861101251609695 -0.285218289179736 0.785268036957839 5.65525640863319e-16
0.537000000000191 -0.862247160025906 -0.286491681886843 0.785268036957839 5.65525640863319e-16
0.538000000000186 -0.863339280470603 -0.287750959676719 0.785268036957839 5.65525640863319e-16
0.539000000000182 -0.864377723368785 -0.288996026568449 0.785268036957839 5.65525640863319e-16
0.540000000000177 -0.865362674113466 -0.290226809022693 0.785268036957839 4.24144230647489e-16
0.541000000000173 -0.866294391193751 -0.291443253408484 0.785268036957839 7.06907051079148e-16
0.542000000000168 -0.867173203862857 -0.29264532756898 0.785268036957839 5.65525640863319e-16
0.543000000000164 -0.867999508967784 -0.293833018595529 0.785268036957839 5.65525640863319e-16
0.544000000000159 -0.868773768175998 -0.295006331604679 0.785268036957839 5.65525640863319e-16
0.545000000000154 -0.869496503849134 -0.296165290218177 0.785268036957839 5.65525640863319e-16
0.54600000000015 -0.870168294080128 -0.297309932553495 0.785268036957839 5.65525640863319e-16
0.547000000000145 -0.870789769468482 -0.29844031355595 0.785268036957839 4.24144230647489e-16
0.548000000000141 -0.871361608816689 -0.299556500657147 0.785268036957839 4.24144230647489e-16
0.549000000000136 -0.871884531745212 -0.30065857413292 0.78526803695784 2.82762820431659e-16
0.550000000000132 -0.872359293923449 -0.301746624247887 0.78526803695784 2.82762820431659e-16
0.551000000000127 -0.872786684099617 -0.302820750955359 0.78526803695784 2.82762820431659e-16
0.552000000000123 -0.873167515547649 -0.303881062066131 0.78526803695784 2.82762820431659e-16
0.553000000000118 -0.873502620299137 -0.30492767142991 0.78526803695784 2.82762820431659e-16
0.554000000000114 -0.87379284611861 -0.305960697195731 0.785268036957839 4.24144230647489e-16
0.555000000000109 -0.874039048860372 -0.306980262160431 0.785268036957839 4.24144230647489e-16
0.556000000000104 -0.874242086207868 -0.30798648872411 0.785268036957839 4.24144230647489e-16
0.5570000000001 -0.87440281445024 -0.308979501975551 0.785268036957839 4.24144230647489e-16
0.558000000000095 -0.874522081685337 -0.30995942496672 0.78526803695784 2.82762820431659e-16
0.559000000000091 -0.874600722247508 -0.310926378361142 0.785268036957839 4.24144230647489e-16
0.560000000000086 -0.874639554044555 -0.31188048035249 0.785268036957839 4.24144230647489e-16
0.561000000000082 -0.874639372948518 -0.312821845001932 0.78526803695784 2.82762820431659e-16
0.562000000000077 -0.874600948270003 -0.313750580385354 0.78526803695784 2.82762820431659e-16
0.563000000000073 -0.874525020952877 -0.314666789043921 0.78526803695784 2.82762820431659e-16
0.564000000000068 -0.874412299598301 -0.315570567604831 0.78526803695784 2.82762820431659e-16
0.565000000000063 -0.874263457106703 -0.316462004637796 0.78526803695784 1.4138141021583e-16
0.566000000000059 -0.874079129809006 -0.317341181443091 0.78526803695784 NaN
0.567000000000054 -0.873859915352681 -0.318208171472632 0.78526803695784 NaN
0.56800000000005 -0.87360637068471 -0.319063040774041 0.78526803695784 1.4138141021583e-16
0.569000000000045 -0.873319012087091 -0.319905846273079 0.78526803695784 NaN
0.570000000000041 -0.872998314848175 -0.320736637932511 0.78526803695784 NaN
0.571000000000036 -0.872644712717918 -0.321555457289956 0.78526803695784 NaN
0.572000000000032 -0.872258598714098 -0.322362337964337 0.78526803695784 NaN
0.573000000000027 -0.871840326176756 -0.32315730710082 0.78526803695784 NaN
0.574000000000022 -0.871390209558521 -0.323940384028878 0.78526803695784 1.4138141021583e-16
0.575000000000018 -0.870908525817947 -0.324711582545976 0.78526803695784 NaN
0.576000000000013 -0.870395516483701 -0.32547090899671 0.78526803695784 NaN
0.577000000000009 -0.869851389045275 -0.326218366223868 0.78526803695784 NaN
0.578000000000004 -0.869276320333493 -0.326953950106381 0.78526803695784 NaN
0.579 -0.868670457698395 -0.327677653235269 0.78526803695784 1.4138141021583e-16
0.579999999999995 -0.86803392069727 -0.328389464357209 0.78526803695784 NaN
0.580999999999991 -0.867366802404645 -0.329089366995877 0.78526803695784 NaN
0.581999999999986 -0.866669175471992 -0.329777342296746 0.78526803695784 1.4138141021583e-16
0.582999999999982 -0.865941096679666 -0.330453370488966 0.78526803695784 NaN
0.583999999999977 -0.86518260526521 -0.331117429470243 0.78526803695784 2.82762820431659e-16
0.584999999999972 -0.864393727181684 -0.331769496226306 0.78526803695784 2.82762820431659e-16
0.585999999999968 -0.863574475931795 -0.332409546894078 0.78526803695784 2.82762820431659e-16
0.586999999999963 -0.862724850879648 -0.333037554798875 0.78526803695784 NaN
0.587999999999959 -0.86184484197653 -0.333653489372046 0.78526803695784 2.82762820431659e-16
0.588999999999954 -0.860934440058784 -0.334257323558755 0.78526803695784 NaN
0.58999999999995 -0.859993635283929 -0.334849031104933 0.78526803695784 1.4138141021583e-16
0.590999999999945 -0.859022413315421 -0.335428584874393 0.78526803695784 NaN
0.591999999999941 -0.858020760186491 -0.335995956378884 0.78526803695784 1.4138141021583e-16
0.592999999999936 -0.856988662449679 -0.336551116822719 0.78526803695784 2.82762820431659e-16
0.593999999999931 -0.855926120843892 -0.337094041059713 0.78526803695784 NaN
0.594999999999927 -0.854833138895209 -0.337624701485682 0.78526803695784 NaN
0.595999999999922 -0.853709717937797 -0.338143068402236 0.78526803695784 NaN
0.596999999999918 -0.852555884791618 -0.338649118043747 0.78526803695784 NaN
0.597999999999913 -0.8513716768026 -0.339142824935721 0.78526803695784 NaN
0.598999999999909 -0.850157142977134 -0.339624166599978 0.78526803695784 NaN
0.599999999999904 -0.848912360330131 -0.340093127775527 0.78526803695784 NaN
0.6009999999999 -0.847637418691567 -0.340549692110367 0.78526803695784 NaN
0.601999999999895 -0.846332393835191 -0.340993831346897 0.78526803695784 NaN
0.602999999999891 -0.844997379177072 -0.341425522346057 0.78526803695784 1.4138141021583e-16
0.603999999999886 -0.843632509750126 -0.341844750767116 0.78526803695784 NaN
0.604999999999881 -0.842237929857948 -0.342251501188877 0.78526803695784 NaN
0.605999999999877 -0.840813806291639 -0.342645762401121 0.78526803695784 NaN
0.606999999999872 -0.839360332523496 -0.343027524653089 0.78526803695784 NaN
0.607999999999868 -0.837877707895225 -0.343396773653416 0.78526803695784 NaN
0.608999999999863 -0.836366172248243 -0.343753505555005 0.78526803695784 1.4138141021583e-16
0.609999999999859 -0.834826012617294 -0.344097727294782 0.78526803695784 NaN
0.610999999999854 -0.833257528365274 -0.3444294456258 0.78526803695784 NaN
0.61199999999985 -0.831661042633868 -0.344748672154693 0.78526803695784 NaN
0.612999999999845 -0.830036898655131 -0.34505542167766 0.78526803695784 NaN
0.61399999999984 -0.828385439030939 -0.345349705553163 0.78526803695784 1.4138141021583e-16
0.614999999999836 -0.826707029011373 -0.345631540919396 0.78526803695784 NaN
0.615999999999831 -0.825002063667106 -0.345900952202808 0.78526803695784 1.4138141021583e-16
0.616999999999827 -0.823270954024394 -0.346157968102514 0.78526803695784 NaN
0.617999999999822 -0.821514147444012 -0.346402627841967 0.78526803695784 NaN
0.618999999999818 -0.819732137552967 -0.346634987614294 0.78526803695784 NaN
0.619999999999813 -0.817925455460466 -0.346855116891505 0.78526803695784 NaN
0.620999999999809 -0.816094672644065 -0.347063099168039 0.78526803695784 NaN
0.621999999999804 -0.81424037545713 -0.347259024392684 0.78526803695784 NaN
0.622999999999799 -0.812363198468375 -0.347443006332406 0.78526803695784 NaN
0.623999999999795 -0.810463796161858 -0.347615166813938 0.78526803695784 NaN
0.62499999999979 -0.808542805987402 -0.347775621831379 0.78526803695784 1.4138141021583e-16
0.625999999999786 -0.806600910683168 -0.347924509606407 0.78526803695784 1.4138141021583e-16
0.626999999999781 -0.804638789706645 -0.348061969140453 0.78526803695784 NaN
0.627999999999777 -0.802657097556562 -0.348188136008591 0.78526803695784 1.4138141021583e-16
0.628999999999772 -0.80065653733033 -0.34830317224554 0.78526803695784 NaN
0.629999999999768 -0.798637816864955 -0.348407246571329 0.78526803695784 2.82762820431659e-16
0.630999999999763 -0.796601643939 -0.348500535055878 0.78526803695784 NaN
0.631999999999759 -0.794548784459846 -0.34858324639592 0.78526803695784 1.4138141021583e-16
0.632999999999754 -0.792480018267113 -0.348655600841134 0.78526803695784 NaN
0.633999999999749 -0.79039613143088 -0.348717831327827 0.78526803695784 1.4138141021583e-16
0.634999999999745 -0.788297954156813 -0.348770198090667 0.78526803695784 1.4138141021583e-16
0.63599999999974 -0.78618632474294 -0.348812972964918 0.78526803695784 NaN
0.636999999999736 -0.784062072064225 -0.348846432787372 0.78526803695784 NaN
0.637999999999731 -0.78192605382267 -0.348870879313828 0.78526803695784 1.4138141021583e-16
0.638999999999727 -0.779779141572486 -0.348886626798324 0.78526803695784 2.82762820431659e-16
0.639999999999722 -0.777622199398664 -0.348893994793072 0.78526803695784 2.82762820431659e-16
0.640999999999718 -0.775456102901424 -0.348893318355741 0.78526803695784 NaN
0.641999999999713 -0.773281741276454 -0.348884944627485 0.78526803695784 1.4138141021583e-16
0.642999999999708 -0.771100006439527 -0.348869231037815 0.78526803695784 1.4138141021583e-16
0.643999999999704 -0.768911795667092 -0.348846546028609 0.78526803695784 NaN
0.644999999999699 -0.766718024089596 -0.348817271737008 0.78526803695784 1.4138141021583e-16
0.645999999999695 -0.764519622701757 -0.348781803945726 0.78526803695784 NaN
0.64699999999969 -0.762317529550176 -0.348740548431223 0.78526803695784 2.82762820431659e-16
0.647999999999686 -0.760112701187057 -0.348693924087158 0.78526803695784 2.82762820431659e-16
0.648999999999681 -0.757906113050744 -0.348642362894339 0.78526803695784 2.82762820431659e-16
0.649999999999677 -0.75569874677375 -0.348586303554052 0.78526803695784 2.82762820431659e-16
0.650999999999672 -0.753491599982382 -0.348526195033839 0.78526803695784 2.82762820431659e-16
0.651999999999668 -0.751285689385241 -0.348462496930957 0.78526803695784 2.82762820431659e-16
0.652999999999663 -0.749082038871166 -0.348395673413907 0.78526803695784 4.24144230647489e-16
0.653999999999658 -0.746881686958625 -0.348326196106871 0.78526803695784 5.65525640863319e-16
0.654999999999654 -0.744685692619372 -0.348254545965062 0.78526803695784 4.24144230647489e-16
0.655999999999649 -0.742495127978797 -0.3481812093829 0.78526803695784 4.24144230647489e-16
0.656999999999645 -0.740311079815561 -0.348106678949089 0.78526803695784 2.82762820431659e-16
0.65799999999964 -0.738134656667315 -0.348031456301361 0.78526803695784 5.65525640863319e-16
0.658999999999636 -0.735966985888749 -0.347956049706022 0.78526803695784 5.65525640863319e-16
0.659999999999631 -0.733809207323395 -0.347880972882739 0.78526803695784 4.24144230647489e-16
0.660999999999627 -0.731662474287861 -0.347806743504191 0.78526803695784 2.82762820431659e-16
0.661999999999622 -0.729527956476989 -0.347733886812062 0.78526803695784 4.24144230647489e-16
0.662999999999617 -0.727406841658911 -0.347662934350129 0.78526803695784 4.24144230647489e-16
0.663999999999613 -0.725300338800683 -0.347594429172996 0.78526803695784 2.82762820431659e-16
0.664999999999608 -0.72320967081796 -0.347528919915634 0.78526803695784 4.24144230647489e-16
0.665999999999604 -0.721136068721116 -0.347466959879316 0.78526803695784 2.82762820431659e-16
0.666999999999599 -0.719080770741252 -0.347409106856177 0.78526803695784 2.82762820431659e-16
0.667999999999595 -0.717045012316367 -0.347355921080043 0.78526803695784 1.4138141021583e-16
0.66899999999959 -0.715030032830806 -0.347307966444298 0.78526803695784 2.82762820431659e-16
0.669999999999586 -0.713037081937531 -0.347265817244506 0.78526803695784 2.82762820431659e-16
0.670999999999581 -0.711067411937487 -0.347230054809709 0.78526803695784 2.82762820431659e-16
0.671999999999576 -0.709122279367643 -0.347201269403058 0.78526803695784 4.24144230647489e-16
0.672999999999572 -0.707202944967772 -0.347180062110741 0.78526803695784 4.24144230647489e-16
0.673999999999567 -0.705310665289484 -0.347167040173186 0.78526803695784 5.65525640863319e-16
0.674999999999563 -0.703446684900271 -0.347162815901598 0.78526803695784 5.65525640863319e-16
0.675999999999558 -0.70161223429502 -0.347168006902765 0.78526803695784 4.24144230647489e-16
0.676999999999554 -0.699808531529635 -0.347183235598671 0.78526803695784 5.65525640863319e-16
0.677999999999549 -0.698036768504677 -0.347209124843183 0.78526803695784 5.65525640863319e-16
0.678999999999545 -0.696298114490504 -0.347246301363836 0.78526803695784 5.65525640863319e-16
0.67999999999954 -0.694593725928915 -0.34729539960407 0.78526803695784 7.06907051079148e-16
0.680999999999536 -0.692924727432374 -0.347357053197445 0.78526803695784 5.65525640863319e-16
0.681999999999531 -0.69129220639108 -0.347431894057254 0.78526803695784 5.65525640863319e-16
0.682999999999526 -0.689697222004716 -0.347520552883093 0.78526803695784 5.65525640863319e-16
0.683999999999522 -0.688140800292127 -0.347623661289441 0.78526803695784 4.24144230647489e-16
0.684999999999517 -0.686623938486972 -0.347741850466076 0.78526803695784 4.24144230647489e-16
0.685999999999513 -0.685147603907094 -0.347875750432084 0.78526803695784 5.65525640863319e-16
0.686999999999508 -0.683712713463984 -0.348025981339121 0.78526803695784 2.82762820431659e-16
0.687999999999504 -0.682320124975178 -0.348193143545194 0.78526803695784 5.65525640863319e-16
0.688999999999499 -0.680970608153144 -0.348377803117821 0.78526803695784 5.65525640863319e-16
0.689999999999495 -0.679665018976619 -0.348580580685955 0.78526803695784 4.24144230647489e-16
0.69099999999949 -0.67840403700195 -0.34880202399497 0.78526803695784 4.24144230647489e-16
0.691999999999485 -0.677188232680831 -0.349042621959427 0.78526803695784 4.24144230647489e-16
0.692999999999481 -0.676018198403534 -0.349302874892301 0.78526803695784 2.82762820431659e-16
0.693999999999476 -0.67489439946762 -0.349583226982315 0.78526803695784 2.82762820431659e-16
0.694999999999472 -0.673817492935136 -0.349884224576991 0.78526803695784 2.82762820431659e-16
0.695999999999467 -0.672788085043099 -0.350206389958607 0.78526803695784 2.82762820431659e-16
0.696999999999463 -0.671806490935731 -0.350550092206256 0.78526803695784 4.24144230647489e-16
0.697999999999458 -0.670873114738744 -0.350915742553318 0.78526803695784 2.82762820431659e-16
0.698999999999454 -0.669988220718907 -0.351303672821067 0.78526803695784 5.65525640863319e-16
0.699999999999449 -0.669151882983964 -0.351714105082553 0.78526803695784 2.82762820431659e-16
0.700999999999445 -0.668364315653474 -0.352147326602221 0.78526803695784 2.82762820431659e-16
0.70199999999944 -0.667625612655369 -0.352603550901671 0.78526803695784 2.82762820431659e-16
0.702999999999435 -0.666935756659745 -0.353082919615785 0.78526803695784 4.24144230647489e-16
0.703999999999431 -0.666294829783814 -0.353585615909481 0.78526803695784 5.65525640863319e-16
0.704999999999426 -0.665702778044552 -0.354111737953038 0.78526803695784 2.82762820431659e-16
0.705999999999422 -0.665159415799792 -0.354661296092456 0.78526803695784 2.82762820431659e-16
0.706999999999417 -0.664664588941973 -0.355234300879767 0.78526803695784 2.82762820431659e-16
0.707999999999413 -0.664218068581286 -0.355830712863838 0.78526803695784 2.82762820431659e-16
0.708999999999408 -0.66381954812967 -0.356450436301853 0.78526803695784 5.65525640863319e-16
0.709999999999404 -0.663468725262931 -0.357093356803809 0.78526803695784 4.24144230647489e-16
0.710999999999399 -0.663165229108344 -0.357759315972955 0.78526803695784 5.65525640863319e-16
0.711999999999394 -0.662908631401531 -0.358448111488492 0.78526803695784 5.65525640863319e-16
0.71299999999939 -0.662698473370022 -0.359159504937868 0.78526803695784 5.65525640863319e-16
0.713999999999385 -0.662534248545889 -0.35989322709195 0.78526803695784 4.24144230647489e-16
0.714999999999381 -0.662415369377194 -0.360648960770246 0.78526803695784 5.65525640863319e-16
0.715999999999376 -0.662341243454516 -0.361426376407441 0.78526803695784 5.65525640863319e-16
0.716999999999372 -0.662311240570694 -0.36222511570373 0.78526803695784 5.65525640863319e-16
0.717999999999367 -0.662324687817892 -0.363044796124186 0.78526803695784 7.06907051079148e-16
0.718999999999363 -0.662381042181494 -0.363885112080361 0.78526803695784 7.06907051079148e-16
0.719999999999358 -0.662479719957538 -0.364745736364658 0.78526803695784 8.48288461294978e-16
0.720999999999353 -0.662620110949542 -0.365626325087334 0.78526803695784 5.65525640863319e-16
0.721999999999349 -0.662801555703824 -0.366526524097635 0.78526803695784 5.65525640863319e-16
0.722999999999344 -0.663023267851108 -0.36744590757593 0.78526803695784 7.06907051079148e-16
0.72399999999934 -0.663284554777081 -0.368384107867647 0.78526803695784 5.65525640863319e-16
0.724999999999335 -0.66358464961553 -0.369340741425782 0.78526803695784 5.65525640863319e-16
0.725999999999331 -0.663922730098545 -0.370315402810317 0.78526803695784 7.06907051079148e-16
0.726999999999326 -0.664298059725605 -0.371307751825221 0.78526803695784 5.65525640863319e-16
0.727999999999322 -0.664709840990306 -0.372317431724751 0.78526803695784 7.06907051079148e-16
0.728999999999317 -0.665157344626617 -0.373344134385931 0.78526803695784 7.06907051079148e-16
0.729999999999313 -0.665639939346294 -0.374387615178975 0.78526803695784 5.65525640863319e-16
0.730999999999308 -0.666157072093244 -0.375447699273808 0.78526803695784 7.06907051079148e-16
0.731999999999303 -0.666708275692219 -0.376524297734358 0.78526803695784 7.06907051079148e-16
0.732999999999299 -0.667293047797356 -0.377617325708411 0.78526803695784 5.65525640863319e-16
0.733999999999294 -0.667910853925668 -0.378726715568536 0.78526803695784 5.65525640863319e-16
0.73499999999929 -0.668561193116338 -0.379852423502221 0.78526803695784 7.06907051079148e-16
0.735999999999285 -0.669243439572131 -0.380994338205923 0.78526803695784 5.65525640863319e-16
0.736999999999281 -0.669956840859033 -0.382152318017185 0.78526803695784 5.65525640863319e-16
0.737999999999276 -0.670700867005025 -0.383326318702673 0.78526803695784 5.65525640863319e-16
0.738999999999272 -0.671475033620115 -0.384516322955065 0.78526803695784 5.65525640863319e-16
0.739999999999267 -0.672278931484267 -0.38572238383851 0.78526803695784 5.65525640863319e-16
0.740999999999262 -0.673112279554484 -0.386944626333909 0.78526803695784 5.65525640863319e-16
0.741999999999258 -0.673974759483046 -0.388183171975842 0.78526803695784 7.06907051079148e-16
0.742999999999253 -0.67486609706404 -0.389438185690097 0.78526803695784 7.06907051079148e-16
0.743999999999249 -0.675786049942865 -0.39070985086796 0.78526803695784 8.48288461294978e-16
0.744999999999244 -0.676734345647104 -0.391998344009526 0.78526803695784 5.65525640863319e-16
0.74599999999924 -0.677710781902221 -0.39330388056799 0.78526803695784 8.48288461294978e-16
0.746999999999235 -0.678715191781216 -0.394626686282502 0.78526803695784 8.48288461294978e-16
0.747999999999231 -0.679747413053477 -0.395966983039268 0.785268036957841 9.89669871510808e-16
0.748999999999226 -0.680807322018464 -0.397325000708703 0.785268036957841 9.89669871510808e-16
0.749999999999222 -0.681894815753815 -0.398700961216523 0.785268036957841 1.13105128172664e-15
0.750999999999217 -0.683009792304739 -0.400095069606378 0.785268036957841 1.13105128172664e-15
0.751999999999212 -0.684152161160084 -0.401507516133545 0.78526803695784 8.48288461294978e-16
0.752999999999208 -0.685321803745495 -0.402938456493114 0.78526803695784 8.48288461294978e-16
0.753999999999203 -0.68651861906762 -0.404388034121577 0.785268036957841 9.89669871510808e-16
0.754999999999199 -0.68774253421957 -0.405856384783836 0.785268036957841 9.89669871510808e-16
0.755999999999194 -0.688993472514131 -0.407343621567855 0.78526803695784 8.48288461294978e-16
0.75699999999919 -0.690271366535711 -0.408849838780566 0.78526803695784 8.48288461294978e-16
0.757999999999185 -0.691576152337152 -0.41037511008699 0.785268036957841 1.13105128172664e-15
0.758999999999181 -0.692907756777956 -0.411919479532838 0.785268036957841 9.89669871510808e-16
0.759999999999176 -0.694266063795913 -0.413482944576396 0.785268036957841 9.89669871510808e-16
0.760999999999171 -0.695650963268625 -0.415065480181564 0.785268036957841 1.13105128172664e-15
0.761999999999167 -0.697062343181598 -0.416667035013921 0.785268036957841 9.89669871510808e-16
0.762999999999162 -0.698500029395364 -0.418287502154802 0.785268036957841 9.89669871510808e-16
0.763999999999158 -0.699963818958018 -0.419926737261063 0.78526803695784 8.48288461294978e-16
0.764999999999153 -0.701453491081955 -0.42158456294066 0.78526803695784 8.48288461294978e-16
0.765999999999149 -0.702968773139633 -0.423260758134121 0.78526803695784 8.48288461294978e-16
0.766999999999144 -0.704509345451445 -0.424955053178658 0.785268036957841 9.89669871510808e-16
0.76799999999914 -0.706074865672878 -0.426667150190716 0.785268036957841 9.89669871510808e-16
0.768999999999135 -0.707664946695715 -0.42839671480753 0.78526803695784 8.48288461294978e-16
0.76999999999913 -0.709279154239946 -0.430143371146309 0.78526803695784 8.48288461294978e-16
0.770999999999126 -0.710917004829746 -0.431906709878039 0.78526803695784 8.48288461294978e-16
0.771999999999121 -0.712577985288465 -0.433686295330878 0.78526803695784 8.48288461294978e-16
0.772999999999117 -0.714261529301588 -0.435481650468085 0.78526803695784 8.48288461294978e-16
0.773999999999112 -0.715966983678291 -0.437292249873831 0.785268036957841 1.13105128172664e-15
0.774999999999108 -0.717693691817161 -0.439117555862087 0.785268036957841 1.13105128172664e-15
0.775999999999103 -0.7194409078592 -0.440957000072162 0.785268036957841 1.13105128172664e-15
0.776999999999099 -0.72120785755186 -0.442809972023704 0.78526803695784 8.48288461294978e-16
0.777999999999094 -0.722993440186984 -0.444675739760456 0.78526803695784 8.48288461294978e-16
0.77899999999909 -0.724796752741192 -0.446553672564748 0.785268036957841 9.89669871510808e-16
0.779999999999085 -0.726617552201471 -0.448443405961153 0.785268036957841 9.89669871510808e-16
0.78099999999908 -0.728455096424605 -0.450344367143106 0.785268036957841 9.89669871510808e-16
0.781999999999076 -0.730308130233954 -0.452255762571409 0.78526803695784 8.48288461294978e-16
0.782999999999071 -0.732175223062509 -0.454176687006099 0.78526803695784 8.48288461294978e-16
0.783999999999067 -0.734054826633402 -0.456106152837489 0.78526803695784 8.48288461294978e-16
0.784999999999062 -0.735946055011915 -0.458043499795997 0.78526803695784 8.48288461294978e-16
0.785999999999058 -0.737848536767238 -0.459988320045445 0.78526803695784 7.06907051079148e-16
0.786999999999053 -0.739761227619354 -0.461939970645638 0.78526803695784 8.48288461294978e-16
0.787999999999049 -0.741682627509761 -0.463897644072891 0.78526803695784 8.48288461294978e-16
0.788999999999044 -0.743611306382213 -0.465860499117004 0.78526803695784 8.48288461294978e-16
0.789999999999039 -0.745545529242465 -0.467827563320368 0.78526803695784 8.48288461294978e-16
0.790999999999035 -0.74748364666787 -0.469797912367094 0.78526803695784 8.48288461294978e-16
0.79199999999903 -0.749424510854318 -0.471770804070394 0.78526803695784 8.48288461294978e-16
0.792999999999026 -0.751366973095793 -0.473745548981208 0.78526803695784 8.48288461294978e-16
0.793999999999021 -0.753309866335194 -0.475721488967614 0.78526803695784 8.48288461294978e-16
0.794999999999017 -0.7552521231298 -0.477698003980276 0.78526803695784 7.06907051079148e-16
0.795999999999012 -0.757192512797996 -0.479674451324787 0.78526803695784 5.65525640863319e-16
0.796999999999008 -0.759129765696853 -0.481650193449287 0.78526803695784 7.06907051079148e-16
0.797999999999003 -0.761062580463934 -0.483624574940673 0.78526803695784 8.48288461294978e-16
0.798999999998999 -0.762989002001643 -0.485596577864793 0.78526803695784 8.48288461294978e-16
0.799999999998994 -0.764907471242704 -0.48756542145682 0.78526803695784 8.48288461294978e-16
0.800999999998989 -0.766816458560994 -0.489530331607341 0.78526803695784 8.48288461294978e-16
0.801999999998985 -0.76871416739055 -0.491490370677933 0.785268036957841 1.13105128172664e-15
0.80299999999898 -0.770599247676634 -0.493444884460947 0.78526803695784 8.48288461294978e-16
0.803999999998976 -0.772470388124992 -0.495393226422035 0.785268036957841 1.13105128172664e-15
0.804999999998971 -0.774326088596991 -0.497334625608438 0.785268036957841 1.13105128172664e-15
0.805999999998967 -0.776165131247108 -0.499268489003214 0.78526803695784 8.48288461294978e-16
0.806999999998962 -0.777986101813115 -0.50119412493087 0.78526803695784 8.48288461294978e-16
0.807999999998958 -0.779787362984656 -0.503110734006111 0.78526803695784 8.48288461294978e-16
0.808999999998953 -0.781567711755923 -0.505017718042483 0.78526803695784 8.48288461294978e-16
0.809999999998948 -0.783325891341729 -0.506914431522741 0.78526803695784 8.48288461294978e-16
0.810999999998944 -0.7850601452344 -0.508800017860142 0.78526803695784 8.48288461294978e-16
0.811999999998939 -0.786769026165789 -0.510673774644327 0.785268036957841 9.89669871510808e-16
0.812999999998935 -0.788451213969713 -0.512535024503756 0.785268036957841 9.89669871510808e-16
0.81399999999893 -0.790105196831703 -0.514382993242428 0.78526803695784 8.48288461294978e-16
0.814999999998926 -0.791729664001396 -0.516216993002971 0.78526803695784 8.48288461294978e-16
0.815999999998921 -0.793323318010781 -0.518036323028602 0.78526803695784 8.48288461294978e-16
0.816999999998917 -0.794884903689903 -0.519840305860181 0.78526803695784 8.48288461294978e-16
0.817999999998912 -0.796413080133114 -0.521628198631148 0.78526803695784 8.48288461294978e-16
0.818999999998907 -0.797906474940483 -0.52339919677286 0.78526803695784 8.48288461294978e-16
0.819999999998903 -0.799363803372668 -0.525152558891918 0.78526803695784 8.48288461294978e-16
0.820999999998898 -0.800783689194084 -0.526887471060195 0.78526803695784 8.48288461294978e-16
0.821999999998894 -0.802164866357607 -0.528603102908219 0.78526803695784 8.48288461294978e-16
0.822999999998889 -0.803506156324802 -0.530298677500932 0.78526803695784 8.48288461294978e-16
0.823999999998885 -0.804806233881003 -0.531973326755215 0.78526803695784 8.48288461294978e-16
0.82499999999888 -0.806063896379346 -0.533626165007576 0.78526803695784 8.48288461294978e-16
0.825999999998876 -0.807278101906972 -0.535256378327394 0.78526803695784 8.48288461294978e-16
0.826999999998871 -0.808447629208384 -0.536863057021526 0.78526803695784 8.48288461294978e-16
0.827999999998867 -0.809571266120328 -0.538445234205683 0.78526803695784 8.48288461294978e-16
0.828999999998862 -0.810648014279302 -0.540002018933447 0.78526803695784 8.48288461294978e-16
0.829999999998857 -0.811676783715654 -0.541532462337599 0.785268036957841 9.89669871510808e-16
0.830999999998853 -0.812656436328773 -0.543035549794708 0.78526803695784 8.48288461294978e-16
0.831999999998848 -0.813586013715696 -0.544510320939709 0.78526803695784 8.48288461294978e-16
0.832999999998844 -0.814464589147232 -0.545955802219149 0.78526803695784 8.48288461294978e-16
0.833999999998839 -0.815291198964124 -0.547370973464757 0.78526803695784 8.48288461294978e-16
0.834999999998835 -0.816064967138537 -0.548754834419252 0.78526803695784 8.48288461294978e-16
0.83599999999883 -0.816785075576888 -0.550106385577701 0.78526803695784 8.48288461294978e-16
0.836999999998826 -0.817450711609348 -0.551424609475931 0.78526803695784 5.65525640863319e-16
0.837999999998821 -0.818061101702538 -0.552708502423497 0.78526803695784 5.65525640863319e-16
0.838999999998816 -0.818615502559068 -0.553957060734312 0.78526803695784 8.48288461294978e-16
0.839999999998812 -0.819113190554216 -0.555169282194332 0.78526803695784 7.06907051079148e-16
0.840999999998807 -0.819553486182196 -0.556344191651286 0.78526803695784 5.65525640863319e-16
0.841999999998803 -0.819935732140632 -0.557480829637337 0.78526803695784 7.06907051079148e-16
0.842999999998798 -0.820259281516075 -0.55857824902194 0.78526803695784 7.06907051079148e-16
0.843999999998794 -0.820523520423775 -0.559635530327629 0.78526803695784 4.24144230647489e-16
0.844999999998789 -0.82072790205001 -0.560651816049122 0.78526803695784 5.65525640863319e-16
0.845999999998785 -0.820871917839311 -0.56162628663738 0.78526803695784 5.65525640863319e-16
0.84699999999878 -0.820955042239174 -0.56255815075223 0.78526803695784 5.65525640863319e-16
0.847999999998776 -0.820976840362245 -0.563446699489362 0.78526803695784 2.82762820431659e-16
0.848999999998771 -0.820936979931185 -0.564291312661344 0.78526803695784 2.82762820431659e-16
0.849999999998766 -0.820835139939279 -0.565091419079247 0.78526803695784 4.24144230647489e-16
0.850999999998762 -0.8206710853188 -0.56584653143543 0.78526803695784 5.65525640863319e-16
0.851999999998757 -0.820444654165801 -0.566556268236559 0.78526803695784 5.65525640863319e-16
0.852999999998753 -0.820155698404371 -0.567220318167162 0.78526803695784 5.65525640863319e-16
0.853999999998748 -0.819804168110487 -0.567838458217247 0.78526803695784 7.06907051079148e-16
0.854999999998744 -0.819390112210099 -0.568410583570546 0.78526803695784 7.06907051079148e-16
0.855999999998739 -0.818913600214181 -0.56893667475451 0.78526803695784 7.06907051079148e-16
0.856999999998735 -0.818374786875246 -0.569416802489091 0.78526803695784 8.48288461294978e-16
0.85799999999873 -0.817773925112119 -0.569851154194023 0.78526803695784 8.48288461294978e-16
0.858999999998725 -0.817111332397968 -0.570240017612631 0.78526803695784 7.06907051079148e-16
0.859999999998721 -0.816387433752592 -0.57058379134789 0.78526803695784 7.06907051079148e-16
0.860999999998716 -0.815602568989343 -0.570882877721699 0.78526803695784 7.06907051079148e-16
0.861999999998712 -0.814757262002647 -0.571137816703048 0.78526803695784 8.48288461294978e-16
0.862999999998707 -0.813852145593199 -0.571349243516354 0.78526803695784 8.48288461294978e-16
0.863999999998703 -0.812887791060804 -0.571517802667445 0.785268036957841 9.89669871510808e-16
0.864999999998698 -0.81186482382935 -0.571644182931711 0.785268036957841 1.13105128172664e-15
0.865999999998694 -0.810784024114325 -0.571729155634459 0.785268036957841 9.89669871510808e-16
0.866999999998689 -0.809646136554568 -0.571773527962864 0.785268036957841 9.89669871510808e-16
0.867999999998684 -0.808451897348212 -0.571778131623905 0.785268036957841 9.89669871510808e-16
0.86899999999868 -0.807202356233319 -0.571743987200501 0.78526803695784 8.48288461294978e-16
0.869999999998675 -0.805898356525894 -0.571671973872054 0.78526803695784 8.48288461294978e-16
0.870999999998671 -0.804540835366325 -0.571562990511238 0.785268036957841 9.89669871510808e-16
0.871999999998666 -0.803130974611429 -0.571418043014496 0.785268036957841 9.89669871510808e-16
0.872999999998662 -0.801669735866261 -0.57123798394189 0.78526803695784 8.48288461294978e-16
0.873999999998657 -0.800158115281793 -0.571023670433893 0.785268036957841 1.13105128172664e-15
0.874999999998653 -0.798597306551748 -0.570776059487311 0.785268036957841 1.13105128172664e-15
0.875999999998648 -0.796988458907375 -0.570496022338476 0.785268036957841 1.13105128172664e-15
0.876999999998644 -0.79533275471934 -0.570184432061428 0.785268036957841 1.13105128172664e-15
0.877999999998639 -0.793631508354128 -0.569842229594349 0.785268036957841 9.89669871510808e-16
0.878999999998634 -0.791886000165245 -0.569470215951521 0.785268036957841 1.27243269194247e-15
0.87999999999863 -0.790097392184185 -0.569069100891983 0.785268036957841 1.13105128172664e-15
0.880999999998625 -0.788266865084054 -0.568639623667539 0.785268036957841 1.13105128172664e-15
0.881999999998621 -0.786395732290035 -0.568182460537818 0.785268036957841 1.13105128172664e-15
0.882999999998616 -0.78448532494391 -0.567698287995443 0.785268036957841 1.13105128172664e-15
0.883999999998612 -0.782536943938151 -0.5671877635971 0.785268036957841 1.27243269194247e-15
0.884999999998607 -0.780551896086903 -0.56665146030978 0.785268036957841 1.27243269194247e-15
0.885999999998603 -0.778531605174447 -0.566089992909611 0.785268036957841 1.13105128172664e-15
0.886999999998598 -0.776477430607395 -0.565503929221317 0.785268036957841 1.4138141021583e-15
0.887999999998593 -0.774390367268376 -0.564893624148591 0.785268036957841 1.27243269194247e-15
0.888999999998589 -0.772271581358996 -0.56425945700622 0.785268036957841 1.4138141021583e-15
0.889999999998584 -0.77012272454467 -0.563602042314709 0.785268036957841 1.4138141021583e-15
0.89099999999858 -0.76794506705675 -0.562921818253535 0.785268036957841 1.4138141021583e-15
0.891999999998575 -0.765739751226157 -0.562219103843375 0.785268036957841 1.27243269194247e-15
0.892999999998571 -0.763508261760252 -0.561494375166291 0.785268036957841 1.13105128172664e-15
0.893999999998566 -0.761251790293869 -0.560748009210159 0.785268036957841 9.89669871510808e-16
0.894999999998562 -0.758971285260584 -0.559980238510459 0.785268036957841 1.13105128172664e-15
0.895999999998557 -0.756667823689057 -0.559191369826247 0.785268036957841 1.13105128172664e-15
0.896999999998553 -0.754342443800819 -0.55838172151766 0.785268036957841 1.13105128172664e-15
0.897999999998548 -0.75199613105643 -0.557551584286572 0.785268036957841 1.13105128172664e-15
0.898999999998543 -0.74963002343193 -0.556701365835406 0.785268036957841 1.13105128172664e-15
0.899999999998539 -0.747245153018337 -0.55583144334108 0.785268036957841 1.13105128172664e-15
0.900999999998534 -0.744842379075124 -0.554942153809585 0.785268036957841 1.13105128172664e-15
0.90199999999853 -0.742422794024581 -0.554034012926079 0.785268036957841 1.13105128172664e-15
0.902999999998525 -0.739987276607366 -0.553107498803589 0.785268036957841 1.13105128172664e-15
0.903999999998521 -0.737536350973013 -0.552162928982308 0.785268036957841 9.89669871510808e-16
0.904999999998516 -0.735070793326958 -0.551200795676042 0.78526803695784 8.48288461294978e-16
0.905999999998512 -0.732591430479493 -0.550221690972163 0.78526803695784 8.48288461294978e-16
0.906999999998507 -0.730098909662507 -0.549226109048579 0.785268036957841 9.89669871510808e-16
0.907999999998502 -0.72759410084017 -0.54821469292797 0.78526803695784 8.48288461294978e-16
0.908999999998498 -0.725077773185836 -0.547188137246922 0.78526803695784 8.48288461294978e-16
0.909999999998493 -0.722550232922615 -0.54614694738405 0.785268036957841 9.89669871510808e-16
0.910999999998489 -0.720011842445267 -0.545091678893493 0.785268036957841 1.13105128172664e-15
0.911999999998484 -0.717463093328291 -0.544023014681971 0.785268036957841 9.89669871510808e-16
0.91299999999848 -0.714904406224875 -0.542941625549672 0.785268036957841 1.13105128172664e-15
0.913999999998475 -0.712336361073731 -0.541848232651354 0.785268036957841 9.89669871510808e-16
0.914999999998471 -0.709759608025653 -0.540743627927873 0.785268036957841 9.89669871510808e-16
0.915999999998466 -0.707174584617043 -0.539628577854702 0.785268036957841 9.89669871510808e-16
0.916999999998461 -0.704581459625214 -0.538503712516394 0.78526803695784 8.48288461294978e-16
0.917999999998457 -0.701980225291091 -0.537369594782604 0.78526803695784 8.48288461294978e-16
0.918999999998452 -0.699370688050186 -0.536226727180757 0.78526803695784 5.65525640863319e-16
0.919999999998448 -0.696752773631644 -0.535075652923713 0.78526803695784 8.48288461294978e-16
0.920999999998443 -0.694126763639877 -0.53391703468862 0.78526803695784 8.48288461294978e-16
0.921999999998439 -0.691493180389033 -0.532751569392402 0.78526803695784 8.48288461294978e-16
0.922999999998434 -0.688852777869808 -0.531580046537945 0.78526803695784 8.48288461294978e-16
0.92399999999843 -0.686206436725712 -0.530403283614939 0.78526803695784 8.48288461294978e-16
0.924999999998425 -0.683554990662442 -0.529222012873353 0.78526803695784 8.48288461294978e-16
0.925999999998421 -0.680899112722626 -0.528036887970922 0.78526803695784 8.48288461294978e-16
0.926999999998416 -0.678239240107365 -0.526848445339631 0.78526803695784 8.48288461294978e-16
0.927999999998411 -0.675575665495362 -0.525657120259122 0.78526803695784 8.48288461294978e-16
0.928999999998407 -0.672908581776465 -0.524463268774575 0.78526803695784 8.48288461294978e-16
0.929999999998402 -0.670238067862556 -0.523267157900365 0.78526803695784 8.48288461294978e-16
0.930999999998398 -0.667564226019127 -0.522069026106012 0.78526803695784 8.48288461294978e-16
0.931999999998393 -0.664887268905757 -0.520869115448397 0.78526803695784 8.48288461294978e-16
0.932999999998389 -0.662207478466092 -0.519667638696204 0.78526803695784 7.06907051079148e-16
0.933999999998384 -0.659525207250947 -0.518464795450818 0.78526803695784 8.48288461294978e-16
0.93499999999838 -0.656840892817772 -0.517260779170581 0.78526803695784 7.06907051079148e-16
0.935999999998375 -0.654155044476624 -0.516055764404799 0.78526803695784 7.06907051079148e-16
0.93699999999837 -0.651468205135739 -0.514849902455531 0.78526803695784 5.65525640863319e-16
0.937999999998366 -0.648780919217163 -0.513643308739155 0.78526803695784 8.48288461294978e-16
0.938999999998361 -0.64609375562204 -0.512436080078146 0.78526803695784 7.06907051079148e-16
0.939999999998357 -0.643407309062159 -0.511228298513402 0.78526803695784 7.06907051079148e-16
0.940999999998352 -0.640722170558124 -0.510020017349042 0.78526803695784 5.65525640863319e-16
0.941999999998348 -0.638038943418007 -0.508811277947148 0.78526803695784 5.65525640863319e-16
0.942999999998343 -0.63535825168487 -0.507602120180499 0.78526803695784 5.65525640863319e-16
0.943999999998339 -0.632680729614743 -0.506392574849079 0.78526803695784 4.24144230647489e-16
0.944999999998334 -0.630007024132665 -0.5051826759286 0.78526803695784 4.24144230647489e-16
0.94599999999833 -0.627337788149125 -0.503972463764793 0.78526803695784 2.82762820431659e-16
0.946999999998325 -0.624673682241632 -0.502761988237902 0.78526803695784 2.82762820431659e-16
0.94799999999832 -0.622015384554755 -0.50155132048563 0.78526803695784 2.82762820431659e-16
0.948999999998316 -0.619363579062812 -0.500340550176347 0.78526803695784 4.24144230647489e-16
0.949999999998311 -0.616718951051348 -0.499129789957934 0.78526803695784 5.65525640863319e-16
0.950999999998307 -0.614082200489593 -0.497919186243838 0.78526803695784 4.24144230647489e-16
0.951999999998302 -0.61145402554312 -0.496708911380221 0.78526803695784 5.65525640863319e-16
0.952999999998298 -0.608835122058112 -0.49549917042844 0.78526803695784 4.24144230647489e-16
0.953999999998293 -0.606226179812596 -0.494290203151062 0.78526803695784 2.82762820431659e-16
0.954999999998289 -0.603627885522844 -0.493082285507818 0.78526803695784 4.24144230647489e-16
0.955999999998284 -0.601040920091322 -0.491875733246886 0.78526803695784 4.24144230647489e-16
0.956999999998279 -0.598465948077939 -0.490670895401262 0.78526803695784 5.65525640863319e-16
0.957999999998275 -0.595903623674419 -0.4894681592843 0.78526803695784 5.65525640863319e-16
0.95899999999827 -0.593354594479562 -0.488267954837593 0.78526803695784 7.06907051079148e-16
0.959999999998266 -0.590819497456074 -0.487070750540695 0.78526803695784 5.65525640863319e-16
0.960999999998261 -0.588298963084632 -0.48587705742597 0.78526803695784 5.65525640863319e-16
0.961999999998257 -0.585793616792705 -0.484687429126179 0.78526803695784 5.65525640863319e-16
0.962999999998252 -0.583304076258468 -0.483502459238037 0.78526803695784 5.65525640863319e-16
0.963999999998248 -0.580830955009191 -0.482322781528623 0.78526803695784 5.65525640863319e-16
0.964999999998243 -0.578374862174643 -0.481149070120875 0.78526803695784 4.24144230647489e-16
0.965999999998238 -0.575936399589489 -0.479982034524461 0.78526803695784 4.24144230647489e-16
0.966999999998234 -0.573516165489115 -0.478822419270797 0.78526803695784 2.82762820431659e-16
0.967999999998229 -0.571114755752372 -0.477671002144378 0.78526803695784 4.24144230647489e-16
0.968999999998225 -0.568732762015626 -0.476528588489314 0.78526803695784 5.65525640863319e-16
0.96999999999822 -0.566370773511032 -0.475396009902811 0.78526803695784 5.65525640863319e-16
0.970999999998216 -0.564029377622042 -0.474274118701237 0.78526803695784 4.24144230647489e-16
0.971999999998211 -0.561709158373151 -0.473163784330437 0.78526803695784 4.24144230647489e-16
0.972999999998207 -0.559410696098537 -0.472065887295535 0.78526803695784 2.82762820431659e-16
0.973999999998202 -0.557134565505146 -0.470981314447384 0.78526803695784 4.24144230647489e-16
0.974999999998198 -0.554881333736578 -0.469910953426021 0.78526803695784 4.24144230647489e-16
0.975999999998193 -0.552651559688762 -0.468855687353642 0.78526803695784 4.24144230647489e-16
0.976999999998188 -0.550445791807523 -0.467816390103003 0.78526803695784 5.65525640863319e-16
0.977999999998184 -0.548264566293614 -0.466793919745523 0.78526803695784 5.65525640863319e-16
0.978999999998179 -0.546108407071149 -0.465789115177991 0.78526803695784 5.65525640863319e-16
0.979999999998175 -0.543977825131098 -0.464802791505443 0.78526803695784 5.65525640863319e-16
0.98099999999817 -0.541873317900007 -0.463835736005921 0.78526803695784 5.65525640863319e-16
0.981999999998166 -0.539795369691427 -0.462888703666744 0.78526803695784 5.65525640863319e-16
0.982999999998161 -0.537744452251872 -0.461962414752064 0.78526803695784 7.06907051079148e-16
0.983999999998157 -0.535721025568694 -0.461057550286831 0.78526803695784 7.06907051079148e-16
0.984999999998152 -0.533725538811638 -0.460174751155451 0.78526803695784 8.48288461294978e-16
0.985999999998147 -0.531758431272591 -0.459314613756012 0.78526803695784 8.48288461294978e-16
0.986999999998143 -0.52982013370071 -0.458477688871877 0.78526803695784 7.06907051079148e-16
0.987999999998138 -0.52791106956886 -0.457664479337419 0.78526803695784 5.65525640863319e-16
0.988999999998134 -0.526031655837045 -0.456875438201072 0.78526803695784 7.06907051079148e-16
0.989999999998129 -0.524182303726384 -0.456110966879876 0.78526803695784 7.06907051079148e-16
0.990999999998125 -0.522363419311688 -0.45537141464926 0.78526803695784 8.48288461294978e-16
0.99199999999812 -0.520575403560651 -0.454657076896732 0.78526803695784 8.48288461294978e-16
0.992999999998116 -0.518818651875229 -0.453968194521018 0.78526803695784 8.48288461294978e-16
0.993999999998111 -0.517093553210117 -0.453304951831951 0.78526803695784 5.65525640863319e-16
0.994999999998107 -0.515400488726284 -0.452667477737071 0.78526803695784 5.65525640863319e-16
0.995999999998102 -0.513739829916368 -0.452055844579364 0.78526803695784 2.82762820431659e-16
0.996999999998097 -0.512111936423858 -0.451470066742182 0.78526803695784 4.24144230647489e-16
0.997999999998093 -0.510517152007708 -0.450910102265144 0.78526803695784 4.24144230647489e-16
0.998999999998088 -0.508955802817354 -0.450375852035165 0.78526803695784 5.65525640863319e-16
0.999999999998084 -0.507428192685218 -0.449867160817078 0.78526803695784 4.24144230647489e-16
0.999999999998084 -0.507428192685218 -0.449867160817078 0.78526803695784 4.24144230647489e-16
