"Time, Y-Force, Work integrand, Mass, Mass error"
0.04 0.00112622699131408 4.07181451633488e-11 0.785268036957841 NaN
0.08 0.000484563946814694 7.66883896309351e-10 0.78526803695784 NaN
0.12 0.000305812434796532 3.00842406099468e-09 0.78526803695784 NaN
0.16 -0.00112387937906357 -2.78796435353886e-07 0.78526803695784 NaN
0.2 -0.00494329471041287 -3.52126606199089e-06 0.78526803695784 NaN
0.24 -0.0135656408605186 -2.33375718821299e-05 0.785268036957839 NaN
0.28 -0.0283731439355877 -9.65194849227562e-05 0.785268036957839 NaN
0.32 -0.04674442461899 -0.000260625356473439 0.785268036957839 NaN
0.36 -0.058970661619337 -0.000437786736873485 0.785268036957839 NaN
0.4 -0.0456021061408027 -0.000322476418227939 0.785268036957839 NaN
0.44 0.0213815267010331 8.45973357617392e-05 0.78526803695784 NaN
0.48 0.173576299607213 -0.00192192878314007 0.78526803695784 NaN
0.52 0.434163372575297 -0.0165930481404694 0.78526803695784 NaN
0.56 0.803327904791589 -0.0660054013277661 0.785268036957841 NaN
0.6 1.24009913470119 -0.178805433175999 0.78526803695784 NaN
0.64 1.64902750995139 -0.364428082427356 0.785268036957841 NaN
0.68 1.87521994944661 -0.568539658416376 0.785268036957841 NaN
0.72 1.73587619042104 -0.651809732426052 0.785268036957841 NaN
0.76 1.08398262910685 -0.456962401216411 0.785268036957842 NaN
0.8 -0.161738790094556 0.0354356761778168 0.785268036957841 NaN
0.84 -1.98796621148449 0.515777406411422 0.78526803695784 NaN
0.88 -4.16413714863146 0.306166586804956 0.78526803695784 NaN
0.92 -6.2401726619834 -1.19513373861774 0.78526803695784 NaN
0.96 -7.67890301026065 -3.85291337525623 0.78526803695784 NaN
1 -7.95622865408653 -6.52441319675057 0.78526803695784 NaN
1.04 -6.65716038060408 -7.47515330484362 0.78526803695784 NaN
1.08 -3.74513066853273 -5.43970485042859 0.785268036957841 NaN
1.12 0.134929894713338 -0.872967602941337 0.785268036957841 NaN
1.16 3.86649389175045 3.9838576333366 0.785268036957841 NaN
1.2 6.37350408835789 6.67415422186667 0.785268036957841 NaN
1.24 7.20452331377371 6.34167017113332 0.78526803695784 NaN
1.28 7.04068848526635 3.94901603521328 0.78526803695784 NaN
1.32 6.92358330006733 0.702384620176173 0.785268036957841 NaN
1.36 7.17508654931043 -2.71152875123799 0.785268036957841 NaN
1.4 7.87654450761013 -6.50594329066742 0.785268036957841 NaN
1.44 8.61034091612051 -10.9902267277698 0.78526803695784 NaN
1.48 7.43903341906225 -12.0665145119643 0.78526803695784 NaN
1.52 4.59628379191537 -8.68022806751502 0.78526803695784 NaN
1.56 1.04391709807578 -3.58212595568648 0.78526803695784 NaN
1.6 -2.62182346175339 2.40160425848886 0.78526803695784 NaN
1.64 -4.70396263922314 6.432822272913 0.785268036957841 NaN
1.68 -6.09348378694063 8.4046953594797 0.785268036957841 NaN
1.72 -7.01127707231535 8.80720293493362 0.785268036957841 NaN
1.76 -7.00174346021688 7.11694913268455 0.785268036957841 NaN
1.8 -7.30495013283469 3.61238353510555 0.785268036957841 NaN
1.84 -7.86439091511007 -0.492893373221315 0.785268036957841 NaN
1.88 -8.3583438460545 -4.14991565012528 0.785268036957841 NaN
1.92 -8.80869716181604 -9.5582413512718 0.785268036957841 NaN
1.96 -7.94287794050051 -12.5071568103426 0.785268036957841 NaN
2 -6.62681068596256 -11.6598679536569 0.78526803695784 NaN
2.04 -4.19336144024365 -8.62199501664677 0.78526803695784 NaN
2.08 -0.505645000395153 -3.57070115339579 0.78526803695784 NaN
2.12 2.56521510594613 3.30762417569434 0.78526803695784 NaN
2.16 5.46512923330417 8.53855253331374 0.78526803695784 NaN
2.2 7.41017884854454 10.4316276755481 0.78526803695784 NaN
2.24 6.63887111196738 9.46881912984644 0.78526803695784 NaN
2.28 6.54492292505091 7.41083883463423 0.78526803695784 NaN
2.32 6.41200669634195 3.23213797076074 0.78526803695784 NaN
2.36 6.69955023172503 -0.243612859440092 0.78526803695784 NaN
2.4 8.72281170988215 -4.44212190770018 0.78526803695784 NaN
2.44 11.456808896925 -12.8315055866076 0.78526803695784 NaN
2.48 10.7792505335214 -16.2751931885279 0.78526803695784 NaN
2.52 7.20672430871715 -12.4506541407042 0.78526803695784 NaN
2.56 2.7078949500816 -6.55868590331588 0.785268036957839 NaN
2.6 -3.57641095202083 4.21722564702223 0.785268036957839 NaN
2.64 -4.90523768847267 8.27856902482348 0.785268036957839 NaN
2.68 -4.79589032011925 6.91278758017664 0.78526803695784 NaN
2.72 -4.5924079385319 6.20966981863398 0.78526803695784 NaN
2.76 -3.83575465752726 7.26146542055317 0.78526803695784 NaN
2.8 -4.77802926111225 5.90895783652007 0.78526803695784 NaN
2.84 -8.10184516980126 3.85771669126672 0.78526803695784 NaN
2.88 -8.9640808540231 -0.00919036542691599 0.78526803695784 NaN
2.92 -11.3085368826778 -5.65036688473865 0.78526803695784 NaN
2.96 -10.4894512742227 -11.8187717687193 0.78526803695784 NaN
3 -7.65378294892638 -11.773906212304 0.78526803695784 NaN
3.04 -6.91817657518246 -11.8610336576524 0.78526803695784 NaN
3.08 -2.92864799170775 -6.12767133683315 0.78526803695784 NaN
3.12 1.12962251515673 0.973881414839187 0.78526803695784 NaN
3.16 2.64882077221964 4.3747688933173 0.78526803695784 NaN
3.2 5.12954833375286 7.94237723984052 0.78526803695784 NaN
3.24 5.29230874374104 7.86401426130732 0.78526803695784 NaN
3.28 5.03759261358155 7.47228731217429 0.78526803695784 NaN
3.32 6.28901878831228 6.65184467412609 0.78526803695784 NaN
3.36 6.66550885096149 3.74980394881025 0.785268036957839 NaN
3.4 7.58357321041912 0.319465606260923 0.78526803695784 NaN
3.44 9.30298832092745 -4.4714347086079 0.785268036957839 NaN
3.48 12.1261583829437 -11.9271956286458 0.785268036957839 NaN
3.52 11.0587918654001 -15.2414761322333 0.785268036957839 NaN
3.56 7.76466671687761 -12.7749518052995 0.785268036957839 NaN
3.6 3.53283947062016 -7.22869922680374 0.785268036957839 NaN
3.64 -3.71755934416407 4.58797461193083 0.785268036957839 NaN
3.68 -5.35583424418519 8.34325047709838 0.785268036957839 NaN
3.72 -5.21496440463228 7.36384105975204 0.785268036957839 NaN
3.76 -4.85508390217847 5.94953769864854 0.785268036957839 NaN
3.8 -2.63255255544497 5.13957556507738 0.785268036957838 NaN
3.84 -3.99621180482468 5.56684279296339 0.785268036957838 NaN
3.88 -6.0558380864921 3.85086466157043 0.785268036957838 NaN
3.92 -8.00658947810645 0.703372114451457 0.785268036957837 NaN
3.96 -11.9718383283666 -4.84383050569097 0.785268036957837 NaN
4 -12.578830274729 -11.4123220284829 0.785268036957837 NaN
4.04 -10.3096831791761 -13.8079299862655 0.785268036957837 NaN
4.08 -7.39293114603176 -12.2480769822532 0.785268036957837 NaN
4.12 -2.85222118741778 -5.94680049779527 0.785268036957838 NaN
4.16 2.71843910464865 2.75400745631377 0.785268036957838 NaN
4.2 4.48634851895529 6.64931060313395 0.785268036957838 NaN
4.24 4.7338808827525 7.03013173646179 0.785268036957838 NaN
4.28 4.12683887898812 5.55899123932468 0.785268036957838 NaN
4.32 2.46985786052186 4.76692592267873 0.785268036957838 NaN
4.36 4.67669746771545 6.02236090088012 0.785268036957838 NaN
4.4 6.09466323683152 4.40263111712896 0.785268036957838 NaN
4.44 7.94859152542231 1.02217509308621 0.785268036957838 NaN
4.48 11.4064312844364 -3.93337247917633 0.785268036957839 NaN
4.52 13.7909008132686 -12.116636479536 0.785268036957839 NaN
4.56 11.8347146802192 -16.209875227995 0.785268036957839 NaN
4.6 8.29104174823127 -12.9264482592177 0.785268036957839 NaN
4.64 2.19631909667755 -5.14207879695268 0.785268036957838 NaN
4.68 -5.20351421112303 6.74391144242079 0.785268036957838 NaN
4.72 -6.16335987251157 10.1169334227777 0.785268036957839 NaN
4.76 -4.50212007041106 6.05113712234511 0.78526803695784 NaN
4.8 -2.91332927902415 2.66558739222936 0.78526803695784 NaN
4.84 -0.461717877662048 2.62178721771828 0.785268036957839 NaN
4.88 -2.97425097651642 5.1235355571735 0.78526803695784 NaN
4.92 -5.54080542108425 3.7799366984287 0.78526803695784 NaN
4.96 -9.51619883576818 1.63631101385992 0.78526803695784 NaN
5 -15.3040699045456 -4.66960051610958 0.78526803695784 NaN
5.04 -12.3096079714935 -10.5621099936746 0.78526803695784 NaN
5.08 -11.2239003344284 -13.7655309401258 0.78526803695784 NaN
5.12 -6.28996269716699 -10.4545327794876 0.785268036957839 NaN
5.16 -0.97187788065559 -3.30403031223453 0.785268036957839 NaN
5.2 2.76879472826623 3.63706851965078 0.785268036957839 NaN
5.24 4.56003458679866 6.67620028427039 0.785268036957838 NaN
5.28 3.20811148863059 4.20160159432302 0.785268036957838 NaN
5.32 1.67909754565787 2.05900990322323 0.785268036957838 NaN
5.36 2.33044226402385 4.23634528402147 0.785268036957838 NaN
5.4 3.96574827506969 5.25431049621481 0.785268036957839 NaN
5.44 6.78208552715276 5.35694936989401 0.785268036957838 NaN
5.48 9.13138319031502 2.00436326309889 0.785268036957838 NaN
5.52 12.0577417765352 -3.21556815228304 0.785268036957838 NaN
5.56 13.8199107094594 -10.7416158807954 0.785268036957838 NaN
5.6 12.1138563080795 -15.3131160493146 0.785268036957839 NaN
5.64 8.32334781278541 -12.2216867401627 0.785268036957839 NaN
5.68 0.550522171396565 -3.39960737145064 0.785268036957838 NaN
5.72 -5.16829284673655 6.44679502421605 0.785268036957838 NaN
5.76 -6.08783803094408 9.96668571327125 0.785268036957839 NaN
5.8 -3.60493131321645 3.73982183907702 0.785268036957839 NaN
5.84 -0.278129893692514 -0.647640558982357 0.785268036957839 NaN
5.88 0.242062205189326 1.70381949942035 0.785268036957839 NaN
5.92 -2.09775137180811 4.28941888862787 0.785268036957839 NaN
5.96 -5.42789415640203 4.14725757159018 0.78526803695784 NaN
6 -11.4923876820193 2.97714523801026 0.785268036957839 NaN
6.04 -16.4130154780731 -3.60238099420857 0.785268036957839 NaN
6.08 -13.7348015567587 -9.84411158499084 0.785268036957839 NaN
6.12 -10.4623213650666 -12.4986416776443 0.78526803695784 NaN
6.16 -4.99649621143777 -8.49429454505409 0.78526803695784 NaN
6.2 0.545000748332778 -1.20294047238625 0.78526803695784 NaN
6.24 4.19123899924559 5.78061071532041 0.78526803695784 NaN
6.28 3.34940995013476 4.4650150283389 0.785268036957839 NaN
6.32 1.31834844031328 0.895437915929079 0.78526803695784 NaN
6.36 -1.15606127577256 -1.96461250244243 0.78526803695784 NaN
6.4 0.47398007333871 1.43110286669889 0.78526803695784 NaN
6.44 4.54522024398438 6.22858118138499 0.78526803695784 NaN
6.48 8.22717557742391 6.97335604189875 0.785268036957841 NaN
6.52 11.4885817744985 3.51239182483693 0.785268036957841 NaN
6.56 13.1587764474596 -2.33793072892645 0.785268036957841 NaN
6.6 13.5980041753416 -9.38006277258466 0.785268036957842 NaN
6.64 11.5328936340302 -13.3423230270794 0.785268036957842 NaN
6.68 6.29213715652853 -9.46055854371701 0.785268036957841 NaN
6.72 -0.689740878080444 -1.96224461482341 0.785268036957842 NaN
6.76 -5.13251511682243 6.0387109166018 0.785268036957843 NaN
6.8 -4.11760096397003 6.29146934893426 0.785268036957843 NaN
6.84 -0.672620161785175 -1.29167690156739 0.785268036957843 NaN
6.88 1.71203227250609 -3.0374105797516 0.785268036957843 NaN
6.92 0.952218797352119 1.11697206994216 0.785268036957843 NaN
6.96 -3.021697680129 4.52373792550616 0.785268036957843 NaN
7 -7.67138858840105 6.10401076269247 0.785268036957842 NaN
7.04 -13.515828559515 4.67170210966484 0.785268036957843 NaN
7.08 -17.4446253940637 -2.3496531865244 0.785268036957843 NaN
7.12 -12.9522017982892 -8.25964473789654 0.785268036957842 NaN
7.16 -8.60421155092352 -9.56132588738202 0.785268036957842 NaN
7.2 -3.42422551881942 -6.29921956985419 0.785268036957842 NaN
7.24 1.80330900397481 0.519227107451541 0.785268036957842 NaN
7.28 2.77813822003289 3.2801911187549 0.785268036957843 NaN
7.32 0.998229788377026 0.26926285238432 0.785268036957843 NaN
7.36 -1.30684266679323 -3.74093948511678 0.785268036957843 NaN
7.4 -3.3632355303275 -5.43200795677041 0.785268036957844 NaN
7.44 1.04486014826399 1.98107241057349 0.785268036957844 NaN
7.48 6.27452439152324 8.44874636485275 0.785268036957844 NaN
7.52 10.2970342840898 9.35583072044536 0.785268036957843 NaN
7.56 12.7655972311113 4.94239200328774 0.785268036957843 NaN
7.6 12.1891172922462 -1.11763346292906 0.785268036957844 NaN
7.64 12.8110001761563 -7.62680427591596 0.785268036957843 NaN
7.68 9.21285129825567 -10.2735004415194 0.785268036957843 NaN
7.72 4.44363696541247 -7.79669547516471 0.785268036957844 NaN
7.76 0.146382679252858 -3.33930381228004 0.785268036957844 NaN
7.8 -4.18866538530485 5.4088187078254 0.785268036957843 NaN
7.84 -0.824898857566253 0.610282494564875 0.785268036957843 NaN
7.88 1.39584371131895 -4.19713944602073 0.785268036957843 NaN
7.92 1.49230318463729 -2.17629710909073 0.785268036957843 NaN
7.96 0.730665667310025 0.178899489139653 0.785268036957843 NaN
8 -5.11835492264395 6.24611680872063 0.785268036957843 NaN
8.04 -9.46030225239604 8.34241036453961 0.785268036957843 NaN
8.08 -13.7456483834101 6.03282515730929 0.785268036957842 NaN
8.12 -17.5614011889134 -0.872598421092867 0.785268036957843 NaN
8.16 -10.5756139578048 -5.84073973046823 0.785268036957842 NaN
8.2 -6.67825118454547 -7.31321703096213 0.785268036957842 NaN
8.24 -1.8938719679558 -4.27654125065127 0.785268036957842 NaN
8.28 1.21440926379638 -0.610458266299197 0.785268036957842 NaN
8.32 -0.130860828791134 -1.5676416945674 0.785268036957841 NaN
8.36 -1.7109264256227 -4.44861484866505 0.785268036957842 NaN
8.4 -4.0751121173263 -8.54445201772868 0.785268036957842 NaN
8.44 -2.74732941078049 -4.7704050864648 0.785268036957842 NaN
8.48 3.27395644603601 5.01895118020489 0.785268036957842 NaN
8.52 8.57540433352676 11.6090236368174 0.785268036957842 NaN
8.56 12.3292537677731 11.8287655472199 0.785268036957841 NaN
8.6 11.8232387491648 5.57828624153569 0.785268036957842 NaN
8.64 10.3383857711457 -0.0741934744801764 0.785268036957841 NaN
8.68 10.0967707108582 -5.28392029123681 0.785268036957842 NaN
8.72 7.26849759859566 -8.22438184193633 0.785268036957842 NaN
8.76 4.88743523007175 -8.3348590813468 0.785268036957841 NaN
8.8 2.31693069209572 -5.23421642847796 0.785268036957841 NaN
8.84 -0.13332353230011 -0.276061823164721 0.785268036957841 NaN
8.88 1.63778692209299 -3.92461264284089 0.785268036957842 NaN
8.92 1.29682050876843 -3.38809597022341 0.785268036957841 NaN
8.96 0.0904537491937502 -0.50359557940318 0.785268036957841 NaN
9 -1.90296225213854 2.03244108419581 0.785268036957841 NaN
9.04 -6.69318275486443 8.73986837053111 0.785268036957841 NaN
9.08 -9.38397261816789 9.42818736800239 0.785268036957842 NaN
9.12 -13.0764990088414 6.90914569952684 0.785268036957841 NaN
9.16 -13.5978046731738 0.489648554578093 0.785268036957841 NaN
9.2 -9.06541135293076 -4.23469482343625 0.785268036957841 NaN
9.24 -6.25280512459715 -6.51375901264619 0.785268036957841 NaN
9.28 -2.13257315883937 -4.73133536844784 0.785268036957841 NaN
9.32 -2.00771758380603 -5.08093310571308 0.785268036957841 NaN
9.36 -2.66005588485658 -5.57861108723317 0.78526803695784 NaN
9.4 -3.63761512465324 -7.74188612572041 0.78526803695784 NaN
9.44 -4.41247684202346 -9.14077825718237 0.78526803695784 NaN
9.48 -0.0340755037574074 -0.509576428666931 0.78526803695784 NaN
9.52 5.44641982719563 8.27882458140813 0.785268036957841 NaN
9.56 10.0200833663664 13.5752146905442 0.785268036957841 NaN
9.6 11.3105733765875 11.6665353218442 0.78526803695784 NaN
9.64 9.82169836354948 5.61144303166979 0.78526803695784 NaN
9.68 8.10397515720779 0.638933828293819 0.78526803695784 NaN
9.72 7.4119384592782 -3.4000407060133 0.78526803695784 NaN
9.76 7.38339960755549 -7.62265915325726 0.785268036957841 NaN
9.8 6.86810074103627 -9.91764550211847 0.785268036957842 NaN
9.84 5.28931293424151 -8.49373575524152 0.785268036957842 NaN
9.88 3.8620411245965 -7.46136563441685 0.785268036957842 NaN
9.92 1.72301406433165 -4.61542154929269 0.785268036957842 NaN
9.96 -0.380784417573169 -0.253826374043536 0.785268036957842 NaN
10 -2.01124373522243 1.94511686732101 0.785268036957842 NaN
10.04 -4.39645743529714 5.80379362224897 0.785268036957842 NaN
10.08 -6.22889708434852 9.00680520507077 0.785268036957842 NaN
10.12 -7.83151922779555 8.77258253962965 0.785268036957842 NaN
10.16 -10.8152177907234 6.61324366003689 0.785268036957842 NaN
10.2 -10.5447395889615 1.32282859655685 0.785268036957841 NaN
10.24 -8.71870467153494 -3.34702364233518 0.785268036957842 NaN
10.28 -7.29660715226402 -6.774531976891 0.785268036957842 NaN
10.32 -4.81418612004973 -7.8770179570621 0.785268036957842 NaN
10.36 -4.75084582131838 -8.66374569793106 0.785268036957842 NaN
10.4 -4.36683881332643 -7.81855291678282 0.785268036957842 NaN
10.44 -3.73537084190379 -7.88596353519964 0.785268036957842 NaN
10.48 -2.05603439076454 -4.8427115138436 0.785268036957842 NaN
10.52 2.23300957515026 3.36839844504177 0.785268036957842 NaN
10.56 6.30003013609674 9.22187695654343 0.785268036957842 NaN
10.6 8.88667690843807 12.0614404173559 0.785268036957842 NaN
10.64 9.02793863164406 10.2118251787095 0.785268036957842 NaN
10.68 7.68742030247164 5.32785494501286 0.785268036957842 NaN
10.72 6.34862725881872 1.08109741948515 0.785268036957842 NaN
10.76 7.22687498999996 -2.52603169722058 0.785268036957842 NaN
10.8 8.84513820745733 -7.79898465360315 0.785268036957842 NaN
10.84 9.85478240915721 -12.6031506709075 0.785268036957842 NaN
10.88 8.16452011405553 -12.7708185974061 0.785268036957842 NaN
10.92 4.74425055283413 -9.32401740547277 0.785268036957842 NaN
10.96 -0.190955881650177 -1.18864132091364 0.785268036957843 NaN
11 -3.01883496147725 4.40488505139878 0.785268036957842 NaN
11.04 -3.68319238423871 4.87348122883112 0.785268036957842 NaN
11.08 -4.24710024029956 6.07584069693745 0.785268036957842 NaN
11.12 -3.81701364296206 6.04813182145033 0.785268036957842 NaN
11.16 -5.42961792523564 6.5725130049461 0.785268036957842 NaN
11.2 -8.16920434956619 5.90803295294736 0.785268036957842 NaN
11.24 -9.89753926664073 2.15481853464632 0.785268036957843 NaN
11.28 -11.4672206374964 -3.21497318480347 0.785268036957843 NaN
11.32 -9.23276943454003 -7.58589247169367 0.785268036957843 NaN
11.36 -7.06481994979175 -9.70391229498555 0.785268036957843 NaN
11.4 -5.28164161519974 -8.47555414138631 0.785268036957843 NaN
11.44 -3.45673285545501 -6.30733456065923 0.785268036957842 NaN
11.48 -1.92018683443996 -5.09659087493231 0.785268036957843 NaN
11.52 -0.00527352422477181 -1.27503205981543 0.785268036957843 NaN
11.56 2.0810372217859 2.4937580147427 0.785268036957842 NaN
11.6 4.29573468963744 5.62028065791281 0.785268036957843 NaN
11.64 6.57238961440273 9.4382700923364 0.785268036957843 NaN
11.68 7.38109633642207 9.24178053629935 0.785268036957843 NaN
11.72 7.22387388793861 5.76141201155621 0.785268036957843 NaN
11.76 7.25694963225818 1.86206323182998 0.785268036957843 NaN
11.8 8.40214043829084 -2.00349047811987 0.785268036957843 NaN
11.84 10.7003223570355 -8.25422132772531 0.785268036957844 NaN
11.88 11.4481002226405 -14.0786078538343 0.785268036957844 NaN
11.92 8.28427823356383 -12.6460730988941 0.785268036957843 NaN
11.96 3.3970208148322 -6.55886124109286 0.785268036957844 NaN
12 -2.58116829816605 3.10307906310369 0.785268036957844 NaN
12.04 -3.62365417961772 5.53612771409749 0.785268036957844 NaN
12.08 -2.87819014764102 3.65202251429592 0.785268036957844 NaN
12.12 -2.00571338080932 2.11413044746146 0.785268036957844 NaN
12.16 -0.995152963358537 1.75168269526479 0.785268036957844 NaN
12.2 -4.16829785674458 5.60183612900162 0.785268036957843 NaN
12.24 -7.87748843464103 6.47075200158169 0.785268036957844 NaN
12.28 -12.5741237919663 3.73004480124763 0.785268036957844 NaN
12.32 -13.8379346156799 -2.60965974906388 0.785268036957843 NaN
12.36 -10.782876035482 -7.43594323921959 0.785268036957843 NaN
12.4 -7.05367978882045 -8.68699823386185 0.785268036957843 NaN
12.44 -3.40963335763429 -6.12645375581072 0.785268036957843 NaN
12.48 -1.58263508993803 -4.25423315753749 0.785268036957843 NaN
12.52 -0.682513270583652 -2.6618083008286 0.785268036957842 NaN
12.56 -1.00537132039157 -3.25178062022187 0.785268036957843 NaN
12.6 -0.725826427713313 -2.62595160129616 0.785268036957843 NaN
12.64 1.63380750122627 2.19173485502671 0.785268036957843 NaN
12.68 5.48795561946575 8.07755039597576 0.785268036957843 NaN
12.72 8.32493764678646 10.4735618956454 0.785268036957843 NaN
12.76 9.01625479370125 7.75896867816322 0.785268036957843 NaN
12.8 9.0068307833225 3.04103730368046 0.785268036957843 NaN
12.84 9.15953373582297 -1.32622461366459 0.785268036957843 NaN
12.88 10.3758820347327 -7.17723749647775 0.785268036957843 NaN
12.92 9.87009133722533 -11.5763721597378 0.785268036957843 NaN
12.96 6.99197238451868 -10.1246570691078 0.785268036957843 NaN
13 2.43193866302023 -5.03064541710342 0.785268036957843 NaN
13.04 -1.43444608083629 0.752698595245935 0.785268036957843 NaN
13.08 -1.68432426513956 2.04867204801093 0.785268036957842 NaN
13.12 -0.766169244271417 -0.377136865185167 0.785268036957842 NaN
13.16 -0.448223240136465 -0.553670282215041 0.785268036957843 NaN
13.2 -1.37748498631651 2.45041324339013 0.785268036957843 NaN
13.24 -4.90815776646567 6.6044090124323 0.785268036957843 NaN
13.28 -9.39552287458693 8.25305035645608 0.785268036957842 NaN
13.32 -13.9366445888118 5.26369611838258 0.785268036957843 NaN
13.36 -13.7176525660005 -1.37253785603621 0.785268036957843 NaN
13.4 -9.64011381957727 -5.84809964924675 0.785268036957843 NaN
13.44 -5.03099846964342 -6.6397253334904 0.785268036957843 NaN
13.48 -2.030417803375 -4.5330474796639 0.785268036957844 NaN
13.52 -1.70814826827946 -3.53736371610787 0.785268036957844 NaN
13.56 -2.84505399309261 -5.9536430275081 0.785268036957844 NaN
13.6 -4.0048021504861 -8.80494695160887 0.785268036957843 NaN
13.64 -2.69709916063541 -5.72743594247928 0.785268036957843 NaN
13.68 1.42722585883222 1.36331089710391 0.785268036957844 NaN
13.72 7.34054573655622 10.3445407984681 0.785268036957844 NaN
13.76 10.3825512980463 13.5960737726704 0.785268036957844 NaN
13.8 10.0129017687685 9.46776465606567 0.785268036957844 NaN
13.84 8.20302615050046 3.38393836094341 0.785268036957844 NaN
13.88 7.10531885778612 -0.420149330167716 0.785268036957844 NaN
13.92 8.04968061086887 -4.95207945698318 0.785268036957843 NaN
13.96 8.92917258773724 -9.97867805900506 0.785268036957844 NaN
14 7.79991614729967 -11.0447661650741 0.785268036957844 NaN
14.04 5.23736776709379 -8.92218584274517 0.785268036957844 NaN
14.08 1.47262068483711 -3.65758665575706 0.785268036957844 NaN
14.12 -0.568622941017595 -0.0461299425975672 0.785268036957844 NaN
14.16 -1.4079851439539 1.03460387038795 0.785268036957844 NaN
14.2 -2.64643218882455 3.08271680942668 0.785268036957844 NaN
14.24 -2.97680552319884 3.97310514560671 0.785268036957843 NaN
14.28 -5.34564358639224 7.19490173761599 0.785268036957844 NaN
14.32 -8.50873719211842 8.52886579766708 0.785268036957844 NaN
14.36 -11.9271201155569 5.65480197409761 0.785268036957844 NaN
14.4 -11.9132630191729 -0.149629189297666 0.785268036957845 NaN
14.44 -8.96502113931159 -4.68892427660432 0.785268036957844 NaN
14.48 -5.48566816399508 -6.60855576150838 0.785268036957845 NaN
14.52 -3.36886682968851 -5.81058723355021 0.785268036957845 NaN
14.56 -4.11759993239759 -7.24800212118672 0.785268036957845 NaN
14.6 -4.4711651434755 -8.97375830842834 0.785268036957845 NaN
14.64 -4.40270857007289 -9.5204709401678 0.785268036957844 NaN
14.68 -1.52002178278744 -3.88345517546195 0.785268036957844 NaN
14.72 3.31052517753113 4.5145057998606 0.785268036957844 NaN
14.76 8.38898600016161 12.2777820360206 0.785268036957844 NaN
14.8 9.89657656681504 13.3918187942048 0.785268036957844 NaN
14.84 8.24583756151098 8.50921187683374 0.785268036957843 NaN
14.88 6.43286422795316 3.33418886018291 0.785268036957843 NaN
14.92 5.1956803175667 0.180714816307996 0.785268036957844 NaN
14.96 7.93655635929862 -4.10442370461108 0.785268036957844 NaN
15 10.5346385373221 -10.7296517253155 0.785268036957844 NaN
15.04 10.9970105472709 -14.1303339834484 0.785268036957843 NaN
15.08 7.26443105990446 -11.382931710219 0.785268036957843 NaN
15.12 1.87623678287677 -4.63445257498981 0.785268036957843 NaN
15.16 -2.81677244758809 3.85341136394342 0.785268036957843 NaN
15.2 -3.66811680483919 4.98467277460615 0.785268036957843 NaN
15.24 -3.25698047726455 3.48102611358845 0.785268036957844 NaN
15.28 -2.08552083949344 2.54040086529461 0.785268036957843 NaN
15.32 -2.70501890645594 4.45144422605029 0.785268036957843 NaN
15.36 -6.52101217540464 7.36803676916818 0.785268036957843 NaN
15.4 -10.2737975556744 5.84639282052787 0.785268036957843 NaN
15.44 -13.1664936313461 0.972815016680444 0.785268036957844 NaN
15.48 -11.3140664788949 -4.67500344488968 0.785268036957844 NaN
15.52 -6.78609810832237 -7.25053143471429 0.785268036957843 NaN
15.56 -4.52316623083012 -7.02038098613861 0.785268036957844 NaN
15.6 -3.70525397884036 -6.30372385764065 0.785268036957844 NaN
15.64 -3.56506022032663 -7.10855230873049 0.785268036957844 NaN
15.68 -3.2464350177504 -7.51348213877401 0.785268036957843 NaN
15.72 -1.2132841915992 -3.4477490072274 0.785268036957843 NaN
15.76 2.10071423768821 2.25578275404282 0.785268036957843 NaN
15.8 6.82581094487137 9.42442867379819 0.785268036957843 NaN
15.84 8.53419803696595 12.1237764108367 0.785268036957842 NaN
15.88 7.99878764493123 9.08410312312605 0.785268036957842 NaN
15.92 6.89993518186524 4.13278969295247 0.785268036957842 NaN
15.96 6.11411480536433 0.76516804594775 0.785268036957842 NaN
16 8.79098900800159 -3.55655986997614 0.785268036957843 NaN
16.04 11.6932474885079 -10.8499716624653 0.785268036957842 NaN
16.08 11.2937694226358 -13.7169825358599 0.785268036957842 NaN
16.12 6.43818497604863 -10.0688624200257 0.785268036957842 NaN
16.16 0.867551482763069 -2.8171424290276 0.785268036957842 NaN
16.2 -3.85938505835432 5.65339318403124 0.785268036957842 NaN
16.24 -2.42344278210105 2.46526218944197 0.785268036957842 NaN
16.28 -1.65706326951925 0.900012197360168 0.785268036957842 NaN
16.32 0.266782626561107 -1.262668134234 0.785268036957842 NaN
16.36 -1.91007730872767 3.25994078453702 0.785268036957841 NaN
16.4 -6.56018994397161 8.00217030803835 0.785268036957842 NaN
16.44 -11.477990251416 7.45401748037994 0.785268036957841 NaN
16.48 -15.8709165679325 2.45604614671021 0.785268036957841 NaN
16.52 -11.285294792984 -3.69609765392022 0.785268036957841 NaN
16.56 -6.34386831608787 -6.1410541257974 0.785268036957841 NaN
16.6 -2.59871833145021 -4.47522618706756 0.785268036957841 NaN
16.64 -2.60617768034574 -5.08019618645516 0.785268036957841 NaN
16.68 -3.65970981723015 -7.34298463462789 0.785268036957841 NaN
16.72 -5.04145658051934 -10.418234556544 0.785268036957841 NaN
16.76 -3.4793376996092 -7.65288451873077 0.785268036957841 NaN
16.8 0.332596759708014 -0.558094287243452 0.785268036957841 NaN
16.84 6.70752075867444 9.66406047728726 0.785268036957841 NaN
16.88 9.63181065519824 14.0045558264256 0.785268036957841 NaN
16.92 9.16895789724365 10.7845352539238 0.785268036957841 NaN
16.96 7.52432448872591 5.03300311528986 0.785268036957842 NaN
17 5.3768478600068 1.19899698861954 0.785268036957841 NaN
17.04 8.27388045745843 -2.61972070902917 0.785268036957841 NaN
17.08 10.4201094576978 -8.75062449519616 0.785268036957841 NaN
17.12 10.8486135428415 -12.2047720451092 0.785268036957841 NaN
17.16 6.66349410727603 -10.1325089239342 0.785268036957842 NaN
17.2 2.20148084896042 -5.34148404731428 0.785268036957842 NaN
17.24 -2.57184209467094 3.07385385406967 0.785268036957842 NaN
17.28 -1.20961762875443 0.190352941450317 0.785268036957842 NaN
17.32 -1.50069853510599 0.549959877842127 0.785268036957843 NaN
17.36 -0.537355396855292 0.227377876498134 0.785268036957843 NaN
17.4 -2.61714512333561 4.46460168889076 0.785268036957843 NaN
17.44 -7.10563911918555 9.04313434375284 0.785268036957843 NaN
17.48 -12.0624425056939 8.63947129148193 0.785268036957844 NaN
17.52 -15.1665662277106 3.59799241079009 0.785268036957844 NaN
17.56 -9.52526629603239 -2.36251998536144 0.785268036957844 NaN
17.6 -4.84931461602988 -4.55340116945418 0.785268036957844 NaN
17.64 -2.42437533523583 -4.0455928698344 0.785268036957844 NaN
17.68 -4.13543794817155 -6.81231563388124 0.785268036957844 NaN
17.72 -6.20549444639827 -11.6389980452593 0.785268036957844 NaN
17.76 -7.22082939895735 -14.4965687652627 0.785268036957844 NaN
17.8 -3.46864601176079 -7.69115414363825 0.785268036957844 NaN
17.84 1.77617181734606 1.69532962898721 0.785268036957844 NaN
17.88 9.90216106948197 14.6954787503298 0.785268036957844 NaN
17.92 9.67416122058332 14.6394100286602 0.785268036957843 NaN
17.96 8.45048364261083 10.5370890620263 0.785268036957843 NaN
18 4.53413870716486 3.44253472301421 0.785268036957843 NaN
18.04 3.83031236653328 1.35200201251219 0.785268036957842 NaN
18.08 7.65800792304425 -1.6543552527473 0.785268036957842 NaN
18.12 12.0847999143812 -8.57419070465845 0.785268036957842 NaN
18.16 12.9032506778482 -13.8895205602469 0.785268036957842 NaN
18.2 8.60367599723819 -12.613460407148 0.785268036957842 NaN
18.24 3.27104889354605 -7.29297103293132 0.785268036957842 NaN
18.28 -3.62303433768299 4.34570632553608 0.785268036957843 NaN
18.32 -2.47207358831916 2.72563448012078 0.785268036957843 NaN
18.36 -2.49589244952031 2.42288783899416 0.785268036957842 NaN
18.4 1.8788382096334 -4.42596198713922 0.785268036957842 NaN
18.44 -1.5807917409429 3.37339086707915 0.785268036957842 NaN
18.48 -5.73734008175759 7.88511237060064 0.785268036957842 NaN
18.52 -11.6055384952435 8.98777150379477 0.785268036957842 NaN
18.56 -14.3296287042604 4.67059233104254 0.785268036957842 NaN
18.6 -10.1350019799282 -1.56971003268299 0.785268036957842 NaN
18.64 -4.65911872851053 -3.97405956120169 0.785268036957842 NaN
18.68 -4.32204857874396 -5.48879065953176 0.785268036957842 NaN
18.72 -5.12133587621331 -8.50515048911635 0.785268036957842 NaN
18.76 -7.02832279006486 -12.7181530151144 0.785268036957842 NaN
18.8 -6.43899672070343 -12.9541054983072 0.785268036957842 NaN
18.84 -2.26216291778289 -5.65718899444463 0.785268036957842 NaN
18.88 2.34407277511745 2.92344768241904 0.785268036957842 NaN
18.92 9.17799224223164 13.7570953773066 0.785268036957842 NaN
18.96 7.93465244176694 12.338348213261 0.785268036957842 NaN
19 7.29430405571147 9.72953429743944 0.785268036957842 NaN
19.04 1.39630921905604 1.64395902906614 0.785268036957842 NaN
19.08 5.65962792694258 2.29529863641721 0.785268036957841 NaN
19.12 8.46974635542873 -0.948241166585799 0.785268036957841 NaN
19.16 16.7425240877318 -9.85353337246812 0.785268036957841 NaN
19.2 12.0581964287113 -12.5433192383208 0.785268036957841 NaN
19.24 7.72673768476583 -11.6822869925268 0.78526803695784 NaN
19.28 0.380735140278686 -2.34771746912369 0.78526803695784 NaN
19.32 -2.54681394158517 2.7396527424701 0.785268036957839 NaN
19.36 -1.15981947704558 0.505339820095968 0.785268036957839 NaN
19.4 -0.730342052678308 -0.219823706692255 0.78526803695784 NaN
19.44 4.37838434570607 -8.39233640527219 0.785268036957841 NaN
19.48 -2.08134983834699 3.50778521467685 0.78526803695784 NaN
19.52 -6.30596381013243 8.47204962546911 0.78526803695784 NaN
19.56 -16.1602407605547 12.8878551454476 0.78526803695784 NaN
19.6 -13.3356963172285 5.68900796445557 0.785268036957841 NaN
19.64 -9.4067375492865 -0.600179341403744 0.785268036957841 NaN
19.68 -2.31047449441509 -1.85147690939592 0.785268036957841 NaN
19.72 -4.21094840715697 -5.54498351361147 0.785268036957841 NaN
19.76 -5.3217369070959 -9.44815781560698 0.785268036957841 NaN
19.8 -10.7623823540248 -16.5863806425497 0.785268036957841 NaN
19.84 -6.05338610593904 -11.5455065147057 0.785268036957841 NaN
19.88 -2.96308907680652 -6.73861011702336 0.785268036957841 NaN
19.92 2.48318517465492 4.21467280187293 0.78526803695784 NaN
19.96 7.58821756434871 11.9638800261373 0.785268036957841 NaN
20 7.50242208007023 11.3658789320742 0.785268036957841 NaN
20.04 7.05248616623482 9.76996132290779 0.785268036957841 NaN
20.08 1.65623953996543 1.93968575042637 0.785268036957842 NaN
20.12 6.00610254543452 2.92166093122174 0.785268036957842 NaN
20.16 8.88171577242606 -0.165714175812016 0.785268036957842 NaN
20.2 15.5110106356518 -7.79166543092227 0.785268036957843 NaN
20.24 11.1687782488132 -11.391072300612 0.785268036957843 NaN
20.28 7.63459780481665 -11.1892466110507 0.785268036957843 NaN
20.32 -2.0723389516374 2.93468324745694 0.785268036957843 NaN
20.36 -0.107985519780471 -0.959128765142373 0.785268036957843 NaN
20.4 -0.786699037296456 -0.161951952120542 0.785268036957844 NaN
20.44 0.757130344365772 -2.68276375374957 0.785268036957844 NaN
20.48 1.56711684830197 -4.34313934926163 0.785268036957843 NaN
20.52 -2.77076360772661 3.46920405759641 0.785268036957843 NaN
20.56 -6.50037400731632 8.97380743307549 0.785268036957843 NaN
20.6 -14.4588475206659 13.3672091078431 0.785268036957843 NaN
20.64 -11.386696451976 6.00539645458538 0.785268036957843 NaN
20.68 -8.63954727712849 0.226489889943704 0.785268036957843 NaN
20.72 -3.86627371372633 -2.34477320255647 0.785268036957843 NaN
20.76 -5.33581883393499 -6.92037380655766 0.785268036957843 NaN
20.8 -7.06630228984658 -11.0445478128767 0.785268036957843 NaN
20.84 -10.853878422769 -15.1903114107305 0.785268036957844 NaN
20.88 -5.19216421471591 -9.69094390737452 0.785268036957844 NaN
20.92 -2.17684356529554 -5.54853929200165 0.785268036957844 NaN
20.96 6.64678241160604 10.6646824648753 0.785268036957844 NaN
21 5.98891613635135 8.58879529792106 0.785268036957845 NaN
21.04 6.60173620403025 9.50908523372478 0.785268036957844 NaN
21.08 4.89668045353622 7.80895210199259 0.785268036957845 NaN
21.12 2.66264020008433 3.43581855450451 0.785268036957845 NaN
21.16 6.17164753316828 3.4593490062257 0.785268036957844 NaN
21.2 9.91628044413413 0.741906305539718 0.785268036957845 NaN
21.24 15.04398899256 -6.44634258851915 0.785268036957844 NaN
21.28 11.9240501914115 -11.3804170979452 0.785268036957844 NaN
21.32 8.03664067293354 -10.6480920386676 0.785268036957844 NaN
21.36 -0.481342758530277 1.13140086836371 0.785268036957845 NaN
21.4 -0.7567503413773 -0.42338150387372 0.785268036957845 NaN
21.44 -1.25701170415506 -0.0370202304613478 0.785268036957845 NaN
21.48 4.00026152278509 -9.15381173898868 0.785268036957845 NaN
21.52 1.51612194297991 -5.38915998068491 0.785268036957845 NaN
21.56 -1.12610647640305 0.930275612937757 0.785268036957845 NaN
21.6 -6.51494002572188 10.933635932628 0.785268036957846 NaN
21.64 -12.9500701318643 13.3621945819757 0.785268036957846 NaN
21.68 -12.1397668081584 6.89372534031875 0.785268036957846 NaN
21.72 -9.95379002789788 1.0824440018739 0.785268036957846 NaN
21.76 -4.81624838949753 -2.47875765466987 0.785268036957846 NaN
21.8 -4.82404593453107 -6.12349993729663 0.785268036957846 NaN
21.84 -6.97311736274522 -9.31293767346072 0.785268036957846 NaN
21.88 -9.33603478848664 -12.0389547376079 0.785268036957846 NaN
21.92 -5.5789338792123 -10.9528133625433 0.785268036957846 NaN
21.96 -3.13827132199044 -7.81644313545926 0.785268036957846 NaN
22 4.04937079128756 5.81509945661027 0.785268036957846 NaN
22.04 5.06874870249321 6.10250052893718 0.785268036957846 NaN
22.08 7.06310178523101 10.7650570425154 0.785268036957846 NaN
22.12 4.44243696528238 7.90119049529512 0.785268036957846 NaN
22.16 3.53920307354118 4.48193773339603 0.785268036957847 NaN
22.2 5.97233176565389 3.7802635225978 0.785268036957847 NaN
22.24 9.99624249598192 1.67739728751815 0.785268036957847 NaN
22.28 14.0064743502929 -4.76170808870935 0.785268036957847 NaN
22.32 12.272842438742 -10.2497492659906 0.785268036957847 NaN
22.36 7.26008045606301 -8.94925933321126 0.785268036957847 NaN
22.4 1.07375108984334 -1.04541346821745 0.785268036957846 NaN
22.44 -0.52376768065477 -2.08016127272294 0.785268036957847 NaN
22.48 0.388607518262313 -4.05777250379447 0.785268036957847 NaN
22.52 3.72517226806422 -8.48019469405488 0.785268036957848 NaN
22.56 1.33800686096354 -5.63458142942047 0.785268036957848 NaN
22.6 -0.509383711158927 1.16239643102729 0.785268036957848 NaN
22.64 -7.67807338825427 13.3886925353879 0.785268036957848 1.06036057661872e-14
22.68 -12.9661828490727 13.7377106630256 0.785268036957848 1.03208429457556e-14
22.72 -11.9645166606379 7.24961443519432 0.785268036957848 NaN
22.76 -9.03562493087454 1.85799028026741 0.785268036957848 1.01794615355397e-14
22.8 -2.85317232257427 -1.49670533849763 0.785268036957848 1.01794615355397e-14
22.84 -4.53466205365965 -5.09903222365257 0.785268036957848 1.04622243559714e-14
22.88 -7.9691274423296 -9.01798651414301 0.785268036957848 1.00380801253239e-14
22.92 -11.2622864019625 -14.3801910298064 0.785268036957848 1.03208429457556e-14
22.96 -7.61152592399118 -15.3150449013829 0.785268036957848 NaN
23 -3.10060118371522 -8.01946009769754 0.785268036957848 NaN
23.04 4.01004703320729 5.57700709602135 0.785268036957848 NaN
23.08 6.90221409718439 9.09658094331511 0.785268036957847 NaN
23.12 6.80159845897558 11.7888728363891 0.785268036957847 NaN
23.16 4.04929186350117 7.98342785242506 0.785268036957847 NaN
23.2 1.55618716409784 2.32240249158593 0.785268036957848 NaN
23.24 4.82559146778731 3.58467758860188 0.785268036957847 NaN
23.28 9.81785946544634 2.47658021722219 0.785268036957847 NaN
23.32 16.0544799970359 -3.94104124769936 0.785268036957847 NaN
23.36 12.6362768169255 -9.40409287309561 0.785268036957847 NaN
23.4 7.65471815381777 -8.72656949038574 0.785268036957848 NaN
23.44 1.30761579561708 -1.86441090212327 0.785268036957848 NaN
23.48 -1.51100939703964 -1.45923360514027 0.785268036957847 NaN
23.52 1.10494848241473 -4.80469051238179 0.785268036957847 NaN
23.56 3.2287428414961 -7.22277828046273 0.785268036957847 NaN
23.6 2.33319429177386 -6.83410417314114 0.785268036957847 NaN
23.64 -0.432932696386658 1.93692193215536 0.785268036957847 NaN
23.68 -7.22388540525801 12.5227981514539 0.785268036957847 NaN
23.72 -12.7953744766292 13.2968960487497 0.785268036957847 NaN
23.76 -11.7655145510304 8.14605149786379 0.785268036957847 NaN
23.8 -8.07371333850955 2.60454979978359 0.785268036957847 NaN
23.84 -2.78664705675184 -1.07685546399171 0.785268036957847 NaN
23.88 -6.39436903789838 -5.04255570072905 0.785268036957848 1.00380801253239e-14
23.92 -8.52634199335348 -9.0706134632245 0.785268036957848 1.00380801253239e-14
23.96 -12.3887804020897 -16.382944617312 0.785268036957848 NaN
24 -6.15810034920554 -13.2157053582549 0.785268036957848 NaN
24.04 -2.19093345916767 -6.5883823830854 0.785268036957847 NaN
24.08 5.25936247871869 8.12535950089021 0.785268036957847 NaN
24.12 5.28655456388148 7.67259275377578 0.785268036957847 NaN
24.16 4.4771372621272 8.50604038875321 0.785268036957847 NaN
24.2 2.45322348989664 5.65855575176625 0.785268036957847 NaN
24.24 2.28795619730579 2.77972793050569 0.785268036957847 NaN
24.28 6.4793824263415 5.13526127071794 0.785268036957847 NaN
24.32 11.0905946330138 3.68455517647196 0.785268036957847 NaN
24.36 15.323091347819 -2.45138705946932 0.785268036957847 NaN
24.4 10.9777751595267 -7.33860756957972 0.785268036957847 NaN
24.44 6.20522175608359 -6.67940045032778 0.785268036957847 NaN
24.48 0.88778430511947 -2.20095381045471 0.785268036957847 NaN
24.52 0.750330166609565 -5.04961169711797 0.785268036957847 NaN
24.56 3.21015975420366 -7.75150412138787 0.785268036957847 NaN
24.6 5.39446408909666 -10.9953602334757 0.785268036957847 NaN
24.64 1.61079774287838 -4.8468325064859 0.785268036957847 NaN
24.68 -1.97957858150485 4.47134306049322 0.785268036957847 NaN
24.72 -9.83215208238472 14.7717039546647 0.785268036957846 NaN
24.76 -11.1162506757475 12.0934001696812 0.785268036957847 NaN
24.8 -10.3289844613351 8.68214705537282 0.785268036957847 NaN
24.84 -5.7151738219804 2.4518734331012 0.785268036957847 NaN
24.88 -4.61762491974812 -0.710299281230809 0.785268036957847 NaN
24.92 -7.14060206148988 -4.58010999060204 0.785268036957847 NaN
24.96 -11.1752637945197 -11.0122199535244 0.785268036957847 NaN
25 -10.9305929946247 -15.4833306509218 0.785268036957847 NaN
25.04 -5.46010321058644 -12.1040353737235 0.785268036957847 NaN
25.08 -1.69198463138766 -4.64055500693301 0.785268036957848 NaN
25.12 3.87326878646632 6.12573110832641 0.785268036957848 NaN
25.16 3.7447185622783 5.68553155629632 0.785268036957848 NaN
25.2 3.37857443476488 6.91850203348844 0.785268036957847 NaN
25.24 0.631352784566379 1.14016596660311 0.785268036957847 NaN
25.28 3.79336526272531 4.34366078497749 0.785268036957846 NaN
25.32 7.36144684478578 6.54783133606876 0.785268036957846 NaN
25.36 12.6733001336734 5.29975465983658 0.785268036957846 NaN
25.4 12.826492416621 -0.90012135519363 0.785268036957847 NaN
25.44 10.0271915872072 -5.5447030525968 0.785268036957847 NaN
25.48 5.31192534207032 -5.59919052349218 0.785268036957847 NaN
25.52 3.84491058814903 -7.11974065523859 0.785268036957847 NaN
25.56 2.49258064786999 -7.26055476773208 0.785268036957847 NaN
25.6 4.39968297938565 -8.8341144167301 0.785268036957847 NaN
25.64 3.30187208677123 -6.96236645379241 0.785268036957847 NaN
25.68 0.226527523519061 -1.58684114451819 0.785268036957847 NaN
25.72 -2.73205762018763 5.40734191840623 0.785268036957847 NaN
25.76 -8.44732952409625 11.8290295183856 0.785268036957846 NaN
25.8 -8.34819669645933 9.54452141320484 0.785268036957847 NaN
25.84 -8.91080710052254 8.55152908671539 0.785268036957847 NaN
25.88 -5.71121199325973 3.11316089728173 0.785268036957847 NaN
25.92 -7.0637230363944 -0.188199115020708 0.785268036957846 NaN
25.96 -8.71802563123254 -4.48917684843349 0.785268036957846 NaN
26 -11.4793934007789 -10.9294310652542 0.785268036957846 NaN
26.04 -9.12855586443279 -13.7101810766402 0.785268036957845 NaN
26.08 -4.23444729699938 -8.94019172956924 0.785268036957845 NaN
26.12 -1.12530398391958 -2.18489143133743 0.785268036957845 NaN
26.16 1.9633702285606 2.80837554862099 0.785268036957845 NaN
26.2 1.35473260858258 1.87262173777696 0.785268036957845 NaN
26.24 1.70698407176073 3.27601897466483 0.785268036957845 NaN
26.28 1.67850313067436 1.71889495368275 0.785268036957845 NaN
26.32 5.2213669781078 6.44351452558282 0.785268036957845 NaN
26.36 8.79965763678548 8.74831848628487 0.785268036957845 NaN
26.4 11.7923008555392 5.9283469262988 0.785268036957846 NaN
26.44 11.0160501188585 0.245796877025067 0.785268036957846 NaN
26.48 8.76193885120469 -4.16927047967806 0.785268036957846 NaN
26.52 5.86888587601186 -6.35402759750416 0.785268036957846 NaN
26.56 5.22248629486594 -8.44376556981832 0.785268036957846 NaN
26.6 4.3556793509282 -8.37825525029223 0.785268036957846 NaN
26.64 4.77424208308299 -8.67766920540206 0.785268036957846 NaN
26.68 2.4846989969428 -5.70969051686808 0.785268036957846 NaN
26.72 -0.419871240532468 -0.426475705565847 0.785268036957846 NaN
26.76 -3.00389001733662 4.40820354670934 0.785268036957846 NaN
26.8 -7.06732534870639 9.39050006173896 0.785268036957847 NaN
26.84 -6.83648058845889 8.96010087877863 0.785268036957847 NaN
26.88 -8.11921719789616 8.76946778881702 0.785268036957847 NaN
26.92 -6.67140882545487 4.00595868917157 0.785268036957846 NaN
26.96 -8.55366870937843 0.596842599341671 0.785268036957847 NaN
27 -9.09316845545936 -3.99666407798653 0.785268036957847 NaN
27.04 -10.4315408709259 -9.89477917560075 0.785268036957846 NaN
27.08 -7.62966822931221 -10.8486347995576 0.785268036957846 NaN
27.12 -4.39188839069436 -7.70815310841915 0.785268036957846 NaN
27.16 -2.318121538569 -4.55399499879191 0.785268036957846 NaN
27.2 0.144361442982622 -1.08475161313413 0.785268036957846 NaN
27.24 0.0757527305097218 -0.837760793472239 0.785268036957846 NaN
27.28 2.09548553734963 2.76706306558003 0.785268036957846 NaN
27.32 3.19035371059576 4.24423204655286 0.785268036957846 NaN
27.36 6.29298600640734 8.83439597211058 0.785268036957846 NaN
27.4 8.16861936067909 8.61004666231847 0.785268036957846 NaN
27.44 9.68066534941525 5.75548502155691 0.785268036957846 NaN
27.48 9.34551373401637 1.07098509403875 0.785268036957846 NaN
27.52 8.95763322686173 -3.58518761796027 0.785268036957846 NaN
27.56 7.97974311165663 -7.41763638524216 0.785268036957846 NaN
27.6 7.34551888491223 -9.96079590090656 0.785268036957846 NaN
27.64 5.14927616380241 -9.00787217943563 0.785268036957846 NaN
27.68 3.36308168954516 -6.9573503647767 0.785268036957846 NaN
27.72 0.984806541270507 -3.26681086386896 0.785268036957846 NaN
27.76 -0.96265679946398 0.34110208107021 0.785268036957845 NaN
27.8 -1.73108551982917 1.76636228983603 0.785268036957845 NaN
27.84 -4.18856397826352 6.09393121610694 0.785268036957846 NaN
27.88 -5.40173460398204 7.84915414917237 0.785268036957845 NaN
27.92 -8.39354090464535 9.02177965749243 0.785268036957845 NaN
27.96 -9.16560575542019 5.94129844972082 0.785268036957845 NaN
28 -9.87324984064235 1.57359062881781 0.785268036957845 NaN
28.04 -8.68918539553678 -3.1176856316056 0.785268036957845 NaN
28.08 -8.28768479403755 -7.30991716759341 0.785268036957845 NaN
28.12 -6.83597659939851 -9.34053110642277 0.785268036957846 NaN
28.16 -5.32199132697464 -9.03543916152606 0.785268036957845 NaN
28.2 -4.23992572098034 -8.1896610850939 0.785268036957846 NaN
28.24 -1.92648810119234 -4.73163439813499 0.785268036957845 NaN
28.28 -0.122824081638125 -1.18648083952891 0.785268036957845 NaN
28.32 2.96478907244172 4.10322208854437 0.785268036957845 NaN
28.36 4.98479352071218 7.62735378404919 0.785268036957845 NaN
28.4 6.51514003821401 9.32741120387923 0.785268036957845 NaN
28.44 6.57972529506344 7.21517088807326 0.785268036957845 NaN
28.48 7.72236483212621 5.42744682103423 0.785268036957845 NaN
28.52 8.79306353431879 1.81501477898809 0.785268036957844 NaN
28.56 10.3416913218175 -3.14843952232394 0.785268036957845 NaN
28.6 9.49829721929841 -7.76315751750747 0.785268036957844 NaN
28.64 8.02409988701292 -10.1268765759638 0.785268036957844 NaN
28.68 4.46059875851248 -7.61993208834216 0.785268036957844 NaN
28.72 2.84621787007305 -6.1684586458054 0.785268036957844 NaN
28.76 0.896208590782471 -3.23923766065788 0.785268036957844 NaN
28.8 -0.000617505384716336 -1.50130599521168 0.785268036957843 NaN
28.84 -0.382976817724896 -0.90942165315586 0.785268036957843 NaN
28.88 -3.08909131345943 4.48263097981382 0.785268036957843 NaN
28.92 -5.52769647643487 8.18333826469424 0.785268036957843 NaN
28.96 -9.72549665809338 10.796958169657 0.785268036957843 NaN
29 -9.35616081631052 6.83522954862599 0.785268036957843 NaN
29.04 -9.19695008525281 2.26353108483106 0.785268036957844 NaN
29.08 -7.04037338195615 -2.01682551031893 0.785268036957843 NaN
29.12 -7.75496128588756 -6.50509632110694 0.785268036957843 NaN
29.16 -8.10946491323323 -9.90639708115919 0.785268036957843 NaN
29.2 -7.54980771743285 -11.0378263637851 0.785268036957843 NaN
29.24 -4.86893743452465 -9.4483776848137 0.785268036957844 NaN
29.28 -1.60887982824331 -4.33267250880768 0.785268036957843 NaN
29.32 1.34682850955622 1.3591893929849 0.785268036957843 NaN
29.36 2.99173071222015 3.84840163298648 0.785268036957843 NaN
29.4 4.2667670374161 6.82687715099268 0.785268036957843 NaN
29.44 4.26253103162183 6.77569771317614 0.785268036957843 NaN
29.48 5.53885389193243 6.52447317676696 0.785268036957843 NaN
29.52 7.56489057385113 5.92302721035308 0.785268036957843 NaN
29.56 10.359761359514 3.01006407793028 0.785268036957843 NaN
29.6 11.3899377230201 -2.40317215829146 0.785268036957843 NaN
29.64 9.59427019511688 -6.9020883357643 0.785268036957844 NaN
29.68 6.88082101811095 -8.05533505143677 0.785268036957843 NaN
29.72 3.71354803773105 -6.48542090874524 0.785268036957843 NaN
29.76 2.92508060993528 -7.13142540268577 0.785268036957843 NaN
29.8 2.22216345189814 -5.52585216223773 0.785268036957843 NaN
29.84 1.98003035925271 -4.90020405745528 0.785268036957843 NaN
29.88 -0.214123239083086 -1.11060282255534 0.785268036957843 NaN
29.92 -3.08443251156211 5.3021505969511 0.785268036957842 NaN
29.96 -7.00566994408387 10.2113930902325 0.785268036957842 NaN
30 -9.32595971555273 10.4523236287511 0.785268036957842 NaN
30.04 -9.01399344518615 7.29982468137052 0.785268036957842 NaN
30.08 -7.68588264419617 2.80973337473951 0.785268036957842 NaN
30.12 -7.08365397566689 -1.31076112228463 0.785268036957842 NaN
30.16 -8.31362347715703 -5.73789091873134 0.785268036957842 NaN
30.2 -9.35749516252477 -10.2621445401066 0.785268036957842 NaN
30.24 -7.70751485472693 -11.9052295616072 0.785268036957842 NaN
30.28 -4.47939383039672 -9.23360557909427 0.785268036957841 NaN
30.32 -1.30342084844903 -3.34741256316963 0.785268036957842 NaN
30.36 1.18291593721401 1.18172826640965 0.785268036957842 NaN
30.4 2.12111536619994 2.9245816388844 0.785268036957843 NaN
30.44 3.16527717297405 5.52664975491166 0.785268036957843 NaN
30.48 3.64877421975104 5.33625126672969 0.785268036957843 NaN
30.52 6.04962129632121 7.13890740203235 0.785268036957843 NaN
30.56 8.293822534965 7.09675397814327 0.785268036957843 NaN
30.6 10.7118570087671 4.06993652446821 0.785268036957843 NaN
30.64 10.2718577918161 -1.2415340633149 0.785268036957842 NaN
30.68 8.71315527285563 -5.55123843164152 0.785268036957842 NaN
30.72 6.83166234350019 -7.80125190263424 0.785268036957842 NaN
30.76 5.25638661380801 -8.77247272988229 0.785268036957842 NaN
30.8 4.43916264482358 -8.76819814120348 0.785268036957843 NaN
30.84 2.99229733078396 -6.14287754894273 0.785268036957843 NaN
30.88 1.07332707301735 -3.21548656555877 0.785268036957843 NaN
30.92 -1.06397075021197 0.728695342690871 0.785268036957843 NaN
30.96 -3.44759306391621 5.18573238792808 0.785268036957843 NaN
31 -5.95602375582626 8.19169426232257 0.785268036957843 NaN
31.04 -7.36843923127289 9.14068566750273 0.785268036957842 NaN
31.08 -7.99149052122386 7.44482332272557 0.785268036957843 NaN
31.12 -8.13312523295107 3.61402373932096 0.785268036957842 NaN
31.16 -9.19101945532492 -0.689263194666424 0.785268036957842 NaN
31.2 -9.21453717705245 -5.51691068885859 0.785268036957842 NaN
31.24 -9.3974069460846 -10.0048575487528 0.785268036957842 NaN
31.28 -6.25620654365516 -9.63184520011284 0.785268036957842 NaN
31.32 -4.08200148493159 -7.7110718145446 0.785268036957842 NaN
31.36 -1.58882344067913 -3.69673508920927 0.785268036957842 NaN
31.4 -0.703570482311079 -2.33457938385993 0.785268036957842 NaN
31.44 0.52819907508886 -0.0594866506966076 0.785268036957841 NaN
31.48 2.67375266042722 3.85386769746259 0.785268036957842 NaN
31.52 4.76754733239476 6.95839575216601 0.785268036957842 NaN
31.56 7.38269432364372 9.41125393372004 0.785268036957842 NaN
31.6 8.27243236232018 7.71269350717385 0.785268036957842 NaN
31.64 9.49081188264091 4.47095984656635 0.785268036957841 NaN
31.68 8.85447467440182 -0.2573894083143 0.785268036957842 NaN
31.72 8.73992525834544 -4.83476560179995 0.785268036957842 NaN
31.76 7.89304494989017 -8.25796453449029 0.785268036957843 NaN
31.8 6.89962758405188 -10.1247650215486 0.785268036957843 NaN
31.84 4.87034850651779 -8.91989321401411 0.785268036957843 NaN
31.88 2.8298437675111 -6.22817533180712 0.785268036957843 NaN
31.92 0.420348233235796 -2.15272054519406 0.785268036957844 NaN
31.96 -1.02693229169032 0.418341281279779 0.785268036957843 NaN
32 -2.61956837094202 3.42370705624324 0.785268036957843 NaN
32.04 -4.39142384503108 6.5035032715375 0.785268036957842 NaN
32.08 -6.63884188110754 8.77503463054054 0.785268036957843 NaN
32.12 -8.41830887504574 8.19286224922782 0.785268036957843 NaN
32.16 -9.32876794980736 4.82540273924372 0.785268036957843 NaN
32.2 -9.14710084394729 0.156634835441448 0.785268036957843 NaN
32.24 -8.30992481414 -4.32933960663614 0.785268036957843 NaN
32.28 -7.97773321344911 -8.27085058058026 0.785268036957843 NaN
32.32 -6.85560573580963 -9.7969780223532 0.785268036957843 NaN
32.36 -5.5642943682875 -9.50168781739239 0.785268036957843 NaN
32.4 -3.2406724595319 -6.74494503800483 0.785268036957843 NaN
32.44 -1.29095884784876 -3.33048899640908 0.785268036957843 NaN
32.48 1.38624239121503 1.31929142552285 0.785268036957843 NaN
32.52 3.13559436890555 4.48692377260342 0.785268036957843 NaN
32.56 5.14358504495551 7.91031086291603 0.785268036957844 NaN
32.6 5.72667232836079 7.71058351942241 0.785268036957843 NaN
32.64 6.93432248727876 7.05072504545773 0.785268036957843 NaN
32.68 8.36718668862322 4.73307586078913 0.785268036957843 NaN
32.72 9.83206373217146 0.613101279778151 0.785268036957842 NaN
32.76 10.0959436607587 -4.53715694778985 0.785268036957842 NaN
32.8 8.91865395951609 -8.44421837041168 0.785268036957842 NaN
32.84 6.4591055497781 -8.89919498642084 0.785268036957842 NaN
32.88 3.89810569686167 -7.3473375546592 0.785268036957842 NaN
32.92 2.38472793824855 -5.83575712727562 0.785268036957841 NaN
32.96 1.10028106325771 -3.31152976611103 0.785268036957842 NaN
33 0.433719724081518 -2.38251839753059 0.785268036957842 NaN
33.04 -1.50914617648869 1.55339549777953 0.785268036957841 NaN
33.08 -4.13139161834712 6.45045076028525 0.785268036957841 NaN
33.12 -7.54137297045122 9.99418558840326 0.785268036957841 NaN
33.16 -8.99999298239717 9.16759333387159 0.785268036957841 NaN
33.2 -9.33043045179136 5.64364599255875 0.785268036957841 NaN
33.24 -7.90870358974253 0.909734152681937 0.785268036957841 NaN
33.28 -7.83169560225321 -3.38270886973633 0.785268036957841 NaN
33.32 -8.23506195257885 -7.6250181001738 0.785268036957842 NaN
33.36 -8.22243526029519 -10.6088925688464 0.785268036957841 NaN
33.4 -5.88634797525773 -10.2563181348258 0.785268036957841 NaN
33.44 -3.51723494752384 -7.46323740930593 0.785268036957841 NaN
33.48 -0.545341133687074 -1.93691894170692 0.785268036957841 NaN
33.52 1.08601900191972 0.759068398429012 0.785268036957842 NaN
33.56 2.83981956977299 4.36978844211401 0.785268036957842 NaN
33.6 3.96931839800745 6.38295713361448 0.785268036957842 NaN
33.64 5.20795295723216 7.01810687163049 0.785268036957842 NaN
33.68 7.03188428222922 7.52608941393424 0.785268036957841 NaN
33.72 9.03359119286978 5.82448182080828 0.785268036957842 NaN
33.76 10.1543809450212 1.55557901276598 0.785268036957842 NaN
33.8 9.59930972122148 -3.44300314075805 0.785268036957842 NaN
33.84 8.25866886496809 -7.19717014650297 0.785268036957842 NaN
33.88 6.45862321336412 -8.76963668523776 0.785268036957842 NaN
33.92 4.91582984426537 -8.9470047822478 0.785268036957842 NaN
33.96 3.70964081527238 -7.5199457504341 0.785268036957842 NaN
34 1.72591219543382 -4.13037969240778 0.785268036957842 NaN
34.04 -0.0124916946803131 -1.37008066529064 0.785268036957842 NaN
34.08 -2.0834455855326 2.71407996585017 0.785268036957842 NaN
34.12 -4.32210398469271 6.22292646971071 0.785268036957842 NaN
34.16 -6.37427867508418 8.49080316218541 0.785268036957842 NaN
34.2 -7.97702151118336 9.00676564640863 0.785268036957842 NaN
34.24 -8.25941677217933 5.85875766025603 0.785268036957842 NaN
34.28 -8.86639098576249 1.78599952654507 0.785268036957842 NaN
34.32 -9.03940202316015 -2.85762421001712 0.785268036957842 NaN
34.36 -9.35505570067401 -7.75780462451473 0.785268036957842 NaN
34.4 -7.59899275293091 -9.89506031848336 0.785268036957842 NaN
34.44 -5.52689404049567 -9.23350322283534 0.785268036957842 NaN
34.48 -2.99548597691853 -6.00974133844841 0.785268036957842 NaN
34.52 -1.41254961360092 -3.52640353710492 0.785268036957842 NaN
34.56 -0.236624377496094 -1.53851737595375 0.785268036957842 NaN
34.6 1.69152502489767 2.00850403566927 0.785268036957842 NaN
34.64 3.73670370266667 5.49081699365956 0.785268036957842 NaN
34.68 6.26316322814724 8.76973123092277 0.785268036957842 NaN
34.72 7.64165581547552 8.75153811691701 0.785268036957843 NaN
34.76 8.93091976611194 6.49319979712628 0.785268036957843 NaN
34.8 8.87723919400916 2.17264392924161 0.785268036957842 NaN
34.84 8.9771711905065 -2.40991087902107 0.785268036957842 NaN
34.88 8.45805823066973 -6.69125994884177 0.785268036957843 NaN
34.92 7.64009247925504 -9.50600026514442 0.785268036957843 NaN
34.96 6.0349765141215 -9.74262955180343 0.785268036957843 NaN
35 3.9968914611858 -8.00383048215481 0.785268036957843 NaN
35.04 1.50243515761748 -4.08172229128136 0.785268036957842 NaN
35.08 -0.299018380093367 -0.905136416196017 0.785268036957842 NaN
35.12 -1.83121982451393 1.79823815504357 0.785268036957842 NaN
35.16 -3.25929773445562 4.76940287002642 0.785268036957842 NaN
35.2 -5.42816165859316 7.84280893550591 0.785268036957843 NaN
35.24 -7.46904343621724 8.74723368327984 0.785268036957842 NaN
35.28 -9.01424150657355 6.95491748575656 0.785268036957842 NaN
35.32 -9.23567108625606 2.67870122362585 0.785268036957843 NaN
35.36 -8.86567344123206 -1.99730026094406 0.785268036957843 NaN
35.4 -8.21786999014861 -6.34448456261567 0.785268036957843 NaN
35.44 -7.58234818215879 -9.23098570348763 0.785268036957843 NaN
35.48 -6.28073470509704 -9.70531999117924 0.785268036957844 NaN
35.52 -4.24587711497548 -8.21632341838539 0.785268036957844 NaN
35.56 -2.35004069702124 -5.21995830920907 0.785268036957844 NaN
35.6 -0.0121023358293535 -1.08674968208091 0.785268036957843 NaN
35.64 1.6436728401303 1.73206628952418 0.785268036957844 NaN
35.68 4.25533158718615 6.70667572471486 0.785268036957844 NaN
35.72 5.24423007118113 7.6322058974509 0.785268036957844 NaN
35.76 6.77657354735437 8.08703827820615 0.785268036957844 NaN
35.8 7.74987480015554 6.38584935788004 0.785268036957844 NaN
35.84 9.21231266975703 3.06795084715903 0.785268036957844 NaN
35.88 9.71303337856952 -1.67564355259408 0.785268036957844 NaN
35.92 9.31625784881399 -6.40964977542267 0.785268036957845 NaN
35.96 7.6194819206364 -8.75550710566784 0.785268036957845 NaN
36 5.55178211614845 -8.91162694300732 0.785268036957844 NaN
36.04 3.75600358862793 -7.83637848724585 0.785268036957843 NaN
36.08 1.94879650144321 -4.68923741325647 0.785268036957843 NaN
36.12 0.626125444853212 -2.49803467824899 0.785268036957843 NaN
36.16 -0.969883916966619 0.343508238564603 0.785268036957843 NaN
36.2 -2.90958248971623 4.40697090028896 0.785268036957843 NaN
36.24 -5.68518624324419 8.00380110370521 0.785268036957843 NaN
36.28 -7.91143813613426 9.49636272211826 0.785268036957843 NaN
36.32 -8.88871888854693 7.66027711969738 0.785268036957843 NaN
36.36 -8.58553522961506 3.34201310706596 0.785268036957843 NaN
36.4 -8.37267214284985 -1.09752042779083 0.785268036957843 NaN
36.44 -8.42287262474349 -5.61441226143482 0.785268036957843 NaN
36.48 -8.36313904474512 -9.38406617221657 0.785268036957843 NaN
36.52 -6.73872583921167 -10.3299087968865 0.785268036957843 NaN
36.56 -4.44331328512143 -8.42059984301723 0.785268036957843 NaN
36.6 -1.86875368728065 -4.12047843897889 0.785268036957843 NaN
36.64 -0.404300139052205 -1.8235815224053 0.785268036957843 NaN
36.68 1.50523122417492 1.67258892368312 0.785268036957843 NaN
36.72 2.98843524725368 4.53516021800933 0.785268036957843 NaN
36.76 5.08845093304833 7.29520346582809 0.785268036957843 NaN
36.8 6.57446398331022 8.25579266034163 0.785268036957843 NaN
36.84 8.36122889979991 7.50014898058571 0.785268036957844 NaN
36.88 9.17653906095114 3.86622236316502 0.785268036957843 NaN
36.92 9.38998044657474 -0.750917897538457 0.785268036957842 NaN
36.96 8.72805496701589 -5.310700332715 0.785268036957843 NaN
37 7.79390736492804 -8.63177074176406 0.785268036957843 NaN
37.04 6.41418149487583 -9.66032703752653 0.785268036957843 NaN
37.08 4.71808399176362 -8.70821360737255 0.785268036957843 NaN
37.12 2.48326985017159 -5.52114589566179 0.785268036957842 NaN
37.16 0.319030143252729 -1.92631611615105 0.785268036957842 NaN
37.2 -1.26819374478491 0.811503449624208 0.785268036957842 NaN
37.24 -2.93570463960392 3.85406146928456 0.785268036957842 NaN
37.28 -4.66918483579764 6.78715176129256 0.785268036957842 NaN
37.32 -6.88142016135557 8.96548634803753 0.785268036957842 NaN
37.36 -8.22027248549809 7.75352108328156 0.785268036957841 NaN
37.4 -9.33714109526622 4.33248350236696 0.785268036957841 NaN
37.44 -9.26752251046565 -0.319143571454268 0.785268036957841 NaN
37.48 -9.0524013403157 -5.1372053268362 0.785268036957841 NaN
37.52 -7.88603133748125 -8.46123480511558 0.785268036957841 NaN
37.56 -6.44392052721942 -9.30879316163967 0.785268036957842 NaN
37.6 -4.35535923723611 -7.97621922191303 0.785268036957842 NaN
37.64 -3.03464164391743 -6.5125222802223 0.785268036957841 NaN
37.68 -1.20502381644347 -3.22514980617456 0.785268036957842 NaN
37.72 0.394593706219314 -0.552092753928243 0.785268036957841 NaN
37.76 3.35760424793716 4.99784643483386 0.785268036957841 NaN
37.8 5.47103106721756 8.28952201402308 0.785268036957841 NaN
37.84 7.12051933745023 9.16541697781738 0.785268036957841 NaN
37.88 7.70515312169836 7.47078817404393 0.785268036957841 NaN
37.92 8.38169929933165 4.30155801109517 0.785268036957841 NaN
37.96 8.85349373120298 0.104515617354838 0.78526803695784 NaN
38 9.15568403421202 -4.69068603046566 0.785268036957841 NaN
38.04 8.62980574493915 -8.62306606025431 0.785268036957841 NaN
38.08 7.06721143455624 -9.90724837699457 0.785268036957841 NaN
38.12 5.05601679577793 -9.25430915267479 0.785268036957841 NaN
38.16 2.37813575216577 -5.54060550984228 0.785268036957842 NaN
38.2 0.423037208559336 -2.03690449520908 0.785268036957841 NaN
38.24 -0.938411744765757 0.0370325030073468 0.785268036957842 NaN
38.28 -2.06680215202955 2.70947394247467 0.785268036957841 NaN
38.32 -4.05453700396284 5.93560252243799 0.785268036957841 NaN
38.36 -6.54675261317678 8.56066099585433 0.785268036957841 NaN
38.4 -8.44075475432285 8.58021066939219 0.78526803695784 NaN
38.44 -9.2836687683709 5.13241606258166 0.78526803695784 NaN
38.48 -9.04197591001843 0.523870255923965 0.785268036957841 NaN
38.52 -8.5137900879187 -4.10729939093699 0.78526803695784 NaN
38.56 -8.10603455533744 -7.978716413179 0.78526803695784 NaN
38.6 -7.10860049823267 -9.75202470047183 0.785268036957841 NaN
38.64 -5.18522158441688 -9.20637821106465 0.785268036957841 NaN
38.68 -3.02206780572011 -6.10981467425072 0.785268036957841 NaN
38.72 -1.42382734159196 -3.47999243622693 0.785268036957841 NaN
38.76 0.477291136041298 -0.388480275218898 0.785268036957841 NaN
38.8 2.5642763330522 3.77217086968006 0.785268036957841 NaN
38.84 4.73540056870966 7.03326667911036 0.785268036957841 NaN
38.88 6.2735796853828 8.41099377426744 0.785268036957841 NaN
38.92 7.65869029628154 8.09114018478723 0.785268036957841 NaN
38.96 8.67560528577993 5.17098821839853 0.785268036957841 NaN
39 9.15755289670811 0.935232421820691 0.785268036957841 NaN
39.04 9.07948239027134 -3.77406941484482 0.785268036957841 NaN
39.08 8.17135989080004 -7.60220951781191 0.785268036957841 NaN
39.12 7.10343504730943 -9.63378871643292 0.785268036957841 NaN
39.16 5.34095823658685 -9.32936350411234 0.785268036957841 NaN
39.2 3.54603842455063 -7.18127400947536 0.785268036957842 NaN
39.24 0.898828004361235 -2.91556603178922 0.785268036957842 NaN
39.28 -0.646754737692559 -0.38631868571771 0.785268036957842 NaN
39.32 -2.53487629957543 3.16127560816137 0.785268036957841 NaN
39.36 -3.94613936715333 5.64094568491333 0.785268036957841 NaN
39.4 -6.28193614355004 8.59656620823388 0.785268036957841 NaN
39.44 -7.66320792725918 8.47139966935026 0.785268036957842 NaN
39.48 -8.83464630169193 5.66917600705294 0.785268036957842 NaN
39.52 -9.13309509417418 1.35774214787387 0.785268036957843 NaN
39.56 -9.25426622720162 -3.49914587411282 0.785268036957843 NaN
39.6 -8.38149932702723 -7.64682346617326 0.785268036957842 NaN
39.64 -7.13591556130978 -9.29324278632797 0.785268036957843 NaN
39.68 -4.85805613929325 -8.14272442009607 0.785268036957843 NaN
39.72 -3.21690957831478 -6.65056836889791 0.785268036957843 NaN
39.76 -1.60202900419828 -3.9318838252082 0.785268036957844 NaN
39.8 -0.483699771503209 -2.22826772643157 0.785268036957844 NaN
39.84 1.91499420832936 2.35363015485439 0.785268036957844 NaN
39.88 4.43560228053969 6.87854155170851 0.785268036957843 NaN
39.92 6.71332329850464 9.31861234017394 0.785268036957842 NaN
39.96 7.73852063359463 8.59333909615608 0.785268036957842 NaN
40 8.42147895923573 5.72382210691453 0.785268036957842 NaN
