"Time, Y-Force, Work integrand, Mass, Mass error"
0 1.3988810110276969e-14 -1.1577509702908214e-40 0.784549965727207 NaN
0.04 -4.63576137597187e-07 -1.10135432147368e-11 0.784549965727206 NaN
0.08 -2.86566380170686e-05 -3.51766876767357e-10 0.784549965727206 NaN
0.12 -0.000310122688719517 -1.27486411241918e-08 0.784549965727206 NaN
0.16 -0.00161053219319328 -3.34645346389493e-07 0.784549965727206 NaN
0.2 -0.00548420364901357 -3.75618346413662e-06 0.784549965727206 NaN
0.24 -0.0139657578496967 -2.37981629001282e-05 0.784549965727207 NaN
0.28 -0.0281386807967163 -9.59863675385781e-05 0.784549965727207 NaN
0.32 -0.0453839321179876 -0.000255592648372534 0.784549965727206 NaN
0.36 -0.0560476528727792 -0.000423176796048381 0.784549965727206 NaN
0.4 -0.0410540829445414 -0.000300017314302902 0.784549965727206 NaN
0.44 0.0274858056475234 9.619589160304e-05 0.784549965727205 NaN
0.48 0.180720894243792 -0.00196955444554839 0.784549965727205 NaN
0.52 0.441754804704254 -0.0167842820555596 0.784549965727205 NaN
0.56 0.809594618620783 -0.0663889005881066 0.784549965727205 NaN
0.6 1.24198102807243 -0.179120344294064 0.784549965727205 NaN
0.64 1.64355689170935 -0.363946158883943 0.784549965727205 NaN
0.68 1.86710866456373 -0.568365640299697 0.784549965727205 NaN
0.72 1.73637760443871 -0.655944638608785 0.784549965727205 NaN
0.76 1.09296061361919 -0.461856832316093 0.784549965727205 NaN
0.8 -0.157868734413264 0.0369413653093962 0.784549965727205 NaN
0.84 -1.98151606659351 0.516241123139843 0.784549965727206 NaN
0.88 -4.14662950213743 0.305935274205682 0.784549965727206 NaN
0.92 -6.22910906442419 -1.19866831370194 0.784549965727206 NaN
0.96 -7.68799581151784 -3.87644099896762 0.784549965727207 NaN
1 -7.98265554891791 -6.57354278945401 0.784549965727206 NaN
1.04 -6.6897518647914 -7.53638552785282 0.784549965727206 NaN
1.08 -3.76942015410867 -5.4856821200061 0.784549965727207 NaN
1.12 0.133082393752375 -0.877086371391569 0.784549965727207 NaN
1.16 3.88374064991074 4.01246163111837 0.784549965727207 NaN
1.2 6.39503442266229 6.70477625894726 0.784549965727207 NaN
1.24 7.20383897706673 6.34522254212119 0.784549965727207 NaN
1.28 6.99827762647869 3.93370615205043 0.784549965727206 NaN
1.32 6.82339388290228 0.697291611437839 0.784549965727206 NaN
1.36 7.04229506559454 -2.69345878527369 0.784549965727205 NaN
1.4 7.80804733135986 -6.50088117526536 0.784549965727206 NaN
1.44 8.62086337954204 -11.0031443451433 0.784549965727206 NaN
1.48 7.47740658952287 -12.1092230256193 0.784549965727205 NaN
1.52 4.63873920464109 -8.78576458671604 0.784549965727205 NaN
1.56 1.0742966999657 -3.70368891686229 0.784549965727205 NaN
1.6 -2.6027190402553 2.33977514690431 0.784549965727205 NaN
1.64 -4.68038586536721 6.41121136114223 0.784549965727205 NaN
1.68 -6.06903508192072 8.38883769913471 0.784549965727206 NaN
1.72 -6.99155818657152 8.8115607653172 0.784549965727206 NaN
1.76 -6.97686458221013 7.12949337064285 0.784549965727206 NaN
1.8 -7.26356254333118 3.61367569071467 0.784549965727206 NaN
1.84 -7.8164180410058 -0.492934836848989 0.784549965727206 NaN
1.88 -8.32694580051345 -4.15113802635145 0.784549965727206 NaN
1.92 -8.79014049980825 -9.59523339938391 0.784549965727206 NaN
1.96 -7.88419987089002 -12.5733742736649 0.784549965727207 NaN
2 -6.61401890923755 -11.8080285439889 0.784549965727207 NaN
2.04 -4.24297638014633 -8.70317705195239 0.784549965727207 NaN
2.08 -0.553486020655303 -3.58523216961099 0.784549965727207 NaN
2.12 2.54860431078599 3.29328447828072 0.784549965727207 NaN
2.16 5.52503751421088 8.60289871670468 0.784549965727207 NaN
2.2 7.53048023966429 10.5789762812161 0.784549965727206 NaN
2.24 6.71878097764219 9.52191095862827 0.784549965727206 NaN
2.28 6.54300661540195 7.41931711279428 0.784549965727207 NaN
2.32 6.35151507779825 3.22361314233068 0.784549965727207 NaN
2.36 6.65398912776727 -0.245157211389787 0.784549965727207 NaN
2.4 8.70222134459043 -4.44064933927634 0.784549965727208 NaN
2.44 11.4204378628594 -12.7435291061063 0.784549965727208 NaN
2.48 10.8329164101099 -16.3336403981049 0.784549965727207 NaN
2.52 7.33135211188775 -12.6832232936762 0.784549965727208 NaN
2.56 2.75560726791939 -6.78306416018757 0.784549965727207 NaN
2.6 -3.61662573183143 4.02914054953659 0.784549965727207 NaN
2.64 -4.89571656726026 8.18064158220556 0.784549965727207 NaN
2.68 -4.81601629856458 7.03266703850448 0.784549965727207 NaN
2.72 -4.56880980129138 6.14979840166782 0.784549965727207 NaN
2.76 -3.85568790534651 7.29941462060618 0.784549965727207 NaN
2.8 -4.70255652057229 5.87699354555329 0.784549965727207 NaN
2.84 -7.95260857871146 3.86326871410026 0.784549965727207 NaN
2.88 -8.78758110394051 -0.00904331522629905 0.784549965727207 NaN
2.92 -11.3072708932579 -5.6772458053354 0.784549965727207 NaN
2.96 -10.3940778707723 -11.7756676450388 0.784549965727207 NaN
3 -7.61274362145104 -11.798782548456 0.784549965727207 NaN
3.04 -6.96960967139127 -12.0007909253996 0.784549965727207 NaN
3.08 -2.85409958817964 -6.05543086260473 0.784549965727207 NaN
3.12 1.16954063085865 0.969117098082895 0.784549965727207 NaN
3.16 2.55898888549197 4.16695211876821 0.784549965727207 NaN
3.2 5.10543856467937 7.83765517828486 0.784549965727207 NaN
3.24 5.16574070649592 7.62766551442323 0.784549965727207 NaN
3.28 4.86517853812444 7.32880290539113 0.784549965727207 NaN
3.32 6.26132683373006 6.731478236446 0.784549965727207 NaN
3.36 6.68186513370558 3.74174381295391 0.784549965727207 NaN
3.4 7.5394571424477 0.316498639125867 0.784549965727207 NaN
3.44 9.25028438450321 -4.44254300573343 0.784549965727207 NaN
3.48 12.1267393764981 -11.9992906377572 0.784549965727206 NaN
3.52 11.1186751779165 -15.3690857038474 0.784549965727206 NaN
3.56 7.79114915605777 -12.8250599973924 0.784549965727206 NaN
3.6 3.61637694220196 -7.38387082875983 0.784549965727206 NaN
3.64 -3.92963841186027 4.89190275649607 0.784549965727206 NaN
3.68 -5.32355392981741 8.32035550300013 0.784549965727206 NaN
3.72 -5.14396839650995 7.3536846713464 0.784549965727206 NaN
3.76 -4.81209032782506 5.88088216289282 0.784549965727206 NaN
3.8 -2.51533865831019 5.06539967918373 0.784549965727205 NaN
3.84 -4.02771890208436 5.63248380374186 0.784549965727205 NaN
3.88 -6.18824979000848 3.98417932655246 0.784549965727206 NaN
3.92 -7.83610871405425 0.699249958306407 0.784549965727205 NaN
3.96 -11.9971003259764 -4.8605801460023 0.784549965727205 NaN
4 -12.5747638298514 -11.4169382343421 0.784549965727205 NaN
4.04 -10.1316920330217 -13.649067610943 0.784549965727205 NaN
4.08 -7.42051718020511 -12.490078700724 0.784549965727205 NaN
4.12 -2.82665867466985 -6.03500418892251 0.784549965727204 NaN
4.16 2.80773983117467 2.78219427909279 0.784549965727204 NaN
4.2 4.38111979981588 6.45614613751348 0.784549965727204 NaN
4.24 4.80198051216948 7.20332423197698 0.784549965727205 NaN
4.28 4.13556139834076 5.58798770140885 0.784549965727205 NaN
4.32 2.3979363562689 4.76773635182584 0.784549965727205 NaN
4.36 4.82252563986471 6.09056446797433 0.784549965727205 NaN
4.4 6.02116469474312 4.38684732734957 0.784549965727206 NaN
4.44 7.897792079094 1.02182365844296 0.784549965727205 NaN
4.48 11.5235383711133 -4.01747192836114 0.784549965727205 NaN
4.52 13.6956779708828 -12.0105198578287 0.784549965727205 NaN
4.56 11.9584106281197 -16.3929964820264 0.784549965727206 NaN
4.6 8.45949764864202 -13.0480546597863 0.784549965727206 NaN
4.64 2.34574722782583 -5.43119570154455 0.784549965727206 NaN
4.68 -5.25389710990725 6.75139405235216 0.784549965727206 NaN
4.72 -6.2606456349137 10.1817148098156 0.784549965727206 NaN
4.76 -4.51272239266616 6.00100618217141 0.784549965727206 NaN
4.8 -2.94773544325497 2.67200939853361 0.784549965727206 NaN
4.84 -0.38273218254032 2.50650587180726 0.784549965727207 NaN
4.88 -3.16539582206044 5.39277407876404 0.784549965727207 NaN
4.92 -5.57098372104439 3.82297703841245 0.784549965727207 NaN
4.96 -9.4376950608197 1.6378934099376 0.784549965727206 NaN
5 -15.5892679516405 -4.7427441792105 0.784549965727207 NaN
5.04 -11.9571764583299 -10.3469168618245 0.784549965727206 NaN
5.08 -11.3510834045135 -13.9145014727534 0.784549965727206 NaN
5.12 -6.17994456089043 -10.5906870141028 0.784549965727206 NaN
5.16 -0.914806684114238 -3.32815631710657 0.784549965727205 NaN
5.2 2.45442307777252 3.1814240985734 0.784549965727205 NaN
5.24 4.63073078458689 6.7243405781919 0.784549965727205 NaN
5.28 3.16214717409884 4.16232624177266 0.784549965727204 NaN
5.32 1.78925494772738 2.18011526493989 0.784549965727205 NaN
5.36 2.72655680658708 4.70095130789565 0.784549965727205 NaN
5.4 3.90553850852876 5.22526460965669 0.784549965727204 NaN
5.44 6.76836386089143 5.39384942034525 0.784549965727203 NaN
5.48 8.94792196710081 1.95940998953169 0.784549965727203 NaN
5.52 11.8296481219374 -3.16531758683474 0.784549965727203 NaN
5.56 13.8590238748268 -10.7569704821836 0.784549965727203 NaN
5.6 12.0880283915707 -15.4332571341222 0.784549965727203 NaN
5.64 8.41864437232713 -12.3513239731992 0.784549965727203 NaN
5.68 0.678332968269177 -3.84992323820361 0.784549965727203 NaN
5.72 -5.22078596918741 6.4505869480385 0.784549965727203 NaN
5.76 -6.30044932730565 10.278477452953 0.784549965727203 NaN
5.8 -3.65208822465927 3.79422597734693 0.784549965727204 NaN
5.84 -0.36463535291621 -0.425353689349174 0.784549965727204 NaN
5.88 0.222688679275517 1.68058605349424 0.784549965727203 NaN
5.92 -2.06696682931976 4.28784297259171 0.784549965727203 NaN
5.96 -5.25368809018017 4.09020752683931 0.784549965727203 NaN
6 -11.2375770173533 2.93580676171792 0.784549965727203 NaN
6.04 -16.439003293408 -3.62881329932693 0.784549965727204 NaN
6.08 -13.3479693179969 -9.68614080445233 0.784549965727204 NaN
6.12 -10.3405755958245 -12.4972046789789 0.784549965727204 NaN
6.16 -5.00144729978089 -8.63485240845141 0.784549965727204 NaN
6.2 0.456564735171525 -1.32123920846115 0.784549965727205 NaN
6.24 4.07681285646702 5.68041103827793 0.784549965727205 NaN
6.28 3.25407809504093 4.26790639377329 0.784549965727205 NaN
6.32 1.38407602014367 1.04822572339028 0.784549965727205 NaN
6.36 -1.20785588665126 -2.12077046932492 0.784549965727206 NaN
6.4 0.335746518161705 1.22411191203455 0.784549965727206 NaN
6.44 4.44232585430413 6.19752638702151 0.784549965727206 NaN
6.48 8.01904742618748 6.85234133459029 0.784549965727206 NaN
6.52 11.4037413148449 3.4968451710372 0.784549965727206 NaN
6.56 13.0368922682731 -2.32800018988718 0.784549965727206 NaN
6.6 13.5112551132262 -9.32107886007942 0.784549965727207 NaN
6.64 11.9166140606333 -13.7420835650079 0.784549965727207 NaN
6.68 6.51128983289724 -9.73515019119282 0.784549965727207 NaN
6.72 -0.723891518064905 -1.93957612211113 0.784549965727207 NaN
6.76 -4.95076176920662 5.63269491261453 0.784549965727207 NaN
6.8 -4.25912691816386 6.57916631930026 0.784549965727208 NaN
6.84 -0.740487363644611 -1.16323477369873 0.784549965727208 NaN
6.88 1.6565076212802 -2.91369414761582 0.784549965727208 NaN
6.92 0.837321303205323 1.31074619910836 0.784549965727208 NaN
6.96 -2.91838685649292 4.38003645797849 0.784549965727207 NaN
7 -7.51874761325705 6.08161559406355 0.784549965727207 NaN
7.04 -13.3805663831304 4.64177943313772 0.784549965727207 NaN
7.08 -17.1464090037439 -2.32986179918622 0.784549965727207 NaN
7.12 -12.8317312919251 -8.20304113155905 0.784549965727207 NaN
7.16 -8.59322641747889 -9.64507216316599 0.784549965727207 NaN
7.2 -3.51755242103156 -6.48747240151049 0.784549965727207 NaN
7.24 1.83513942836324 0.565186110016332 0.784549965727207 NaN
7.28 2.68742510412962 2.91038779002221 0.784549965727207 NaN
7.32 1.00774017077459 0.278646563601474 0.784549965727207 NaN
7.36 -1.18404403752922 -3.55261770747133 0.784549965727206 NaN
7.4 -3.3562443597432 -5.55785090246126 0.784549965727206 NaN
7.44 1.17470794856266 2.23241902049986 0.784549965727206 NaN
7.48 6.29428402528506 8.49291048840611 0.784549965727206 NaN
7.52 10.0223882028455 9.19217942563446 0.784549965727206 NaN
7.56 12.6056884249664 4.88121376510333 0.784549965727206 NaN
7.6 12.0428907798925 -1.11039213778839 0.784549965727207 NaN
7.64 12.7317759569684 -7.58474290011505 0.784549965727207 NaN
7.68 9.38422621462969 -10.5350720172821 0.784549965727206 NaN
7.72 4.59464192315009 -7.97942173717924 0.784549965727206 NaN
7.76 0.307137592114342 -3.62271065753434 0.784549965727206 NaN
7.8 -4.35560687417894 5.65596186399693 0.784549965727206 NaN
7.84 -0.971912025242498 0.777561097864465 0.784549965727205 NaN
7.88 1.24790469153798 -4.03145317901644 0.784549965727205 NaN
7.92 1.49044221775203 -2.11432163418104 0.784549965727205 NaN
7.96 0.914616927755295 -0.11708316259131 0.784549965727206 NaN
8 -5.10762215391542 6.321443654679 0.784549965727206 NaN
8.04 -9.24375741021772 8.23376569941625 0.784549965727206 NaN
8.08 -13.5494000293736 5.97441417102115 0.784549965727206 NaN
8.12 -17.8047575171242 -0.885451666981875 0.784549965727206 NaN
8.16 -10.469526918609 -5.75453739427064 0.784549965727206 NaN
8.2 -6.67906403768955 -7.40926078778342 0.784549965727206 NaN
8.24 -1.93620579643984 -4.35693032055035 0.784549965727206 NaN
8.28 1.25165761596175 -0.862704442778185 0.784549965727206 NaN
8.32 -0.194390412398012 -1.78138312089651 0.784549965727206 NaN
8.36 -1.65452849431796 -4.27685326950052 0.784549965727206 NaN
8.4 -3.72765921620476 -7.91074211501732 0.784549965727207 NaN
8.44 -2.71351250291393 -4.73082966957329 0.784549965727207 NaN
8.48 3.37408791653436 5.19969582985418 0.784549965727206 NaN
8.52 8.58701725164435 11.6581271881678 0.784549965727206 NaN
8.56 12.1612985851714 11.6620838669066 0.784549965727205 NaN
8.6 11.6064138344318 5.47383344549893 0.784549965727205 NaN
8.64 10.2443545033673 -0.0733185241395642 0.784549965727205 NaN
8.68 10.2930420137726 -5.40505325522355 0.784549965727205 NaN
8.72 7.46558230527517 -8.44632088252521 0.784549965727205 NaN
8.76 5.11872844922313 -8.57167343455893 0.784549965727206 NaN
8.8 2.32733201760256 -5.16897257945103 0.784549965727205 NaN
8.84 -0.398238909230687 0.0284641675784671 0.784549965727205 NaN
8.88 1.41686731291414 -3.67060178054399 0.784549965727204 NaN
8.92 1.25775155496657 -3.42423854235702 0.784549965727205 NaN
8.96 0.195819757621642 -0.703662274226065 0.784549965727204 NaN
9 -1.63635804223068 1.69343889966045 0.784549965727204 NaN
9.04 -6.51428343559709 8.61094513154513 0.784549965727204 NaN
9.08 -9.10603515470896 9.26629327750323 0.784549965727204 NaN
9.12 -12.8637515337418 6.83902519026193 0.784549965727204 NaN
9.16 -13.6174364707422 0.496028128856349 0.784549965727204 NaN
9.2 -9.11468411795917 -4.27650959203151 0.784549965727204 NaN
9.24 -6.24638262278993 -6.58112705579008 0.784549965727204 NaN
9.28 -2.0556324547807 -4.65161580997088 0.784549965727204 NaN
9.32 -2.07834844833264 -5.32770588713199 0.784549965727203 NaN
9.36 -2.39168675768683 -5.16913381398977 0.784549965727203 NaN
9.4 -3.57062122052635 -7.60239791123526 0.784549965727203 NaN
9.44 -4.44605939359733 -9.25198023463225 0.784549965727202 NaN
9.48 -0.0262633505245117 -0.480423892639761 0.784549965727202 NaN
9.52 5.06401850980911 7.7621130819387 0.784549965727201 NaN
9.56 9.82929048805697 13.3495101158332 0.784549965727202 NaN
9.6 11.0993231457495 11.5074195496137 0.784549965727201 NaN
9.64 9.72200912206413 5.56704376226474 0.784549965727201 NaN
9.68 8.11628403412862 0.639151071427377 0.784549965727201 NaN
9.72 7.5112822938137 -3.46615321526177 0.784549965727201 NaN
9.76 7.63626941830456 -7.87563556140725 0.784549965727202 NaN
9.8 6.84665817382548 -9.91546356082312 0.784549965727202 NaN
9.84 5.24306729628507 -8.40905144136067 0.784549965727201 NaN
9.88 3.72437303161588 -7.30088466229241 0.784549965727202 NaN
9.92 1.39571794232797 -4.03813612360305 0.784549965727201 NaN
9.96 -0.335793638662239 -0.310326281769195 0.784549965727201 NaN
10 -1.90805554598535 1.70074262086664 0.784549965727201 NaN
10.04 -4.22204477120915 5.58518155969277 0.784549965727202 NaN
10.08 -5.95506971009981 8.69492445776096 0.784549965727202 NaN
10.12 -7.69798753033464 8.68181676961233 0.784549965727202 NaN
10.16 -10.7418167540346 6.63871798191823 0.784549965727201 NaN
10.2 -10.7238119666182 1.34640356766452 0.784549965727202 NaN
10.24 -8.87183268932942 -3.40951580598881 0.784549965727202 NaN
10.28 -7.34863060937242 -6.84966600881406 0.784549965727202 NaN
10.32 -4.65596959700181 -7.85055388217514 0.784549965727202 NaN
10.36 -4.5167119963532 -8.47136436309127 0.784549965727202 NaN
10.4 -4.18690174829986 -7.56334682469695 0.784549965727202 NaN
10.44 -3.67824528600291 -7.88451645938697 0.784549965727202 NaN
10.48 -2.1592236637162 -5.02249655962906 0.784549965727202 NaN
10.52 2.08434765795201 3.15205021980312 0.784549965727202 NaN
10.56 6.19372388826267 9.01496404022754 0.784549965727202 NaN
10.6 8.85339311352616 12.0257397618563 0.784549965727201 NaN
10.64 9.08580870407057 10.2996417757759 0.784549965727201 NaN
10.68 7.79718262232968 5.3900869905695 0.784549965727202 NaN
10.72 6.3175454261371 1.07556688043365 0.784549965727202 NaN
10.76 7.17065804140377 -2.54154132799754 0.784549965727201 NaN
10.8 8.78860183461242 -7.83145830241941 0.7845499657272 NaN
10.84 9.7957365772692 -12.55933621921 0.7845499657272 NaN
10.88 8.05334517419148 -12.6403472056234 0.7845499657272 NaN
10.92 4.64686290036671 -9.18896256335239 0.7845499657272 NaN
10.96 -0.316517176091991 -1.01171735899919 0.7845499657272 NaN
11 -2.95152065116967 4.18969397558234 0.784549965727199 NaN
11.04 -3.5002438836172 4.56468028578578 0.784549965727199 NaN
11.08 -4.14452193818327 5.954637800509 0.784549965727199 NaN
11.12 -3.69269068971464 5.8895992103562 0.784549965727199 NaN
11.16 -5.39568617249793 6.57905479011167 0.784549965727199 1.03302892534721e-14
11.2 -8.26181806646025 6.01473971269104 0.7845499657272 NaN
11.24 -9.95081765415214 2.17155656727915 0.784549965727199 1.01887784417807e-14
11.28 -11.5086247293843 -3.23066554184608 0.784549965727198 1.07548216885463e-14
11.32 -9.12996797073712 -7.55616547748864 0.784549965727198 1.10378433119291e-14
11.36 -6.8355153249556 -9.54169353860201 0.784549965727199 1.04718000651635e-14
11.4 -5.04820393458893 -8.26106960649538 0.784549965727199 1.03302892534721e-14
11.44 -3.35980630928338 -6.28580206554245 0.784549965727199 NaN
11.48 -2.06332906066323 -5.36186637739817 0.784549965727199 NaN
11.52 -0.182442309514323 -1.53290193668716 0.7845499657272 NaN
11.56 1.93853254137141 2.19678842832369 0.7845499657272 NaN
11.6 4.31781553272097 5.61463005486538 0.784549965727199 NaN
11.64 6.75770837990242 9.73292576084353 0.784549965727199 NaN
11.68 7.51851642427304 9.42847301517749 0.7845499657272 NaN
11.72 7.28139248385004 5.82583400193112 0.7845499657272 NaN
11.76 7.17986328057265 1.84499009591144 0.784549965727199 NaN
11.8 8.3025969075398 -1.98513510885808 0.7845499657272 NaN
11.84 10.7184770838631 -8.28769880878752 0.7845499657272 NaN
11.88 11.4012206954007 -14.0771351497597 0.7845499657272 NaN
11.92 8.28532905362205 -12.6374670153801 0.784549965727201 NaN
11.96 3.41158109136101 -6.57264799458963 0.784549965727201 NaN
12 -2.54983485969771 2.86536571367864 0.784549965727201 NaN
12.04 -3.5812468883632 5.31747365598677 0.784549965727201 NaN
12.08 -2.76246955449008 3.4845077981373 0.784549965727201 NaN
12.12 -1.95652730017323 2.02513152384357 0.784549965727201 NaN
12.16 -1.06520335842384 1.85032861219498 0.784549965727201 NaN
12.2 -4.18217604686062 5.68918187129963 0.784549965727201 NaN
12.24 -7.90201318199002 6.57074751941066 0.784549965727201 NaN
12.28 -12.5494945111296 3.74647779316301 0.784549965727201 NaN
12.32 -13.5788615995274 -2.58494254449372 0.784549965727202 NaN
12.36 -10.5884065631051 -7.37342121370939 0.784549965727202 NaN
12.4 -6.80780728237809 -8.55251699964721 0.784549965727201 NaN
12.44 -3.36971542050228 -6.19681841587424 0.784549965727201 NaN
12.48 -1.69696834831128 -4.45529069137203 0.784549965727202 NaN
12.52 -0.861389759749185 -2.9495737788338 0.784549965727202 NaN
12.56 -1.19292015440132 -3.57358109686509 0.784549965727202 NaN
12.6 -0.706974580299714 -2.56223231674666 0.784549965727201 NaN
12.64 1.68478644664937 2.25670465400651 0.784549965727201 NaN
12.68 5.50220390454788 8.07951074946769 0.784549965727201 NaN
12.72 8.24812451578671 10.4390081686441 0.784549965727201 NaN
12.76 8.85796216610242 7.68097001882247 0.784549965727201 NaN
12.8 8.82168810371372 2.98913480375433 0.784549965727201 NaN
12.84 8.99180097289334 -1.31240004957182 0.7845499657272 NaN
12.88 10.3562367432601 -7.177135734128 0.7845499657272 NaN
12.92 10.0340915016765 -11.7768744229568 0.784549965727201 NaN
12.96 7.14359415646094 -10.3013774729772 0.7845499657272 NaN
13 2.5002330054348 -5.19996720375921 0.784549965727201 NaN
13.04 -1.44800314767901 0.680560840335565 0.7845499657272 NaN
13.08 -1.79208541285172 2.24416819390478 0.7845499657272 NaN
13.12 -0.819144825415874 -0.324103945016593 0.7845499657272 NaN
13.16 -0.516202848717517 -0.420542465003371 0.784549965727199 NaN
13.2 -1.36791911339967 2.52237976578391 0.784549965727199 NaN
13.24 -4.82508845841574 6.54471855304894 0.7845499657272 NaN
13.28 -9.30470353692789 8.22736023800637 0.784549965727199 NaN
13.32 -13.8307719257386 5.24598442765466 0.784549965727199 NaN
13.36 -13.6125262763084 -1.3689571599332 0.784549965727199 1.00472676300893e-14
13.4 -9.52198118001906 -5.83004567064203 0.784549965727199 NaN
13.44 -4.95177057440963 -6.67669082577834 0.784549965727199 1.03302892534721e-14
13.48 -2.00089980244332 -4.5275242147152 0.784549965727199 1.06133108768549e-14
13.52 -1.76393857019163 -3.66882286730421 0.784549965727198 1.07548216885463e-14
13.56 -2.98495537840872 -6.39681461594041 0.784549965727198 1.08963325002377e-14
13.6 -4.08512350878843 -8.97525338683685 0.784549965727199 1.04718000651635e-14
13.64 -2.59834663869702 -5.59512536497148 0.784549965727199 1.03302892534721e-14
13.68 1.56711591970901 1.52487587348072 0.7845499657272 NaN
13.72 7.49173049113696 10.641514203392 0.784549965727199 NaN
13.76 10.3719856549189 13.5944918970822 0.784549965727199 NaN
13.8 9.82716691184392 9.34934309496797 0.784549965727199 1.00472676300893e-14
13.84 7.98840883178126 3.3082873139704 0.784549965727199 1.03302892534721e-14
13.88 6.88017229138236 -0.411603355189009 0.784549965727199 NaN
13.92 8.04133660523166 -4.98140731095068 0.784549965727198 1.08963325002377e-14
13.96 9.08802702169808 -10.22708750703 0.784549965727199 1.04718000651635e-14
14 7.92364144157611 -11.2124438879464 0.784549965727199 1.01887784417807e-14
14.04 5.35198360115821 -9.04241906496654 0.784549965727198 1.08963325002377e-14
14.08 1.27326970653944 -3.44101055847041 0.784549965727199 1.06133108768549e-14
14.12 -0.775868795517677 0.239722861240703 0.784549965727199 1.06133108768549e-14
14.16 -1.48490365183146 1.16425423662759 0.784549965727198 1.13208649353119e-14
14.2 -2.67254412201731 3.12109523479058 0.784549965727197 1.20284189937688e-14
14.24 -2.70181518434862 3.60236087482823 0.784549965727198 1.1745397370386e-14
14.28 -5.1760615172077 7.06750521892174 0.784549965727198 1.1745397370386e-14
14.32 -8.30591541002256 8.42524008880169 0.784549965727198 1.1745397370386e-14
14.36 -12.0492512759517 5.69028550357817 0.784549965727198 1.18869081820774e-14
14.4 -11.9437073906433 -0.150866458159546 0.784549965727198 1.18869081820774e-14
14.44 -9.03016238140233 -4.74607674749543 0.784549965727198 1.1745397370386e-14
14.48 -5.45009347809016 -6.64613072735126 0.784549965727198 1.1745397370386e-14
14.52 -3.30801745117352 -5.82175393061961 0.784549965727198 1.08963325002377e-14
14.56 -4.00637079670182 -7.27969334578331 0.784549965727198 1.08963325002377e-14
14.6 -4.39954393603727 -8.89103210131356 0.784549965727198 1.13208649353119e-14
14.64 -4.57410217087425 -9.71655118162785 0.784549965727198 1.11793541236205e-14
14.68 -1.46149626861909 -3.81238483933237 0.784549965727198 1.08963325002377e-14
14.72 3.28519274684728 4.47950089133972 0.784549965727198 1.10378433119291e-14
14.76 8.41261874848778 12.3008428005037 0.784549965727198 1.07548216885463e-14
14.8 9.95949313401355 13.4422280481125 0.784549965727199 1.06133108768549e-14
14.84 8.17019509953186 8.51466054508864 0.784549965727198 1.10378433119291e-14
14.88 6.37939870055968 3.32264144606967 0.784549965727198 1.10378433119291e-14
14.92 5.10929818120569 0.179476098518153 0.784549965727198 1.10378433119291e-14
14.96 8.04786646093517 -4.1519786738809 0.784549965727198 1.13208649353119e-14
15 10.6952891574078 -10.8833209389022 0.784549965727198 1.11793541236205e-14
15.04 11.0820484732782 -14.1634805471479 0.784549965727198 1.11793541236205e-14
15.08 7.13823487024708 -11.2495292641357 0.784549965727198 1.10378433119291e-14
15.12 1.71336211684369 -4.60898656441617 0.784549965727198 1.11793541236205e-14
15.16 -2.98681501618213 4.02489647938772 0.784549965727198 1.08963325002377e-14
15.2 -3.5431525755209 4.64267430491197 0.784549965727199 1.03302892534721e-14
15.24 -3.0228145838787 3.11990522098542 0.784549965727199 1.06133108768549e-14
15.28 -1.9148507821772 2.48486499887 0.784549965727199 1.06133108768549e-14
15.32 -2.64447423848187 4.37076220924009 0.784549965727199 1.04718000651635e-14
15.36 -6.57962871009781 7.45616166972765 0.784549965727198 1.08963325002377e-14
15.4 -10.3773941418164 5.90309870492908 0.784549965727198 1.08963325002377e-14
15.44 -13.2225886435159 0.986008256363088 0.784549965727198 1.10378433119291e-14
15.48 -11.0699375655374 -4.64863855836705 0.784549965727199 1.03302892534721e-14
15.52 -6.47897572011925 -7.11226884458498 0.784549965727198 1.08963325002377e-14
15.56 -4.23231096204876 -6.62935628377152 0.784549965727198 1.18869081820774e-14
15.6 -3.66052191945307 -6.23862851739998 0.784549965727197 1.20284189937688e-14
15.64 -3.68714927108167 -7.40131894437975 0.784549965727198 1.18869081820774e-14
15.68 -3.44324467689324 -7.8914920013859 0.784549965727197 1.23114406171516e-14
15.72 -1.41510140088553 -3.87611447103376 0.784549965727197 1.25944622405344e-14
15.76 2.08427061184924 2.1560270741872 0.784549965727196 1.34435271106828e-14
15.8 6.90719264743296 9.52934061183785 0.784549965727196 1.3868059545757e-14
15.84 8.50730415244498 12.2150006588168 0.784549965727197 1.31605054873e-14
15.88 7.89877608321113 9.09267494505242 0.784549965727197 1.30189946756086e-14
15.92 6.73386032853133 4.03680347155481 0.784549965727197 1.31605054873e-14
15.96 6.02559956827757 0.758366767156557 0.784549965727197 1.31605054873e-14
16 8.72141862382071 -3.53444418402827 0.784549965727197 1.28774838639172e-14
16.04 11.8315553922069 -11.0156015822937 0.784549965727196 1.34435271106828e-14
16.08 11.386171550011 -13.8667061658717 0.784549965727196 1.34435271106828e-14
16.12 6.41100238323967 -10.0338120829703 0.784549965727196 1.44341027925226e-14
16.16 0.759306640969907 -2.65879470475199 0.784549965727195 1.4575613604214e-14
16.2 -3.93687404121149 5.73529258297448 0.784549965727196 1.37265487340656e-14
16.24 -2.33607597389277 2.35928292683422 0.784549965727197 1.31605054873e-14
16.28 -1.63720797517206 0.876214824673176 0.784549965727197 1.30189946756086e-14
16.32 0.33167856936424 -1.42145991363596 0.784549965727197 1.30189946756086e-14
16.36 -1.98934219457104 3.45230974276233 0.784549965727197 1.27359730522258e-14
16.4 -6.56656272584165 8.06504442167806 0.784549965727197 1.27359730522258e-14
16.44 -11.6244472551228 7.52742180343013 0.784549965727196 1.33020162989914e-14
16.48 -15.7391129488023 2.45301872042851 0.784549965727197 1.2452951428843e-14
16.52 -10.9283353734835 -3.63179184001236 0.784549965727197 1.23114406171516e-14
16.56 -6.16756186893258 -6.00925103648365 0.784549965727198 1.16038865586946e-14
16.6 -2.46607613273197 -4.42863764392059 0.784549965727198 1.11793541236205e-14
16.64 -2.72084000211591 -5.34969444478984 0.784549965727198 1.16038865586946e-14
16.68 -3.89090902919559 -7.83350764023335 0.784549965727198 1.1745397370386e-14
16.72 -5.37489624435742 -11.1182470810951 0.784549965727197 1.20284189937688e-14
16.76 -3.42587537475741 -7.59582972876332 0.784549965727198 1.18869081820774e-14
16.8 0.563453500312655 -0.174806564203106 0.784549965727198 1.14623757470033e-14
16.84 7.1248771971227 10.2845165193454 0.784549965727198 1.1745397370386e-14
16.88 9.64884960156017 14.0725747966435 0.784549965727197 1.23114406171516e-14
16.92 9.01126437638769 10.694765309596 0.784549965727197 1.25944622405344e-14
16.96 7.17177433879447 4.82228659969444 0.784549965727197 1.27359730522258e-14
17 5.21137036657119 1.16522358759279 0.784549965727196 1.37265487340656e-14
17.04 8.22981517903561 -2.62309335043249 0.784549965727197 1.28774838639172e-14
17.08 10.608925709014 -8.97264838481681 0.784549965727196 1.34435271106828e-14
17.12 10.9131072349042 -12.3966559026461 0.784549965727196 1.41510811691398e-14
17.16 6.67048272890092 -10.1579316595257 0.784549965727196 1.42925919808312e-14
17.2 2.0883322064463 -5.29276025921898 0.784549965727196 1.3868059545757e-14
17.24 -2.90195162270127 3.59265666984475 0.784549965727196 1.37265487340656e-14
17.28 -1.11286515496638 0.0582578459967067 0.784549965727196 1.37265487340656e-14
17.32 -1.53556191884114 0.604245010105159 0.784549965727196 1.37265487340656e-14
17.36 -0.311610023201077 0.0199008657131365 0.784549965727196 1.3868059545757e-14
17.4 -2.69694734091468 4.65302812505849 0.784549965727196 1.34435271106828e-14
17.44 -7.13422431234333 9.06404559698401 0.784549965727196 1.33020162989914e-14
17.48 -12.1382789454379 8.68619212154408 0.784549965727197 1.28774838639172e-14
17.52 -15.1760903353395 3.62725612451701 0.784549965727197 1.20284189937688e-14
17.56 -9.16875365874573 -2.31687490881157 0.784549965727197 1.25944622405344e-14
17.6 -4.6662698695506 -4.3783300512318 0.784549965727197 1.27359730522258e-14
17.64 -2.46028773447141 -4.08770948202828 0.784549965727197 1.21699298054602e-14
17.68 -4.33387425386746 -7.32335534741478 0.784549965727197 1.2452951428843e-14
17.72 -6.44079558627918 -12.2787004784168 0.784549965727198 1.16038865586946e-14
17.76 -7.37026142811212 -14.7124369187416 0.784549965727198 1.16038865586946e-14
17.8 -3.26322302015081 -7.33885167862385 0.784549965727197 1.23114406171516e-14
17.84 2.10425945936971 2.29814186756194 0.784549965727197 1.27359730522258e-14
17.88 10.4638261499031 15.5162604268876 0.784549965727197 1.28774838639172e-14
17.92 9.47373759987544 14.393405941267 0.784549965727197 1.20284189937688e-14
17.96 8.15901970628016 10.3166388816977 0.784549965727198 1.18869081820774e-14
18 4.05986019643879 3.09512913384866 0.784549965727198 1.11793541236205e-14
18.04 3.93169651186166 1.36429449658456 0.784549965727198 1.13208649353119e-14
18.08 7.91275431131533 -1.70191449470537 0.784549965727198 1.10378433119291e-14
18.12 12.9616602582327 -9.13100870528902 0.784549965727198 1.1745397370386e-14
18.16 12.7579716925426 -13.7811638846219 0.784549965727198 1.1745397370386e-14
18.2 8.36964082655969 -12.3954023416916 0.784549965727198 1.10378433119291e-14
18.24 2.96559420107307 -7.04690567277592 0.784549965727198 1.08963325002377e-14
18.28 -3.48223438041769 3.99283464617566 0.784549965727199 NaN
18.32 -2.30209522353805 2.35326154888861 0.7845499657272 NaN
18.36 -2.14796516634518 1.86150945150983 0.7845499657272 NaN
18.4 2.96722772369982 -6.2591863051817 0.7845499657272 NaN
18.44 -1.96466655341507 3.93739911435553 0.7845499657272 NaN
18.48 -5.84955950277585 7.92379824392954 0.7845499657272 NaN
18.52 -12.3801731634099 9.50542181102867 0.7845499657272 NaN
18.56 -13.9767782358055 4.65879080893859 0.7845499657272 NaN
18.6 -9.68522629409089 -1.52659914729314 0.784549965727201 NaN
18.64 -3.55426734723349 -3.31371435545319 0.784549965727201 NaN
18.68 -4.50427299264224 -5.77577074697171 0.784549965727201 NaN
18.72 -5.21209214801722 -8.91840281289894 0.784549965727201 NaN
18.76 -7.89639483085255 -13.8046015078629 0.784549965727201 NaN
18.8 -6.2896710715815 -12.8045274239639 0.7845499657272 NaN
18.84 -2.03942416886202 -5.22840536360219 0.7845499657272 NaN
18.88 2.66198747387052 3.65611311816691 0.7845499657272 NaN
18.92 9.10642670583818 13.7606030367353 0.7845499657272 NaN
18.96 7.49092954218594 11.7966379384807 0.7845499657272 NaN
19 6.67857042390329 9.15115929103638 0.7845499657272 NaN
19.04 0.693652649935256 1.0385695666192 0.784549965727201 NaN
19.08 5.91924161699779 2.36631898727672 0.784549965727202 NaN
19.12 8.85736564597548 -0.989501244900187 0.784549965727202 NaN
19.16 17.5158502892278 -10.2354796717694 0.784549965727201 NaN
19.2 11.6538273069702 -12.3315299938052 0.784549965727202 NaN
19.24 7.66021791780148 -11.7266767665684 0.784549965727202 NaN
19.28 -2.05684613529595 1.91373230341569 0.784549965727202 NaN
19.32 -1.80217027063824 1.51972938206926 0.784549965727201 NaN
19.36 -0.934111167852329 0.207942232504605 0.784549965727201 NaN
19.4 -0.66951573335899 -0.328554803031313 0.784549965727201 NaN
19.44 3.81512873018987 -7.33314867361109 0.784549965727201 NaN
19.48 -2.49295013703516 3.91964866413638 0.784549965727201 NaN
19.52 -6.57285216141851 8.79930185480089 0.784549965727201 NaN
19.56 -16.5387464680765 13.2321147826198 0.784549965727201 NaN
19.6 -12.549026496662 5.49494167116456 0.784549965727201 NaN
19.64 -8.67467892263616 -0.552797896962467 0.784549965727201 NaN
19.68 -2.27360168417317 -1.82901407587319 0.784549965727201 NaN
19.72 -4.69673412738936 -6.27074193469976 0.784549965727201 NaN
19.76 -5.78951045527392 -10.1170463806712 0.7845499657272 NaN
19.8 -11.4584771038502 -17.4689612429942 0.7845499657272 NaN
19.84 -5.45376676249775 -10.5739235580237 0.784549965727199 NaN
19.88 -2.63704710874728 -6.26409392730035 0.784549965727199 NaN
19.92 3.97474945004955 6.78046547597834 0.784549965727199 1.01887784417807e-14
19.96 6.95292833089572 10.985345102501 0.784549965727199 NaN
20 7.09648181905159 10.6510170741036 0.784549965727198 1.08963325002377e-14
20.04 6.92698089299438 9.7843590488949 0.784549965727198 1.08963325002377e-14
20.08 2.13997081151332 2.40720735712644 0.784549965727198 1.11793541236205e-14
20.12 6.28753023789344 3.0373699186584 0.784549965727198 1.16038865586946e-14
20.16 9.37534382541993 -0.175768883472458 0.784549965727198 1.07548216885463e-14
20.2 14.7987179112318 -7.54700354026033 0.784549965727199 1.06133108768549e-14
20.24 10.9686631467453 -11.4430343613062 0.784549965727198 1.14623757470033e-14
20.28 7.12539503845549 -10.358241721955 0.784549965727198 1.10378433119291e-14
20.32 -2.0148667570454 3.0971490478807 0.784549965727198 1.08963325002377e-14
20.36 0.270728220768599 -1.74533865323408 0.784549965727198 1.07548216885463e-14
20.4 -0.925864052049004 -0.157096038589689 0.784549965727198 1.08963325002377e-14
20.44 2.67367332233583 -6.48803502930386 0.784549965727198 1.13208649353119e-14
20.48 0.997856264189648 -3.55519690280865 0.784549965727198 1.1745397370386e-14
20.52 -2.83491924837189 3.51671262890362 0.784549965727197 1.21699298054602e-14
20.56 -6.55483314095807 9.45343598873181 0.784549965727198 1.14623757470033e-14
20.6 -13.721369258641 12.9126773008335 0.784549965727197 1.20284189937688e-14
20.64 -11.0154467328487 5.80906428457054 0.784549965727197 1.23114406171516e-14
20.68 -8.49104897518482 0.221859285411808 0.784549965727198 1.18869081820774e-14
20.72 -4.62517362726478 -2.77424249622492 0.784549965727198 1.1745397370386e-14
20.76 -5.44037645556477 -7.1565236801547 0.784549965727198 1.13208649353119e-14
20.8 -7.32007655625294 -11.1276013903292 0.784549965727198 1.16038865586946e-14
20.84 -10.0682298544972 -14.0497562843673 0.784549965727197 1.20284189937688e-14
20.88 -4.81837181099306 -9.3592989800785 0.784549965727197 1.20284189937688e-14
20.92 -2.23434730752469 -5.64888983682886 0.784549965727197 1.21699298054602e-14
20.96 6.77107875250228 10.6284141616778 0.784549965727198 1.1745397370386e-14
21 5.47261056434149 7.49163702946513 0.784549965727197 1.21699298054602e-14
21.04 6.62212020975049 9.62780176828878 0.784549965727197 1.25944622405344e-14
21.08 3.97573193466489 6.67846861987537 0.784549965727198 1.13208649353119e-14
21.12 3.31295003006366 4.11852712663285 0.784549965727198 1.10378433119291e-14
21.16 6.51832740012687 3.59274422939077 0.784549965727199 1.04718000651635e-14
21.2 10.2653285870592 0.774571664214167 0.784549965727198 1.07548216885463e-14
21.24 14.4741675852069 -6.28604004410267 0.784549965727199 1.04718000651635e-14
21.28 11.5854722570291 -11.0998186338447 0.784549965727199 1.03302892534721e-14
21.32 7.65103338045507 -10.0061495995857 0.784549965727199 1.03302892534721e-14
21.36 -0.026255622656978 0.590201197120939 0.784549965727199 1.06133108768549e-14
21.4 -0.537925674788313 -1.40891777081132 0.784549965727199 1.06133108768549e-14
21.44 -0.856444953913515 -0.951949274066241 0.784549965727198 1.13208649353119e-14
21.48 4.34120462369378 -9.87019373503528 0.784549965727198 1.13208649353119e-14
21.52 1.10924837495337 -4.9091787624763 0.784549965727198 1.13208649353119e-14
21.56 -1.21513685589608 1.63926568659331 0.784549965727198 1.11793541236205e-14
21.6 -7.33227256010771 12.1755608541136 0.784549965727198 1.10378433119291e-14
21.64 -12.595829405718 13.0063644213318 0.784549965727198 1.10378433119291e-14
21.68 -11.6626309752618 6.55388254874175 0.784549965727199 1.04718000651635e-14
21.72 -9.63874239382058 1.07726323540518 0.784549965727199 1.06133108768549e-14
21.76 -4.53082310364454 -2.47126251846369 0.784549965727199 1.04718000651635e-14
21.8 -4.81009475644633 -6.08430157993422 0.7845499657272 NaN
21.84 -7.20470267568495 -9.23071378245604 0.784549965727199 NaN
21.88 -9.17587312838718 -11.8514778647168 0.784549965727199 1.03302892534721e-14
21.92 -5.80891186361452 -11.9210897224949 0.784549965727199 1.03302892534721e-14
21.96 -2.73806393738664 -7.1549168260993 0.784549965727199 NaN
22 3.90627070643027 5.45962873384352 0.784549965727199 1.01887784417807e-14
22.04 5.09541724168096 5.97353818247661 0.784549965727199 NaN
22.08 7.19385289506908 11.4720884064648 0.784549965727199 1.06133108768549e-14
22.12 3.95057559558742 7.44659022388308 0.784549965727199 1.06133108768549e-14
22.16 3.55655810658216 4.46647286014382 0.784549965727198 1.07548216885463e-14
22.2 5.94377393190765 3.75366853914745 0.784549965727199 1.04718000651635e-14
22.24 10.1543467567816 1.68927321119541 0.784549965727198 1.11793541236205e-14
22.28 14.0371531763243 -4.79801329178609 0.784549965727198 1.13208649353119e-14
22.32 12.164730360266 -10.102873878844 0.784549965727198 1.18869081820774e-14
22.36 6.96253450323924 -8.54256717715332 0.784549965727198 1.14623757470033e-14
22.4 1.29106234234529 -1.6230661729846 0.784549965727197 1.21699298054602e-14
22.44 -0.700605794792301 -2.2406359250703 0.784549965727197 1.23114406171516e-14
22.48 1.00193033655107 -5.04758576574187 0.784549965727197 1.23114406171516e-14
22.52 3.45857706874825 -7.96574234384587 0.784549965727197 1.2452951428843e-14
22.56 1.17526827789583 -5.27294158019362 0.784549965727197 1.27359730522258e-14
22.6 -0.574904595409229 1.82803599694154 0.784549965727197 1.21699298054602e-14
22.64 -7.82894897697672 13.501837542984 0.784549965727198 1.1745397370386e-14
22.68 -12.726419097187 13.2368079634747 0.784549965727197 1.28774838639172e-14
22.72 -11.7117684024168 7.11872694594486 0.784549965727197 1.23114406171516e-14
22.76 -8.45697259322781 1.82205183806496 0.784549965727198 1.16038865586946e-14
22.8 -2.46804803076215 -1.41505828165068 0.784549965727197 1.20284189937688e-14
22.84 -5.3926376964233 -5.4653709041222 0.784549965727197 1.21699298054602e-14
22.88 -8.12206056132885 -9.13751068262073 0.784549965727198 1.18869081820774e-14
22.92 -11.6127680633749 -15.3161086189651 0.784549965727198 1.18869081820774e-14
22.96 -7.37702966224009 -15.5160015585012 0.784549965727198 1.16038865586946e-14
23 -2.73348797028883 -7.4338264341951 0.784549965727198 1.13208649353119e-14
23.04 4.26251384634013 6.09875570038776 0.784549965727198 1.14623757470033e-14
23.08 7.0240448864257 9.66097745585367 0.784549965727199 1.03302892534721e-14
23.12 6.28245159396489 11.2757821259561 0.784549965727199 1.03302892534721e-14
23.16 4.06348497504616 8.02536306938375 0.784549965727198 1.11793541236205e-14
23.2 1.4455269131617 2.05801690582064 0.784549965727198 1.16038865586946e-14
23.24 5.10430841209264 3.75437874957709 0.784549965727199 1.04718000651635e-14
23.28 10.431798792254 2.60909299602916 0.784549965727198 1.07548216885463e-14
23.32 16.3810233279866 -4.04688843274087 0.784549965727198 1.07548216885463e-14
23.36 11.8801758912575 -9.02609559951133 0.784549965727199 1.04718000651635e-14
23.4 7.20591260330904 -8.17755257674518 0.784549965727199 NaN
23.44 0.834288571949801 -1.41446244599392 0.784549965727199 NaN
23.48 -0.979251984319399 -2.42281005625605 0.784549965727199 NaN
23.52 1.48247791646622 -5.16763617607943 0.784549965727199 1.00472676300893e-14
23.56 3.50056511756336 -7.74348132607422 0.784549965727199 1.03302892534721e-14
23.6 2.19669335828426 -6.396338949499 0.784549965727198 1.14623757470033e-14
23.64 -0.914478888737608 2.84967014224017 0.784549965727198 1.14623757470033e-14
23.68 -7.38754802338953 12.4502262063081 0.784549965727198 1.14623757470033e-14
23.72 -12.4777347270022 12.9013035974432 0.784549965727198 1.10378433119291e-14
23.76 -11.2244398374542 8.05276642261928 0.784549965727199 1.06133108768549e-14
23.8 -7.51800580088007 2.47752901466084 0.784549965727199 1.06133108768549e-14
23.84 -3.27924936131188 -1.12299896490107 0.784549965727198 1.16038865586946e-14
23.88 -6.83340841014779 -5.2153575901201 0.784549965727197 1.23114406171516e-14
23.92 -8.84193823551638 -9.55844544456228 0.784549965727197 1.20284189937688e-14
23.96 -12.1249927291281 -16.6887201255952 0.784549965727197 1.2452951428843e-14
24 -5.47203805037009 -12.3135102558128 0.784549965727197 1.20284189937688e-14
24.04 -1.99171840357866 -6.00706790077284 0.784549965727197 1.20284189937688e-14
24.08 5.32083581470634 8.43698619539584 0.784549965727198 1.1745397370386e-14
24.12 4.73310887726847 7.03669567176596 0.784549965727197 1.20284189937688e-14
24.16 4.06260577397531 7.80071193116476 0.784549965727198 1.08963325002377e-14
24.2 1.88146116492526 4.34561994681715 0.784549965727198 1.13208649353119e-14
24.24 3.00701175778988 3.61900345307406 0.784549965727198 1.08963325002377e-14
24.28 6.94416516796222 5.48466684965265 0.784549965727198 1.11793541236205e-14
24.32 11.4900915107169 3.85208111783379 0.784549965727198 1.10378433119291e-14
24.36 14.2310852445488 -2.30166295483262 0.784549965727198 1.08963325002377e-14
24.4 10.4301691262482 -6.94632503886623 0.784549965727198 1.07548216885463e-14
24.44 5.82326074023286 -6.29554230065384 0.784549965727199 1.06133108768549e-14
24.48 1.44071773108564 -3.30295004268199 0.784549965727198 1.11793541236205e-14
24.52 1.53009101879794 -6.27865668854919 0.784549965727198 1.11793541236205e-14
24.56 3.63397208082807 -8.33231796433819 0.784549965727198 1.14623757470033e-14
24.6 5.202460945307 -10.9057556371128 0.784549965727198 1.11793541236205e-14
24.64 0.843595408510374 -3.38730805441658 0.784549965727199 1.01887784417807e-14
24.68 -2.28214556888372 5.08338839178319 0.784549965727199 NaN
24.72 -10.1623472952851 14.8332592364656 0.784549965727199 NaN
24.76 -10.2283127701161 11.3337824419276 0.784549965727199 1.03302892534721e-14
24.8 -9.72445240359216 8.42796734433287 0.784549965727198 1.11793541236205e-14
24.84 -5.23441028627116 2.31466915071006 0.784549965727198 1.16038865586946e-14
24.88 -5.22522521961141 -0.751521421225313 0.784549965727198 1.13208649353119e-14
24.92 -7.49027860812868 -4.84621629505896 0.784549965727199 1.04718000651635e-14
24.96 -11.623223516856 -11.4585450831036 0.784549965727199 NaN
25 -10.0799522677564 -14.8938516471511 0.784549965727199 NaN
25.04 -4.96252553408448 -11.2821979335525 0.784549965727198 1.07548216885463e-14
25.08 -1.32663397066085 -3.57818364937996 0.784549965727199 1.04718000651635e-14
25.12 3.37666689475365 5.35335853504167 0.784549965727199 1.00472676300893e-14
25.16 3.12279170203938 4.72293443354479 0.784549965727199 NaN
25.2 2.78596582228316 5.80916837229845 0.784549965727199 1.03302892534721e-14
25.24 0.620997058484873 0.831834282052105 0.784549965727199 1.06133108768549e-14
25.28 4.23422091608515 4.84555690957985 0.784549965727199 1.01887784417807e-14
25.32 7.72151726115365 6.96500942533732 0.784549965727198 1.08963325002377e-14
25.36 12.5315425816813 5.29913693383809 0.784549965727198 1.11793541236205e-14
25.4 12.0787519943474 -0.849709818991299 0.784549965727198 1.08963325002377e-14
25.44 9.62272059826795 -5.3068504104541 0.784549965727199 1.06133108768549e-14
25.48 5.37053443504571 -5.87689684340093 0.784549965727198 1.07548216885463e-14
25.52 4.39896800361714 -8.08621301744495 0.784549965727199 1.01887784417807e-14
25.56 2.95080118966182 -7.64648528562564 0.784549965727199 NaN
25.6 4.40455459833306 -8.61792207231071 0.784549965727199 1.06133108768549e-14
25.64 2.88258647241957 -6.25296968758056 0.784549965727199 1.06133108768549e-14
25.68 -0.340845540673805 -0.361133407781115 0.784549965727199 1.04718000651635e-14
25.72 -2.81743732321373 5.25249629731261 0.784549965727199 NaN
25.76 -8.09922566890564 11.0791430698009 0.784549965727198 1.10378433119291e-14
25.8 -7.73586776659297 9.0312586939822 0.784549965727198 1.11793541236205e-14
25.84 -8.52156852395637 8.3239899361746 0.784549965727198 1.14623757470033e-14
25.88 -6.05403887470852 3.32246169642029 0.784549965727198 1.13208649353119e-14
25.92 -7.63259287880046 -0.196752272994287 0.784549965727197 1.23114406171516e-14
25.96 -8.90098199459396 -4.59472630735751 0.784549965727197 1.21699298054602e-14
26 -10.9116820187416 -10.7164138290148 0.784549965727197 1.20284189937688e-14
26.04 -8.51081991974161 -13.1557679571701 0.784549965727198 1.14623757470033e-14
26.08 -3.94540622936502 -8.32214880462124 0.784549965727198 1.14623757470033e-14
26.12 -1.41168497219698 -2.67202177702129 0.784549965727198 1.1745397370386e-14
26.16 1.59859356440362 1.99819632050272 0.784549965727198 1.1745397370386e-14
26.2 0.750766667204729 0.737324309675652 0.784549965727198 1.18869081820774e-14
26.24 1.80802525451883 3.14527013319326 0.784549965727198 1.1745397370386e-14
26.28 2.32794294464058 2.59271873997604 0.784549965727198 1.11793541236205e-14
26.32 5.78596619672723 7.35521527885039 0.784549965727199 1.06133108768549e-14
26.36 8.7894930365318 8.81031122048267 0.784549965727198 1.1745397370386e-14
26.4 11.1519054442461 5.6350789151316 0.784549965727198 1.16038865586946e-14
26.44 10.2936478148322 0.23091944679052 0.784549965727198 1.16038865586946e-14
26.48 8.40279787672276 -4.10923629117651 0.784549965727198 1.18869081820774e-14
26.52 6.34998858090169 -6.93305188873716 0.784549965727197 1.25944622405344e-14
26.56 5.73399556079182 -8.92663560701401 0.784549965727197 1.28774838639172e-14
26.6 4.69880881983489 -8.61037114922587 0.784549965727197 1.27359730522258e-14
26.64 4.29955059929961 -8.0533479433316 0.784549965727197 1.2452951428843e-14
26.68 1.98342292135326 -5.00604911677219 0.784549965727197 1.2452951428843e-14
26.72 -0.854802637494223 0.229976665925024 0.784549965727197 1.21699298054602e-14
26.76 -2.76793230031461 3.75679809988737 0.784549965727197 1.23114406171516e-14
26.8 -6.40213462743004 8.62073631644081 0.784549965727197 1.27359730522258e-14
26.84 -6.32276287684278 8.60098587823726 0.784549965727196 1.35850379223742e-14
26.88 -7.98524270891306 8.6656197858322 0.784549965727196 1.33020162989914e-14
26.92 -7.38460630983858 4.34273759781829 0.784549965727196 1.37265487340656e-14
26.96 -8.90755500645425 0.615656400047973 0.784549965727196 1.41510811691398e-14
27 -8.96628346470635 -4.00353637965039 0.784549965727195 1.48586352275968e-14
27.04 -9.66123662356989 -9.32082779429183 0.784549965727195 1.48586352275968e-14
27.08 -7.23556798793609 -10.4065025265484 0.784549965727195 1.48586352275968e-14
27.12 -4.32100310723815 -7.75144812253999 0.784549965727194 1.5990721721128e-14
27.16 -2.86260268737512 -5.79075923994116 0.784549965727195 1.5283167662671e-14
27.2 -0.301277979438326 -1.87702303095797 0.784549965727195 1.54246784743624e-14
27.24 -0.0377379335529763 -1.03617819352865 0.784549965727195 1.48586352275968e-14
27.28 2.51731488445489 3.35058528775451 0.784549965727195 1.50001460392882e-14
27.32 3.91510581659722 5.57769923513667 0.784549965727195 1.5283167662671e-14
27.36 6.40271281021391 9.07751762789344 0.784549965727195 1.50001460392882e-14
27.4 7.90874116456722 8.30327241587776 0.784549965727195 1.47171244159054e-14
27.44 8.88667443774633 5.36173731923126 0.784549965727195 1.50001460392882e-14
27.48 9.17286141679624 1.05734758308381 0.784549965727195 1.54246784743624e-14
27.52 9.24112683582534 -3.69939200397453 0.784549965727194 1.5990721721128e-14
27.56 8.65388681468029 -7.87643935251531 0.784549965727195 1.55661892860538e-14
27.6 7.44159900277056 -10.039013220642 0.784549965727194 1.62737433445108e-14
27.64 4.93919988492274 -8.84144756662894 0.784549965727194 1.65567649678936e-14
27.68 2.74976796399332 -6.11450078361266 0.784549965727194 1.68397865912764e-14
27.72 0.877956488800836 -3.22516446710712 0.784549965727194 1.6698275779585e-14
27.76 -0.800967120488485 -0.0873573583583787 0.784549965727194 1.65567649678936e-14
27.8 -1.09064394499736 0.758071506432575 0.784549965727194 1.64152541562022e-14
27.84 -3.79767352886181 5.68520959680489 0.784549965727194 1.64152541562022e-14
27.88 -5.50675759688067 7.95073903941046 0.784549965727193 1.71228082146592e-14
27.92 -8.82431938217089 9.41253535545491 0.784549965727193 1.71228082146592e-14
27.96 -9.45621173771987 6.19033384066877 0.784549965727194 1.65567649678936e-14
28 -9.38544869693186 1.52160626194876 0.784549965727194 1.65567649678936e-14
28.04 -8.005441075304 -2.95360053813754 0.784549965727194 1.64152541562022e-14
28.08 -7.71460184620885 -6.99231689485749 0.784549965727194 1.62737433445108e-14
28.12 -7.16070497741308 -9.83325512258838 0.784549965727194 1.61322325328194e-14
28.16 -5.8301542001683 -9.74184173269011 0.784549965727194 1.61322325328194e-14
28.2 -4.64015041629058 -8.89885106974843 0.784549965727194 1.58492109094366e-14
28.24 -1.70987924795616 -4.30632645870762 0.784549965727195 1.55661892860538e-14
28.28 0.450637627992051 -0.110302616726521 0.784549965727194 1.62737433445108e-14
28.32 3.3111152110057 4.64843122564323 0.784549965727194 1.62737433445108e-14
28.36 4.97331596618828 7.63134604950122 0.784549965727194 1.61322325328194e-14
28.4 5.62017334554542 8.18168588443089 0.784549965727194 1.5990721721128e-14
28.44 5.91708117083625 6.59328660596947 0.784549965727194 1.62737433445108e-14
28.48 7.58095762713036 5.37301546201068 0.784549965727194 1.62737433445108e-14
28.52 9.34564942568215 1.92209791127247 0.784549965727194 1.64152541562022e-14
28.56 10.8700741030466 -3.29134342222543 0.784549965727194 1.68397865912764e-14
28.6 9.52133225755405 -7.83903906301837 0.784549965727194 1.69812974029678e-14
28.64 7.65385834173524 -9.71083888732375 0.784549965727193 1.71228082146592e-14
28.68 3.78334361598711 -6.63467761434637 0.784549965727193 1.79718730848076e-14
28.72 2.87799873143571 -6.33945480510168 0.784549965727193 1.79718730848076e-14
28.76 1.05483349204468 -3.62547045674988 0.784549965727193 1.79718730848076e-14
28.8 0.779719567979154 -2.92866925322402 0.784549965727193 1.79718730848076e-14
28.84 -0.361984267763876 -0.975121181228062 0.784549965727193 1.76888514614248e-14
28.88 -3.21821795411942 4.78305737572507 0.784549965727193 1.71228082146592e-14
28.92 -6.11356501155845 9.0738973642561 0.784549965727194 1.65567649678936e-14
28.96 -9.85252458031651 10.9347217492105 0.784549965727194 1.64152541562022e-14
29 -8.96806972004114 6.59311942326643 0.784549965727194 1.6698275779585e-14
29.04 -8.52631298700461 2.16105267857648 0.784549965727194 1.6698275779585e-14
29.08 -6.89330846037189 -2.01573854038868 0.784549965727194 1.69812974029678e-14
29.12 -8.04355584461701 -6.65858361108234 0.784549965727194 1.68397865912764e-14
29.16 -8.60623576898283 -10.2643433176687 0.784549965727194 1.69812974029678e-14
29.2 -7.41229922594198 -11.1521894719 0.784549965727193 1.71228082146592e-14
29.24 -4.63595702217078 -9.48212126244015 0.784549965727193 1.7405829838042e-14
29.28 -1.0726917616503 -3.53873815971489 0.784549965727193 1.71228082146592e-14
29.32 1.46077576315164 1.53045911061386 0.784549965727194 1.65567649678936e-14
29.36 2.80372455903396 3.62314192739638 0.784549965727194 1.62737433445108e-14
29.4 3.85197090489183 6.37664723812101 0.784549965727194 1.6698275779585e-14
29.44 3.86541624688926 6.23768307038413 0.784549965727194 1.61322325328194e-14
29.48 5.91812348429856 6.88194243427497 0.784549965727194 1.5990721721128e-14
29.52 7.92050240870032 6.15047309783818 0.784549965727194 1.64152541562022e-14
29.56 10.7647942853861 3.12735616630172 0.784549965727194 1.61322325328194e-14
29.6 10.8647535553039 -2.32742544805332 0.784549965727195 1.57077000977452e-14
29.64 8.96739537796513 -6.55221303638249 0.784549965727195 1.55661892860538e-14
29.68 6.36179325502172 -7.5496696289926 0.784549965727195 1.57077000977452e-14
29.72 3.98156421971286 -7.11929660302815 0.784549965727194 1.5990721721128e-14
29.76 3.50248360320179 -8.04803469898096 0.784549965727194 1.65567649678936e-14
29.8 2.62765639186592 -6.03810835810355 0.784549965727195 1.57077000977452e-14
29.84 1.7910688315703 -4.62168920688524 0.784549965727194 1.61322325328194e-14
29.88 -0.642072818121997 -0.185767119742048 0.784549965727194 1.58492109094366e-14
29.92 -3.48869302534058 5.97716148663842 0.784549965727195 1.57077000977452e-14
29.96 -6.9193943165543 9.86606767580292 0.784549965727195 1.50001460392882e-14
30 -8.82540746713196 9.97723430811999 0.784549965727195 1.4575613604214e-14
30.04 -8.39013594850079 7.02335609459001 0.784549965727196 1.37265487340656e-14
30.08 -7.46044921770042 2.75607634216749 0.784549965727196 1.42925919808312e-14
30.12 -7.60658759723422 -1.36022322563307 0.784549965727196 1.40095703574484e-14
30.16 -8.77790838678147 -6.00976617072583 0.784549965727196 1.41510811691398e-14
30.2 -9.30824887316443 -10.5149030326347 0.784549965727196 1.37265487340656e-14
30.24 -7.22232094229693 -11.5857650517938 0.784549965727197 1.31605054873e-14
30.28 -4.05242083579015 -8.4358573948449 0.784549965727196 1.40095703574484e-14
30.32 -1.22073422864678 -3.00602931624544 0.784549965727196 1.3868059545757e-14
30.36 0.926688026080582 0.861073651676039 0.784549965727196 1.3868059545757e-14
30.4 1.61193247636535 2.04733300156716 0.784549965727196 1.35850379223742e-14
30.44 3.02960405074168 5.00692576902114 0.784549965727196 1.37265487340656e-14
30.48 3.93418462463399 5.56825762496957 0.784549965727196 1.33020162989914e-14
30.52 6.5434720496471 7.79092970354682 0.784549965727196 1.33020162989914e-14
30.56 8.46357991800855 7.29564704206158 0.784549965727197 1.28774838639172e-14
30.6 10.4107525164685 3.99103489606041 0.784549965727196 1.34435271106828e-14
30.64 9.74296053847825 -1.17965852024996 0.784549965727197 1.30189946756086e-14
30.68 8.52565908302335 -5.48004771771702 0.784549965727197 1.28774838639172e-14
30.72 7.07728464710802 -8.12247559987855 0.784549965727196 1.35850379223742e-14
30.76 5.74020318151814 -9.29049205494262 0.784549965727196 1.34435271106828e-14
30.8 4.63472967798622 -8.85631711669793 0.784549965727196 1.40095703574484e-14
30.84 2.62850030148225 -5.81918053266497 0.784549965727196 1.42925919808312e-14
30.88 0.816622684658746 -2.99288344865556 0.784549965727196 1.44341027925226e-14
30.92 -1.23398305016856 0.917673390407273 0.784549965727195 1.51416568509796e-14
30.96 -3.17694920976879 4.58208514602003 0.784549965727195 1.48586352275968e-14
31 -5.56007307061381 7.88135500713838 0.784549965727195 1.55661892860538e-14
31.04 -7.04333361699882 8.97082598085109 0.784549965727195 1.55661892860538e-14
31.08 -8.07429271500281 7.4658928142134 0.784549965727194 1.64152541562022e-14
31.12 -8.50758985088476 3.7624330713994 0.784549965727194 1.64152541562022e-14
31.16 -9.17357999898891 -0.700328075154917 0.784549965727195 1.55661892860538e-14
31.2 -8.88401757173622 -5.43788388360183 0.784549965727195 1.57077000977452e-14
31.24 -8.66510116221822 -9.3550181581009 0.784549965727194 1.64152541562022e-14
31.28 -6.06547852838287 -9.35180173228338 0.784549965727194 1.64152541562022e-14
31.32 -4.30626483921016 -8.13698963483616 0.784549965727194 1.6698275779585e-14
31.36 -2.08038391683941 -4.78959565027235 0.784549965727194 1.69812974029678e-14
31.4 -1.05733886418944 -3.0102773891625 0.784549965727193 1.71228082146592e-14
31.44 0.713767532513502 0.220451863831561 0.784549965727194 1.6698275779585e-14
31.48 2.99426799956865 4.41132002069459 0.784549965727193 1.75473406497334e-14
31.52 5.02954024480196 7.55870869196589 0.784549965727193 1.79718730848076e-14
31.56 7.08275315310244 9.12662445043831 0.784549965727193 1.82548947081904e-14
31.6 7.71467897215313 7.19910923400109 0.784549965727192 1.8820937954956e-14
31.64 9.01688123845158 4.26422143978668 0.784549965727192 1.83964055198818e-14
31.68 8.81348791971043 -0.258895024918895 0.784549965727192 1.83964055198818e-14
31.72 9.20052607160195 -5.06949060277267 0.784549965727193 1.82548947081904e-14
31.76 8.16667215928709 -8.50433036611043 0.784549965727192 1.83964055198818e-14
31.8 6.95617720049369 -10.2293686061968 0.784549965727193 1.8113383896499e-14
31.84 4.46398461133409 -8.37809480068591 0.784549965727193 1.82548947081904e-14
31.88 2.51625429188277 -5.75653577890142 0.784549965727193 1.8113383896499e-14
31.92 0.374064603686072 -2.06233767886945 0.784549965727192 1.85379163315732e-14
31.96 -0.783829559549735 -0.0566353997638549 0.784549965727192 1.91039595783387e-14
32 -2.20871852659617 2.82867950467562 0.784549965727192 1.92454703900302e-14
32.04 -4.38925862365442 6.50282829516157 0.784549965727192 1.92454703900302e-14
32.08 -6.7824860135769 8.90594050875959 0.784549965727192 1.89624487666474e-14
32.12 -8.69996056407017 8.52420214435688 0.784549965727191 1.98115136367957e-14
32.16 -9.18491168653047 4.79938141216615 0.784549965727191 2.00945352601785e-14
32.2 -8.75950067371298 0.152340635400588 0.784549965727191 2.00945352601785e-14
32.24 -8.01651831567274 -4.24291096971088 0.784549965727191 1.99530244484871e-14
32.28 -8.01754295298867 -8.38002758009879 0.784549965727192 1.93869812017215e-14
32.32 -7.20751060864372 -10.1763594810551 0.784549965727192 1.85379163315732e-14
32.36 -5.63612830592463 -9.80424184897449 0.784549965727193 1.78303622731162e-14
32.4 -3.13903314079721 -6.75570628007704 0.784549965727193 1.79718730848076e-14
32.44 -0.896400739087944 -2.66113047305898 0.784549965727193 1.82548947081904e-14
32.48 1.52519644625377 1.48010589146618 0.784549965727193 1.78303622731162e-14
32.52 3.18158988152598 4.64859015985064 0.784549965727193 1.78303622731162e-14
32.56 4.82932321128034 7.48562268704276 0.784549965727193 1.76888514614248e-14
32.6 5.44491087970906 7.3731539495074 0.784549965727192 1.85379163315732e-14
32.64 6.97514407714857 7.11681884510084 0.784549965727193 1.78303622731162e-14
32.68 8.67631642177221 4.88627944225183 0.784549965727193 1.71228082146592e-14
32.72 10.0323344409401 0.625668662477467 0.784549965727193 1.76888514614248e-14
32.76 9.83884017024521 -4.48382584366561 0.784549965727193 1.75473406497334e-14
32.8 8.41918914805895 -8.09112559213573 0.784549965727193 1.7405829838042e-14
32.84 6.09756895609505 -8.48750523618727 0.784549965727194 1.6698275779585e-14
32.88 4.00080371004274 -7.67774102347795 0.784549965727194 1.62737433445108e-14
32.92 2.6920139823519 -6.38353814541712 0.784549965727194 1.6698275779585e-14
32.96 1.48664249090601 -3.96953999199339 0.784549965727194 1.68397865912764e-14
33 0.36279283156399 -2.29705141187172 0.784549965727194 1.64152541562022e-14
33.04 -1.67577272641954 2.01055000257268 0.784549965727194 1.58492109094366e-14
33.08 -4.51183308276008 7.00541390328116 0.784549965727195 1.5283167662671e-14
33.12 -7.42526994752145 9.78330975007035 0.784549965727195 1.57077000977452e-14
33.16 -8.74556709385338 8.99681444573132 0.784549965727195 1.57077000977452e-14
33.2 -8.77035058069769 5.45532507433707 0.784549965727195 1.57077000977452e-14
33.24 -7.85281959166513 0.904597821949977 0.784549965727194 1.62737433445108e-14
33.28 -7.99681585758674 -3.40577798268062 0.784549965727194 1.62737433445108e-14
33.32 -8.63863446980338 -7.9368067480249 0.784549965727194 1.62737433445108e-14
33.36 -8.07724812401941 -10.799105211865 0.784549965727194 1.62737433445108e-14
33.4 -5.65905806227342 -10.2007024161392 0.784549965727194 1.62737433445108e-14
33.44 -3.17314279575733 -6.77454876950482 0.784549965727194 1.69812974029678e-14
33.48 -0.653433760524859 -1.97655991723265 0.784549965727193 1.72643190263506e-14
33.52 0.985259807145058 0.723564004812852 0.784549965727193 1.7405829838042e-14
33.56 2.61227554058892 3.98839355133677 0.784549965727194 1.68397865912764e-14
33.6 3.90425560575623 6.04578169485825 0.784549965727194 1.64152541562022e-14
33.64 5.41243214283067 7.22533806061213 0.784549965727193 1.72643190263506e-14
33.68 7.28733274278315 7.82707398879286 0.784549965727193 1.72643190263506e-14
33.72 9.10425673515117 5.90951609345411 0.784549965727194 1.65567649678936e-14
33.76 9.83224301353845 1.51492279467772 0.784549965727194 1.64152541562022e-14
33.8 9.30789164919738 -3.34962418336303 0.784549965727194 1.62737433445108e-14
33.84 8.16815153309633 -7.16359145308091 0.784549965727194 1.62737433445108e-14
33.88 6.763099846336 -9.1915346501513 0.784549965727194 1.68397865912764e-14
33.92 5.1892621985125 -9.16358988465846 0.784549965727194 1.65567649678936e-14
33.96 3.73658964500108 -7.53269916571228 0.784549965727195 1.55661892860538e-14
34 1.40114128192822 -3.86883680800198 0.784549965727195 1.55661892860538e-14
34.04 -0.109618313888939 -1.33286534114368 0.784549965727195 1.54246784743624e-14
34.08 -2.09067263643368 2.61169686815074 0.784549965727195 1.5283167662671e-14
34.12 -3.98899417298519 5.71487516364954 0.784549965727194 1.68397865912764e-14
34.16 -6.16480097177139 8.47323740604839 0.784549965727194 1.69812974029678e-14
34.2 -7.77365129915243 8.85620870134644 0.784549965727194 1.69812974029678e-14
34.24 -8.42382752971191 5.9476609386972 0.784549965727193 1.71228082146592e-14
34.28 -8.96350853336523 1.82147742890612 0.784549965727194 1.65567649678936e-14
34.32 -8.90060370746692 -2.87412236081404 0.784549965727194 1.64152541562022e-14
34.36 -8.88610146774687 -7.49816970691655 0.784549965727194 1.64152541562022e-14
34.4 -7.25911508538662 -9.5052482460952 0.784549965727194 1.58492109094366e-14
34.44 -5.46162989960863 -9.14201848747895 0.784549965727194 1.5990721721128e-14
34.48 -3.20245240266517 -6.54452982490452 0.784549965727194 1.5990721721128e-14
34.52 -1.82372535339205 -4.3737686614994 0.784549965727194 1.6698275779585e-14
34.56 -0.269615614177974 -1.6024880061752 0.784549965727194 1.6698275779585e-14
34.6 1.76867693457647 2.08625953884514 0.784549965727194 1.62737433445108e-14
34.64 4.0726836782287 6.18230060700344 0.784549965727194 1.62737433445108e-14
34.68 6.10653418853182 8.71395953466383 0.784549965727194 1.61322325328194e-14
34.72 7.37200858783192 8.44168095327574 0.784549965727194 1.68397865912764e-14
34.76 8.45217151862015 6.16962002830981 0.784549965727194 1.6698275779585e-14
34.8 8.72222712698154 2.14757645346454 0.784549965727194 1.61322325328194e-14
34.84 9.04907649811629 -2.44805598605297 0.784549965727195 1.55661892860538e-14
34.88 8.70796712417448 -6.86691658163285 0.784549965727195 1.5283167662671e-14
34.92 7.72486350939556 -9.59612348246668 0.784549965727195 1.55661892860538e-14
34.96 5.96993732772241 -9.73294780650885 0.784549965727194 1.64152541562022e-14
35 3.77150098525272 -7.72933393872891 0.784549965727194 1.64152541562022e-14
35.04 1.41420648097615 -3.90644991090136 0.784549965727194 1.68397865912764e-14
35.08 -0.304613628149049 -0.926675993070572 0.784549965727194 1.65567649678936e-14
35.12 -1.5956743142087 1.43688966079056 0.784549965727195 1.55661892860538e-14
35.16 -3.17624124698661 4.71929288465281 0.784549965727195 1.5283167662671e-14
35.2 -5.47065050160933 7.82351874170925 0.784549965727195 1.48586352275968e-14
35.24 -7.56833018930849 8.8920457634302 0.784549965727195 1.48586352275968e-14
35.28 -8.96215894087448 6.9934014129933 0.784549965727195 1.51416568509796e-14
35.32 -8.9442288075717 2.63129655183562 0.784549965727195 1.55661892860538e-14
35.36 -8.70577450836026 -1.98620947017613 0.784549965727195 1.5283167662671e-14
35.4 -8.17759451757158 -6.34857860445607 0.784549965727195 1.50001460392882e-14
35.44 -7.82597551624826 -9.43806228046563 0.784549965727196 1.44341027925226e-14
35.48 -6.20038582176509 -9.79682869969169 0.784549965727196 1.44341027925226e-14
35.52 -4.20248906699923 -8.37519339328953 0.784549965727196 1.33020162989914e-14
35.56 -1.99701727654492 -4.64744284532765 0.784549965727196 1.34435271106828e-14
35.6 -0.077151561303363 -1.27881566771087 0.784549965727197 1.31605054873e-14
35.64 1.70205967484361 1.89804554911136 0.784549965727197 1.21699298054602e-14
35.68 4.0531092318932 6.44992203520766 0.784549965727197 1.20284189937688e-14
35.72 5.19104099853383 7.53049903103189 0.784549965727197 1.25944622405344e-14
35.76 6.82661327280601 8.18374405678264 0.784549965727197 1.23114406171516e-14
35.8 7.93948584528998 6.51955333128276 0.784549965727197 1.30189946756086e-14
35.84 9.3046386634058 3.09695507878423 0.784549965727197 1.31605054873e-14
35.88 9.46499043522606 -1.65033536749289 0.784549965727197 1.30189946756086e-14
35.92 8.88703699586361 -6.22452206739485 0.784549965727196 1.35850379223742e-14
35.96 7.30827317431546 -8.53217776119353 0.784549965727196 1.37265487340656e-14
36 5.67263237889942 -9.18041417990891 0.784549965727196 1.40095703574484e-14
36.04 4.00231203546075 -8.16235347130681 0.784549965727196 1.40095703574484e-14
36.08 2.20693638470821 -5.06216568201096 0.784549965727197 1.31605054873e-14
36.12 0.494514000296523 -2.3523564415806 0.784549965727197 1.27359730522258e-14
36.16 -1.11591585725874 0.643596992176953 0.784549965727197 1.20284189937688e-14
36.2 -3.13269508230288 4.69496394955507 0.784549965727197 1.2452951428843e-14
36.24 -5.51669162210001 7.71934593763758 0.784549965727197 1.31605054873e-14
36.28 -7.73845012304565 9.44394543526151 0.784549965727196 1.34435271106828e-14
36.32 -8.45461098738817 7.43393572384676 0.784549965727197 1.25944622405344e-14
36.36 -8.58568035855872 3.3384256819808 0.784549965727197 1.31605054873e-14
36.4 -8.41808446770757 -1.09995067775328 0.784549965727196 1.34435271106828e-14
36.44 -8.67381286640162 -5.79083154242722 0.784549965727197 1.31605054873e-14
36.48 -8.19320403420231 -9.41010367956091 0.784549965727197 1.30189946756086e-14
36.52 -6.65391818480873 -10.2690806418633 0.784549965727196 1.35850379223742e-14
36.56 -4.06793957544968 -7.85145294562379 0.784549965727196 1.33020162989914e-14
36.6 -2.06033337536303 -4.50872396856077 0.784549965727197 1.30189946756086e-14
36.64 -0.425875014722917 -1.81726638614354 0.784549965727197 1.27359730522258e-14
36.68 1.25525503098417 1.16900797153899 0.784549965727197 1.2452951428843e-14
36.72 3.10125213935203 4.54840250337863 0.784549965727198 1.1745397370386e-14
36.76 5.23453690432648 7.58087062262037 0.784549965727197 1.21699298054602e-14
36.8 6.780401464139 8.574650041155 0.784549965727197 1.25944622405344e-14
36.84 8.32948685916621 7.48493108812511 0.784549965727197 1.31605054873e-14
36.88 8.91845632112256 3.76847146662719 0.784549965727197 1.30189946756086e-14
36.92 9.22135466780153 -0.741662926501636 0.784549965727196 1.33020162989914e-14
36.96 8.68904094378808 -5.3129617314227 0.784549965727196 1.34435271106828e-14
37 8.00467098168567 -8.81023026012024 0.784549965727196 1.35850379223742e-14
37.04 6.52031017633942 -9.71474013855448 0.784549965727196 1.41510811691398e-14
37.08 4.69605487653914 -8.78377685887448 0.784549965727195 1.4575613604214e-14
37.12 2.29975661601242 -5.43141154018775 0.784549965727195 1.48586352275968e-14
37.16 0.271391900640456 -1.99315568332021 0.784549965727195 1.47171244159054e-14
37.2 -1.18012426081151 0.530750522649936 0.784549965727195 1.47171244159054e-14
37.24 -2.6638714328636 3.59448342651511 0.784549965727196 1.42925919808312e-14
37.28 -4.58526455836009 6.80909398158557 0.784549965727196 1.42925919808312e-14
37.32 -6.83052170682342 8.82985901561919 0.784549965727196 1.42925919808312e-14
37.36 -8.4093939173366 7.95719934334217 0.784549965727196 1.35850379223742e-14
37.4 -9.16758848491908 4.3223105363367 0.784549965727196 1.35850379223742e-14
37.44 -9.06642999920673 -0.315885077869623 0.784549965727196 1.33020162989914e-14
37.48 -8.55352086084085 -4.95667250423585 0.784549965727196 1.33020162989914e-14
37.52 -7.79201685099896 -8.44278600045737 0.784549965727196 1.34435271106828e-14
37.56 -6.41637421566001 -9.37596565185146 0.784549965727196 1.41510811691398e-14
37.6 -4.67146754869075 -8.60020310095819 0.784549965727196 1.44341027925226e-14
37.64 -3.01546060899426 -6.46021742722645 0.784549965727196 1.42925919808312e-14
37.68 -1.19845925010915 -3.13338127801401 0.784549965727196 1.41510811691398e-14
37.72 0.61041025757794 -0.170966066078187 0.784549965727196 1.34435271106828e-14
37.76 3.39401192928894 5.12527702433852 0.784549965727196 1.3868059545757e-14
37.8 5.21369126965043 7.85827806526704 0.784549965727196 1.37265487340656e-14
37.84 6.74394332821154 8.71106035173152 0.784549965727196 1.33020162989914e-14
37.88 7.44010833355125 7.30910551534689 0.784549965727197 1.28774838639172e-14
37.92 8.45139651387647 4.3571809083275 0.784549965727196 1.37265487340656e-14
37.96 8.89549585274623 0.104998766754249 0.784549965727197 1.27359730522258e-14
38 9.20260542017401 -4.72059428555549 0.784549965727197 1.30189946756086e-14
38.04 8.49161470419865 -8.53676057459526 0.784549965727197 1.27359730522258e-14
38.08 7.05018435944546 -9.98499448373999 0.784549965727197 1.28774838639172e-14
38.12 4.95432250991426 -9.15835492797601 0.784549965727196 1.37265487340656e-14
38.16 2.46607973812405 -5.62766629270285 0.784549965727196 1.37265487340656e-14
38.2 0.450005603378184 -2.09864040422675 0.784549965727196 1.42925919808312e-14
38.24 -0.891075571132728 0.00411273010441326 0.784549965727195 1.47171244159054e-14
38.28 -2.10293958791196 2.78658006955954 0.784549965727194 1.5990721721128e-14
38.32 -4.10981197664526 5.94786328557212 0.784549965727194 1.5990721721128e-14
38.36 -6.5546923533986 8.63054640733974 0.784549965727195 1.54246784743624e-14
38.4 -8.2858332673609 8.4988134645277 0.784549965727195 1.51416568509796e-14
38.44 -9.08406699103224 5.10845303899469 0.784549965727195 1.57077000977452e-14
38.48 -8.94062877981947 0.524087299444609 0.784549965727195 1.51416568509796e-14
38.52 -8.60919116519551 -4.12070351395894 0.784549965727195 1.51416568509796e-14
38.56 -8.09700661127278 -8.03294238127475 0.784549965727194 1.5990721721128e-14
38.6 -6.98809015324259 -9.81359221815576 0.784549965727195 1.55661892860538e-14
38.64 -4.88466408872837 -8.85810611375619 0.784549965727195 1.5283167662671e-14
38.68 -3.0418543971872 -6.24675966085838 0.784549965727195 1.4575613604214e-14
38.72 -1.46183562742482 -3.63355942585852 0.784549965727195 1.48586352275968e-14
38.76 0.280859285190539 -0.673278469809832 0.784549965727196 1.42925919808312e-14
38.8 2.52919616038219 3.60983766427131 0.784549965727196 1.40095703574484e-14
38.84 4.91655410462288 7.34923946692202 0.784549965727196 1.42925919808312e-14
38.88 6.48274002413643 8.72275244424715 0.784549965727196 1.3868059545757e-14
38.92 7.81782445338133 8.2138943237956 0.784549965727196 1.34435271106828e-14
38.96 8.40647386911949 5.04447137594656 0.784549965727196 1.37265487340656e-14
39 8.87437876562654 0.91561409615171 0.784549965727195 1.4575613604214e-14
39.04 8.62052992239286 -3.64575407235214 0.784549965727196 1.44341027925226e-14
39.08 8.22679637489318 -7.75085301942139 0.784549965727195 1.4575613604214e-14
39.12 7.23346261361811 -9.77982328993422 0.784549965727195 1.48586352275968e-14
39.16 5.69329938403758 -9.74103919575202 0.784549965727195 1.48586352275968e-14
39.2 3.32396898175393 -6.9792701344762 0.784549965727195 1.48586352275968e-14
39.24 0.696426819550981 -2.64405028356924 0.784549965727195 1.5283167662671e-14
39.28 -0.881901180694634 -0.0110369499970029 0.784549965727195 1.55661892860538e-14
39.32 -2.40655499582205 2.90601071959152 0.784549965727195 1.5283167662671e-14
39.36 -3.64646670109689 5.33747634451863 0.784549965727195 1.55661892860538e-14
39.4 -6.02386052357662 8.32388721362743 0.784549965727195 1.54246784743624e-14
39.44 -7.55930994280241 8.36040761107694 0.784549965727195 1.5283167662671e-14
39.48 -8.99228132605121 5.79209211620446 0.784549965727195 1.48586352275968e-14
39.52 -9.23748306858529 1.383650106568 0.784549965727195 1.51416568509796e-14
39.56 -9.14944513796661 -3.4711599034344 0.784549965727195 1.47171244159054e-14
39.6 -8.1753502615835 -7.47676769847466 0.784549965727196 1.37265487340656e-14
39.64 -6.91146804994022 -9.15227951355918 0.784549965727197 1.30189946756086e-14
39.68 -4.84437086240968 -8.43704258737592 0.784549965727196 1.3868059545757e-14
39.72 -3.27082232482647 -6.90408180225085 0.784549965727196 1.37265487340656e-14
39.76 -1.87119549970226 -4.2889017601303 0.784549965727196 1.41510811691398e-14
39.8 -0.464958625082004 -2.10587420664583 0.784549965727195 1.47171244159054e-14
39.84 2.04751027632759 2.67859882724691 0.784549965727195 1.4575613604214e-14
39.88 4.6882750486565 7.25557478340921 0.784549965727196 1.44341027925226e-14
39.92 6.77556035751328 9.32207248372182 0.784549965727196 1.44341027925226e-14
39.96 7.58908616923495 8.4224013688476 0.784549965727196 1.42925919808312e-14
40 8.285856717974 5.67777763709483 0.784549965727195 1.4575613604214e-14
