"Time, Y-Force, Work integrand, Mass, Mass error"
1e-05 9.62594215998536e-05 -3.32329383518333e-11 0.785390488322165 NaN
0.001 -0.000109964350755831 -1.05273279263558e-10 0.785390488322164 2.82718734472309e-16
0.002 -7.53369101147428e-06 -1.46650893495916e-10 0.785390488322165 NaN
0.00300000000000001 -0.000121692120963246 -1.58411625364539e-09 0.785390488322164 1.41359367236155e-16
0.00400000000000001 -0.000203095879360404 -5.02545585966694e-09 0.785390488322165 NaN
0.00499999999999996 -0.000308973017521197 -1.23725598915464e-08 0.785390488322164 2.82718734472309e-16
0.00599999999999992 -0.000466544478166853 -2.62928307857456e-08 0.785390488322164 1.41359367236155e-16
0.00699999999999988 -0.000605935005619784 -4.75327771244823e-08 0.785390488322164 2.82718734472309e-16
0.00799999999999984 -0.000817966869639974 -8.26337565814923e-08 0.785390488322165 NaN
0.0089999999999998 -0.00101789928206664 -1.30945405547346e-07 0.785390488322164 1.41359367236155e-16
0.00999999999999976 -0.00126226364298532 -2.00111547185664e-07 0.785390488322164 2.82718734472309e-16
0.0109999999999997 -0.00153550116250933 -2.94293042393812e-07 0.785390488322164 1.41359367236155e-16
0.0119999999999997 -0.00181701301958981 -4.14577896114873e-07 0.785390488322164 5.65437468944618e-16
0.0129999999999996 -0.00213149674828728 -5.7087980318872e-07 0.785390488322164 2.82718734472309e-16
0.0139999999999996 -0.00250097188316545 -7.75685089091094e-07 0.785390488322164 2.82718734472309e-16
0.0149999999999996 -0.0028758217807674 -1.02250247415153e-06 0.785390488322164 2.82718734472309e-16
0.0159999999999995 -0.00322532009653642 -1.30564870734571e-06 0.785390488322164 2.82718734472309e-16
0.0169999999999995 -0.00363072319801638 -1.65956411068459e-06 0.785390488322164 2.82718734472309e-16
0.0179999999999994 -0.00414411829088479 -2.12081643441095e-06 0.785390488322164 2.82718734472309e-16
0.0189999999999994 -0.00469709161346366 -2.67304696405235e-06 0.785390488322164 2.82718734472309e-16
0.0199999999999994 -0.00518325464730118 -3.26453965554183e-06 0.785390488322165 NaN
0.0209999999999993 -0.00559557278512202 -3.88480828339768e-06 0.785390488322164 1.41359367236155e-16
0.0219999999999993 -0.00603159757793748 -4.5968196867828e-06 0.785390488322165 NaN
0.0229999999999992 -0.00658997415673035 -5.48794097693893e-06 0.785390488322164 2.82718734472309e-16
0.0239999999999992 -0.00729062113813939 -6.60425648047781e-06 0.785390488322165 NaN
0.0249999999999992 -0.00807724147577282 -7.92791481036767e-06 0.785390488322165 NaN
0.0259999999999991 -0.00887270277435803 -9.40719193110937e-06 0.785390488322165 NaN
0.0269999999999991 -0.00962492424843298 -1.09984262209473e-05 0.785390488322164 2.82718734472309e-16
0.027999999999999 -0.0103216010690073 -1.26873812949443e-05 0.785390488322164 2.82718734472309e-16
0.028999999999999 -0.0109817058285451 -1.44917080229928e-05 0.785390488322164 2.82718734472309e-16
0.0299999999999989 -0.0116402565711855 -1.64527407449204e-05 0.785390488322164 2.82718734472309e-16
0.0309999999999989 -0.0123345673111697 -1.86239938758347e-05 0.785390488322164 2.82718734472309e-16
0.0319999999999991 -0.0130935368569887 -2.10607257486659e-05 0.785390488322164 2.82718734472309e-16
0.0329999999999994 -0.0139309194554169 -2.38076834065473e-05 0.785390488322164 2.82718734472309e-16
0.0339999999999997 -0.0148436953206819 -2.68904614256875e-05 0.785390488322165 1.41359367236155e-16
0.035 -0.015815995094961 -3.0316511839365e-05 0.785390488322164 2.82718734472309e-16
0.0360000000000004 -0.0168264224767896 -3.40766030172655e-05 0.785390488322164 1.41359367236155e-16
0.0370000000000007 -0.0178555618999052 -3.81582495268505e-05 0.785390488322165 NaN
0.038000000000001 -0.0188909450611963 -4.2552450225497e-05 0.785390488322164 2.82718734472309e-16
0.0390000000000013 -0.0199285688225359 -4.72629071895485e-05 0.785390488322164 1.41359367236155e-16
0.0400000000000016 -0.0209715634244763 -5.23052049698977e-05 0.785390488322164 1.41359367236155e-16
0.0410000000000019 -0.0220272942449338 -5.77071958848194e-05 0.785390488322164 2.82718734472309e-16
0.0420000000000022 -0.0231042477887247 -6.35007788914177e-05 0.785390488322164 2.82718734472309e-16
0.0430000000000025 -0.0242096987320064 -6.97210553540287e-05 0.785390488322165 NaN
0.0440000000000028 -0.0253485951805974 -7.64011761901426e-05 0.785390488322164 2.82718734472309e-16
0.0450000000000031 -0.0265234869859725 -8.35705640454473e-05 0.785390488322164 2.82718734472309e-16
0.0460000000000034 -0.0277350233994706 -9.12560183301339e-05 0.785390488322164 1.41359367236155e-16
0.0470000000000037 -0.0289825574026032 -9.94819831861213e-05 0.785390488322164 2.82718734472309e-16
0.048000000000004 -0.0302646232094244 -0.000108271062039311 0.785390488322165 NaN
0.0490000000000043 -0.0315792898897129 -0.000117643754271569 0.785390488322164 2.82718734472309e-16
0.0500000000000046 -0.032924480713147 -0.00012762021389004 0.785390488322164 2.82718734472309e-16
0.0510000000000049 -0.03429829604646 -0.000138220568497771 0.785390488322164 1.41359367236155e-16
0.0520000000000053 -0.0356992984919113 -0.00014946423797265 0.785390488322164 1.41359367236155e-16
0.0530000000000056 -0.0371266844192135 -0.000161374065750584 0.785390488322164 1.41359367236155e-16
0.0540000000000059 -0.03858026682191 -0.000173974288765422 0.785390488322164 2.82718734472309e-16
0.0550000000000062 -0.0400602649770097 -0.000187290383020726 0.785390488322164 2.82718734472309e-16
0.0560000000000065 -0.0415670262847794 -0.000201348434833923 0.785390488322164 2.82718734472309e-16
0.0570000000000068 -0.0431008637354555 -0.000216175412012479 0.785390488322164 2.82718734472309e-16
0.0580000000000071 -0.0446620763088301 -0.000231798082490325 0.785390488322164 1.41359367236155e-16
0.0590000000000074 -0.0462510430966745 -0.000248245137690312 0.785390488322164 2.82718734472309e-16
0.0600000000000077 -0.0478682450108074 -0.000265546135665387 0.785390488322164 2.82718734472309e-16
0.061000000000008 -0.0495141904669971 -0.000283731875259735 0.785390488322164 4.24078101708464e-16
0.0620000000000083 -0.0511893348146497 -0.000302834880146444 0.785390488322164 7.06796836180773e-16
0.0630000000000083 -0.0528940604870005 -0.000322886713790035 0.785390488322164 2.82718734472309e-16
0.0640000000000079 -0.0546286897055719 -0.000343921634202896 0.785390488322164 2.82718734472309e-16
0.0650000000000075 -0.0563934698223409 -0.000365972782911519 0.785390488322164 2.82718734472309e-16
0.0660000000000071 -0.0581885260820929 -0.000389073438831058 0.785390488322164 2.82718734472309e-16
0.0670000000000067 -0.0600138289685184 -0.000413257585276008 0.785390488322164 4.24078101708464e-16
0.0680000000000063 -0.0618692077080212 -0.000438556028528048 0.785390488322165 NaN
0.0690000000000059 -0.0637543884796639 -0.000465001934264908 0.785390488322164 2.82718734472309e-16
0.0700000000000056 -0.0656690158202053 -0.000492626030063545 0.785390488322164 2.82718734472309e-16
0.0710000000000052 -0.0676126494543912 -0.000521459361124382 0.785390488322164 2.82718734472309e-16
0.0720000000000048 -0.0695847728121954 -0.00055153170798454 0.785390488322164 2.82718734472309e-16
0.0730000000000044 -0.0715848524279288 -0.000582872858201133 0.785390488322164 5.65437468944618e-16
0.074000000000004 -0.0736124457812224 -0.00061551305254777 0.785390488322164 2.82718734472309e-16
0.0750000000000036 -0.0756673117283793 -0.00064948411554272 0.785390488322164 5.65437468944618e-16
0.0760000000000032 -0.0777494695267418 -0.000684819074428078 0.785390488322164 4.24078101708464e-16
0.0770000000000028 -0.079859179448226 -0.000721555347412153 0.785390488322164 2.82718734472309e-16
0.0780000000000025 -0.0819968565906635 -0.00075973135317696 0.785390488322164 5.65437468944618e-16
0.0790000000000021 -0.0841629545297611 -0.000799386897177914 0.785390488322164 4.24078101708464e-16
0.0800000000000017 -0.0863578576446464 -0.000840562101901005 0.785390488322164 7.06796836180773e-16
0.0810000000000013 -0.0885818102938334 -0.000883296382034715 0.785390488322164 2.82718734472309e-16
0.0820000000000009 -0.0908348972817965 -0.000927629464701984 0.785390488322164 5.65437468944618e-16
0.0830000000000005 -0.0931170730631017 -0.000973599052242841 0.785390488322164 2.82718734472309e-16
0.0840000000000001 -0.0954282211576878 -0.00102124321940281 0.785390488322164 2.82718734472309e-16
0.0849999999999997 -0.0977682165555667 -0.00107060016321617 0.785390488322164 4.24078101708464e-16
0.0859999999999994 -0.100136967542387 -0.00112170807367312 0.785390488322164 4.24078101708464e-16
0.086999999999999 -0.102534425669644 -0.00117460694323238 0.785390488322164 5.65437468944618e-16
0.0879999999999986 -0.104960566751174 -0.0012293368370804 0.785390488322164 5.65437468944618e-16
0.0889999999999982 -0.107415357734597 -0.00128593744358113 0.785390488322164 7.06796836180773e-16
0.0899999999999978 -0.109898729002845 -0.00134444943453713 0.785390488322164 5.65437468944618e-16
0.0909999999999974 -0.112410565176846 -0.0014049124890135 0.785390488322164 2.82718734472309e-16
0.091999999999997 -0.114950714892055 -0.00146736597783836 0.785390488322164 5.65437468944618e-16
0.0929999999999966 -0.117519010718619 -0.00153184927500286 0.785390488322164 5.65437468944618e-16
0.0939999999999963 -0.120115288168019 -0.0015984022672513 0.785390488322164 4.24078101708464e-16
0.0949999999999959 -0.122739395974222 -0.00166706520313661 0.785390488322164 4.24078101708464e-16
0.0959999999999955 -0.125391195434313 -0.00173787762438157 0.785390488322164 5.65437468944618e-16
0.0969999999999951 -0.128070552358363 -0.00181088092161527 0.785390488322164 2.82718734472309e-16
0.0979999999999947 -0.130777328504799 -0.00188611527037208 0.785390488322164 4.24078101708464e-16
0.0989999999999943 -0.133511378516285 -0.00196362129555849 0.785390488322164 4.24078101708464e-16
0.0999999999999939 -0.136272554052677 -0.00204343941915028 0.785390488322164 4.24078101708464e-16
0.100999999999994 -0.139060712217745 -0.00212561108277803 0.785390488322164 5.65437468944618e-16
0.101999999999993 -0.141875723329388 -0.00221017720271977 0.785390488322164 2.82718734472309e-16
0.102999999999993 -0.14471747447511 -0.00229717925151562 0.785390488322164 7.06796836180773e-16
0.103999999999992 -0.147585868624519 -0.0023866600283361 0.785390488322164 2.82718734472309e-16
0.104999999999992 -0.150480820786699 -0.00247866157378343 0.785390488322164 2.82718734472309e-16
0.105999999999992 -0.153402252387723 -0.00257322738275659 0.785390488322164 5.65437468944618e-16
0.106999999999991 -0.156350083014363 -0.00267040036329649 0.785390488322164 5.65437468944618e-16
0.107999999999991 -0.159324217971998 -0.00277022415129194 0.785390488322164 5.65437468944618e-16
0.10899999999999 -0.162324533068912 -0.00287274200785459 0.785390488322164 5.65437468944618e-16
0.10999999999999 -0.165350861311309 -0.00297799571862045 0.785390488322164 5.65437468944618e-16
0.11099999999999 -0.16840298630385 -0.00308602749476955 0.785390488322164 5.65437468944618e-16
0.111999999999989 -0.171480645387636 -0.00319687734966695 0.785390488322164 5.65437468944618e-16
0.112999999999989 -0.174583541995384 -0.00331058580467586 0.785390488322164 5.65437468944618e-16
0.113999999999988 -0.177711363389319 -0.00342719210168396 0.785390488322164 8.48156203416928e-16
0.114999999999988 -0.180863799361534 -0.0035467353646389 0.785390488322164 5.65437468944618e-16
0.115999999999988 -0.184040558316591 -0.00366925583084649 0.785390488322164 5.65437468944618e-16
0.116999999999987 -0.187241378757236 -0.00379479250759324 0.785390488322164 5.65437468944618e-16
0.117999999999987 -0.190466035979625 -0.00392338696060701 0.785390488322164 8.48156203416928e-16
0.118999999999987 -0.193714344040631 -0.00405508019257528 0.785390488322164 8.48156203416928e-16
0.119999999999986 -0.196986152428417 -0.00418991408134584 0.785390488322164 7.06796836180773e-16
0.120999999999986 -0.200281337326613 -0.00432793128645981 0.785390488322164 2.82718734472309e-16
0.121999999999985 -0.203599788835886 -0.00446917485103893 0.785390488322164 5.65437468944618e-16
0.122999999999985 -0.206941396144996 -0.00461368815987823 0.785390488322164 5.65437468944618e-16
0.123999999999985 -0.210306032225064 -0.00476151364172916 0.785390488322164 5.65437468944618e-16
0.124999999999984 -0.213693539240523 -0.00491269384254295 0.785390488322164 8.48156203416928e-16
0.125999999999985 -0.217103714652504 -0.00506726972811167 0.785390488322164 8.48156203416928e-16
0.126999999999986 -0.220536299194706 -0.00522528089257462 0.785390488322164 5.65437468944618e-16
0.127999999999987 -0.223990970362282 -0.00538676605228544 0.785390488322164 7.06796836180773e-16
0.128999999999988 -0.227467343913029 -0.0055517614353684 0.785390488322164 8.48156203416928e-16
0.129999999999989 -0.230964983887979 -0.00572030175684968 0.785390488322164 5.65437468944618e-16
0.13099999999999 -0.23448342095158 -0.00589242113470101 0.785390488322164 5.65437468944618e-16
0.131999999999991 -0.238022176339108 -0.00606815290458701 0.785390488322164 8.48156203416928e-16
0.132999999999992 -0.24158078652899 -0.00624752891447844 0.785390488322164 8.48156203416928e-16
0.133999999999993 -0.245158823490325 -0.00643058295522447 0.785390488322164 8.48156203416928e-16
0.134999999999994 -0.24875590612576 -0.00661734912031764 0.785390488322164 5.65437468944618e-16
0.135999999999995 -0.252371700496184 -0.00680786203206962 0.785390488322164 8.48156203416928e-16
0.136999999999996 -0.256005910088913 -0.00700215674683413 0.785390488322164 8.48156203416928e-16
0.137999999999997 -0.259658259931253 -0.00720026937653134 0.785390488322164 8.48156203416928e-16
0.138999999999998 -0.263328477347635 -0.00740223482466951 0.785390488322164 8.48156203416928e-16
0.139999999999999 -0.26701627076644 -0.00760808831716042 0.785390488322164 9.89515570653082e-16
0.141 -0.270721309136558 -0.0078178624372055 0.785390488322164 8.48156203416928e-16
0.142000000000001 -0.274443205325809 -0.00803158913886876 0.785390488322164 8.48156203416928e-16
0.143000000000002 -0.27818150571991 -0.00824929691133675 0.785390488322164 8.48156203416928e-16
0.144000000000003 -0.281935686492449 -0.00847101279606777 0.785390488322164 7.06796836180773e-16
0.145000000000004 -0.285705155977698 -0.00869676014458309 0.785390488322164 8.48156203416928e-16
0.146000000000005 -0.28948926193274 -0.00892656091382754 0.785390488322164 8.48156203416928e-16
0.147000000000006 -0.293287301808803 -0.00916043338126321 0.785390488322164 1.13087493788924e-15
0.148000000000007 -0.297098534170855 -0.00939839476674736 0.785390488322164 8.48156203416928e-16
0.149000000000008 -0.3009221899417 -0.00964045979412798 0.785390488322164 8.48156203416928e-16
0.150000000000009 -0.304757482970084 -0.00988664162589342 0.785390488322164 9.89515570653082e-16
0.15100000000001 -0.308603619944959 -0.0101369523987722 0.785390488322164 7.06796836180773e-16
0.152000000000011 -0.312459809906462 -0.0103914017244808 0.785390488322164 8.48156203416928e-16
0.153000000000012 -0.316325273359308 -0.0106500001267288 0.785390488322164 8.48156203416928e-16
0.154000000000013 -0.320199250722759 -0.010912755651279 0.785390488322164 5.65437468944618e-16
0.155000000000014 -0.324081009761352 -0.0111796773466372 0.785390488322164 8.48156203416928e-16
0.156000000000015 -0.327969852086838 -0.0114507727150431 0.785390488322164 7.06796836180773e-16
0.157000000000016 -0.331865119095466 -0.0117260497156185 0.785390488322164 5.65437468944618e-16
0.158000000000017 -0.335766197742716 -0.0120055169277835 0.785390488322164 5.65437468944618e-16
0.159000000000018 -0.339672526008449 -0.0122891836501604 0.785390488322164 8.48156203416928e-16
0.160000000000019 -0.343583597091415 -0.0125770591137337 0.785390488322164 8.48156203416928e-16
0.16100000000002 -0.347498960259975 -0.012869154011965 0.785390488322164 8.48156203416928e-16
0.162000000000021 -0.351418215572767 -0.0131654811759723 0.785390488322164 8.48156203416928e-16
0.163000000000022 -0.355340999178781 -0.0134660525306941 0.785390488322164 8.48156203416928e-16
0.164000000000023 -0.359266957005566 -0.0137708806291953 0.785390488322164 5.65437468944618e-16
0.165000000000024 -0.363195706458317 -0.0140799769471749 0.785390488322164 8.48156203416928e-16
0.166000000000025 -0.367126787311022 -0.0143933494895599 0.785390488322164 7.06796836180773e-16
0.167000000000026 -0.37105960498304 -0.0147110000309495 0.785390488322164 8.48156203416928e-16
0.168000000000027 -0.37499337148116 -0.0150329237206592 0.785390488322164 7.06796836180773e-16
0.169000000000028 -0.378927050269116 -0.0153591043655557 0.785390488322164 5.65437468944618e-16
0.170000000000029 -0.382859310863299 -0.0156895131890465 0.785390488322164 5.65437468944618e-16
0.17100000000003 -0.386788497876882 -0.0160241066093321 0.785390488322164 5.65437468944618e-16
0.172000000000031 -0.390712618043169 -0.0163628253290447 0.785390488322164 5.65437468944618e-16
0.173000000000032 -0.394629347139313 -0.0167055933194019 0.785390488322164 5.65437468944618e-16
0.174000000000033 -0.398536056734537 -0.0170523189732109 0.785390488322164 5.65437468944618e-16
0.175000000000034 -0.402429858252928 -0.0174028953599388 0.785390488322164 8.48156203416928e-16
0.176000000000035 -0.40630765978767 -0.0177572016786406 0.785390488322164 7.06796836180773e-16
0.177000000000036 -0.410166230162556 -0.0181151066988461 0.785390488322164 8.48156203416928e-16
0.178000000000037 -0.414002264998244 -0.0184764705233207 0.785390488322164 8.48156203416928e-16
0.179000000000038 -0.417812450509713 -0.018841146367356 0.785390488322164 8.48156203416928e-16
0.180000000000039 -0.421593522052195 -0.0192089838661879 0.785390488322164 5.65437468944618e-16
0.18100000000004 -0.425342315638852 -0.0195798309503128 0.785390488322164 7.06796836180773e-16
0.182000000000041 -0.429055811764355 -0.0199535363654278 0.785390488322164 5.65437468944618e-16
0.183000000000042 -0.432731172342134 -0.020329950117417 0.785390488322164 5.65437468944618e-16
0.184000000000043 -0.436365772258187 -0.0207089271234819 0.785390488322164 5.65437468944618e-16
0.185000000000044 -0.439957227462617 -0.0210903276583821 0.785390488322164 5.65437468944618e-16
0.186000000000045 -0.443503421102287 -0.0214740183451513 0.785390488322164 7.06796836180773e-16
0.187000000000046 -0.447002528266903 -0.0218598759499729 0.785390488322164 4.24078101708464e-16
0.188000000000047 -0.450453038457299 -0.0222477870805551 0.785390488322164 7.06796836180773e-16
0.189000000000048 -0.453853773872067 -0.0226376513617061 0.785390488322164 5.65437468944618e-16
0.190000000000049 -0.457203901139245 -0.023029380552587 0.785390488322164 2.82718734472309e-16
0.19100000000005 -0.460502934046378 -0.0234229024918011 0.785390488322164 5.65437468944618e-16
0.192000000000051 -0.463750725049101 -0.0238181582285515 0.785390488322164 4.24078101708464e-16
0.193000000000052 -0.466947444221814 -0.024215104656521 0.785390488322164 7.06796836180773e-16
0.194000000000053 -0.470093545666028 -0.0246137117633904 0.785390488322164 5.65437468944618e-16
0.195000000000054 -0.473189722993213 -0.0250139617081091 0.785390488322164 5.65437468944618e-16
0.196000000000055 -0.47623685693601 -0.0254158464199217 0.785390488322164 4.24078101708464e-16
0.197000000000056 -0.47923595916037 -0.0258193655334547 0.785390488322164 8.48156203416928e-16
0.198000000000057 -0.482188116852717 -0.0262245232918595 0.785390488322164 5.65437468944618e-16
0.199000000000058 -0.485094442534361 -0.0266313268048788 0.785390488322164 5.65437468944618e-16
0.200000000000059 -0.487956032449233 -0.0270397836988103 0.785390488322164 5.65437468944618e-16
0.20100000000006 -0.49077393671371 -0.0274498996875149 0.785390488322164 5.65437468944618e-16
0.202000000000061 -0.493549142453489 -0.0278616783748913 0.785390488322164 7.06796836180773e-16
0.203000000000062 -0.496282567968228 -0.0282751207450574 0.785390488322164 5.65437468944618e-16
0.204000000000063 -0.498975066708741 -0.0286902257241195 0.785390488322164 7.06796836180773e-16
0.205000000000064 -0.501627439644565 -0.0291069892006246 0.785390488322164 8.48156203416928e-16
0.206000000000065 -0.504240450818816 -0.0295254077113086 0.785390488322164 7.06796836180773e-16
0.207000000000066 -0.506814840258144 -0.0299454760477569 0.785390488322164 5.65437468944618e-16
0.208000000000067 -0.509351332084158 -0.0303671897587656 0.785390488322164 4.24078101708464e-16
0.209000000000068 -0.511850637758453 -0.0307905453761314 0.785390488322164 8.48156203416928e-16
0.210000000000069 -0.514313452691757 -0.0312155384693725 0.785390488322164 7.06796836180773e-16
0.21100000000007 -0.516740443817181 -0.0316421655727801 0.785390488322164 5.65437468944618e-16
0.212000000000071 -0.519132228447706 -0.0320704202474559 0.785390488322164 5.65437468944618e-16
0.213000000000072 -0.521489348129988 -0.0325002934327655 0.785390488322164 5.65437468944618e-16
0.214000000000073 -0.523812242519799 -0.0329317700353506 0.785390488322164 8.48156203416928e-16
0.215000000000074 -0.526101227246867 -0.0333648285813317 0.785390488322164 8.48156203416928e-16
0.216000000000075 -0.528356478347856 -0.0337994384361125 0.785390488322164 5.65437468944618e-16
0.217000000000076 -0.530578025003965 -0.0342355610435773 0.785390488322164 7.06796836180773e-16
0.218000000000077 -0.532765752056713 -0.0346731463732475 0.785390488322164 7.06796836180773e-16
0.219000000000078 -0.534919413200404 -0.0351121373995387 0.785390488322164 5.65437468944618e-16
0.220000000000079 -0.537038654756351 -0.0355524675086514 0.785390488322164 7.06796836180773e-16
0.22100000000008 -0.539123048534808 -0.0359940646885261 0.785390488322164 8.48156203416928e-16
0.222000000000081 -0.541172131045716 -0.0364368529818792 0.785390488322164 8.48156203416928e-16
0.223000000000082 -0.543185445484148 -0.0368807554634248 0.785390488322164 8.48156203416928e-16
0.224000000000083 -0.54516258264611 -0.0373256967003128 0.785390488322164 5.65437468944618e-16
0.225000000000084 -0.547103217129258 -0.0377716057920506 0.785390488322164 8.48156203416928e-16
0.226000000000085 -0.549007135737444 -0.0382184191011921 0.785390488322164 8.48156203416928e-16
0.227000000000086 -0.55087425582977 -0.0386660807648525 0.785390488322164 8.48156203416928e-16
0.228000000000087 -0.552704632346597 -0.0391145441155786 0.785390488322164 8.48156203416928e-16
0.229000000000088 -0.554498453239821 -0.0395637719747963 0.785390488322164 7.06796836180773e-16
0.230000000000089 -0.556256024063003 -0.0400137366461631 0.785390488322164 8.48156203416928e-16
0.23100000000009 -0.55797774332167 -0.0404644166762418 0.785390488322164 5.65437468944618e-16
0.232000000000091 -0.559664070933309 -0.0409157969462155 0.785390488322164 8.48156203416928e-16
0.233000000000092 -0.561315492552893 -0.0413678648422472 0.785390488322164 7.06796836180773e-16
0.234000000000093 -0.562932482772233 -0.0418206088049227 0.785390488322164 5.65437468944618e-16
0.235000000000094 -0.564515470093912 -0.0422740140323293 0.785390488322164 5.65437468944618e-16
0.236000000000095 -0.566064806314918 -0.0427280616329115 0.785390488322164 4.24078101708464e-16
0.237000000000096 -0.567580742438112 -0.0431827252642798 0.785390488322164 8.48156203416928e-16
0.238000000000097 -0.569063412588489 -0.0436379693581761 0.785390488322164 8.48156203416928e-16
0.239000000000098 -0.570512826732521 -0.0440937495461078 0.785390488322164 7.06796836180773e-16
0.240000000000099 -0.571928872259683 -0.0445500104029204 0.785390488322164 8.48156203416928e-16
0.2410000000001 -0.573311323847989 -0.0450066868567347 0.785390488322164 5.65437468944618e-16
0.242000000000101 -0.5746598604662 -0.0454637040486239 0.785390488322164 8.48156203416928e-16
0.243000000000102 -0.575974087946515 -0.0459209795973723 0.785390488322164 5.65437468944618e-16
0.244000000000103 -0.577253565273509 -0.0463784255593753 0.785390488322164 5.65437468944618e-16
0.245000000000104 -0.57849783263179 -0.0468359481811345 0.785390488322164 8.48156203416928e-16
0.246000000000105 -0.579706439324251 -0.0472934538156526 0.785390488322164 8.48156203416928e-16
0.247000000000106 -0.580878969793321 -0.0477508476960473 0.785390488322164 8.48156203416928e-16
0.248000000000107 -0.582015066339174 -0.0482080377396943 0.785390488322164 8.48156203416928e-16
0.249000000000108 -0.583114447399222 -0.048664936883883 0.785390488322164 8.48156203416928e-16
0.250000000000109 -0.584176920715237 -0.0491214631327277 0.785390488322164 8.48156203416928e-16
0.25100000000011 -0.585202391042705 -0.0495775411391977 0.785390488322164 5.65437468944618e-16
0.252000000000111 -0.586190862440755 -0.0500331047120137 0.785390488322164 7.06796836180773e-16
0.253000000000112 -0.587142435523177 -0.05048809421622 0.785390488322164 8.48156203416928e-16
0.254000000000113 -0.588057300225614 -0.050942459080396 0.785390488322164 8.48156203416928e-16
0.255000000000114 -0.588935724922116 -0.0513961557339038 0.785390488322164 8.48156203416928e-16
0.256000000000115 -0.589778042778301 -0.0518491479240455 0.785390488322164 8.48156203416928e-16
0.257000000000116 -0.590584636291156 -0.0523014048121413 0.785390488322164 7.06796836180773e-16
0.258000000000117 -0.59135592097881 -0.0527529010951937 0.785390488322164 8.48156203416928e-16
0.259000000000118 -0.59209232910395 -0.0532036138771048 0.785390488322164 8.48156203416928e-16
0.260000000000119 -0.592794294224765 -0.0536535227743755 0.785390488322164 9.89515570653082e-16
0.26100000000012 -0.593462237246092 -0.0541026080735381 0.785390488322164 7.06796836180773e-16
0.262000000000121 -0.594096554498689 -0.0545508496353309 0.785390488322164 8.48156203416928e-16
0.263000000000122 -0.59469760822485 -0.0549982251251233 0.785390488322164 7.06796836180773e-16
0.264000000000123 -0.595265719667831 -0.0554447100081203 0.785390488322164 7.06796836180773e-16
0.265000000000124 -0.595801164846248 -0.0558902756514252 0.785390488322164 7.06796836180773e-16
0.266000000000125 -0.596304172922062 -0.0563348905428871 0.785390488322164 8.48156203416928e-16
0.267000000000126 -0.596774926968402 -0.0567785172053221 0.785390488322164 8.48156203416928e-16
0.268000000000127 -0.597213566864657 -0.0572211142643626 0.785390488322164 5.65437468944618e-16
0.269000000000128 -0.597620193937377 -0.0576626363286177 0.785390488322164 9.89515570653082e-16
0.270000000000129 -0.597994876937447 -0.0581030332138091 0.785390488322164 5.65437468944618e-16
0.27100000000013 -0.598337658964036 -0.0585422502976556 0.785390488322164 9.89515570653082e-16
0.272000000000131 -0.598648564871214 -0.058980230562969 0.785390488322164 8.48156203416928e-16
0.273000000000132 -0.598927608815483 -0.0594169134869735 0.785390488322164 9.89515570653082e-16
0.274000000000133 -0.599174801578766 -0.059852236537721 0.785390488322164 8.48156203416928e-16
0.275000000000134 -0.599390157438842 -0.0602861357880393 0.785390488322164 8.48156203416928e-16
0.276000000000135 -0.599573700359793 -0.0607185466990727 0.785390488322164 8.48156203416928e-16
0.277000000000136 -0.599725469392297 -0.0611494041540162 0.785390488322164 8.48156203416928e-16
0.278000000000137 -0.599845523242154 -0.0615786439799937 0.785390488322164 8.48156203416928e-16
0.279000000000138 -0.599933943998957 -0.062006203116181 0.785390488322164 8.48156203416928e-16
0.280000000000139 -0.599990840087781 -0.0624320200305883 0.785390488322164 8.48156203416928e-16
0.28100000000014 -0.600016348534748 -0.0628560359898236 0.785390488322164 9.89515570653082e-16
0.282000000000141 -0.600010636636327 -0.0632781945824767 0.785390488322164 1.13087493788924e-15
0.283000000000142 -0.599973903152559 -0.0636984425344989 0.785390488322164 8.48156203416928e-16
0.284000000000143 -0.599906379097234 -0.0641167308558173 0.785390488322164 1.13087493788924e-15
0.285000000000144 -0.599808328203704 -0.0645330135237836 0.785390488322164 8.48156203416928e-16
0.286000000000145 -0.599680047107109 -0.0649472493598573 0.785390488322164 9.89515570653082e-16
0.287000000000146 -0.599521865231161 -0.0653594013386987 0.785390488322164 1.13087493788924e-15
0.288000000000147 -0.599334144388976 -0.0657694376170084 0.785390488322164 8.48156203416928e-16
0.289000000000148 -0.599117278033464 -0.0661773301710986 0.785390488322164 8.48156203416928e-16
0.290000000000149 -0.598871690096187 -0.0665830567602121 0.785390488322164 8.48156203416928e-16
0.29100000000015 -0.598597833414706 -0.0669865996614709 0.785390488322164 9.89515570653082e-16
0.292000000000151 -0.598296187639344 -0.0673879445853245 0.785390488322164 9.89515570653082e-16
0.293000000000152 -0.597967256563518 -0.0677870825861893 0.785390488322164 1.13087493788924e-15
0.294000000000153 -0.5976115650826 -0.0681840088588057 0.785390488322164 8.48156203416928e-16
0.295000000000154 -0.59722965559987 -0.0685787217600611 0.785390488322164 8.48156203416928e-16
0.296000000000155 -0.596822083891334 -0.0689712233201709 0.785390488322164 8.48156203416928e-16
0.297000000000156 -0.596389415177669 -0.0693615174155022 0.785390488322164 1.13087493788924e-15
0.298000000000157 -0.595932220170731 -0.0697496104423074 0.785390488322164 9.89515570653082e-16
0.299000000000158 -0.595451070702191 -0.0701355107951065 0.785390488322164 8.48156203416928e-16
0.300000000000159 -0.59494653578593 -0.0705192263778109 0.785390488322164 1.13087493788924e-15
0.30100000000016 -0.594419179130229 -0.0709007670024078 0.785390488322164 9.89515570653082e-16
0.302000000000161 -0.593869557465956 -0.0712801423332106 0.785390488322164 8.48156203416928e-16
0.303000000000162 -0.593298219092372 -0.0716573614148548 0.785390488322164 8.48156203416928e-16
0.304000000000163 -0.592705703480952 -0.0720324337468732 0.785390488322164 1.13087493788924e-15
0.305000000000164 -0.592092543132555 -0.0724053677334913 0.785390488322164 9.89515570653082e-16
0.306000000000165 -0.591459265786209 -0.0727761726500991 0.785390488322164 1.13087493788924e-15
0.307000000000166 -0.590806396887933 -0.0731448577496181 0.785390488322164 1.13087493788924e-15
0.308000000000167 -0.590134464285899 -0.0735114327245905 0.785390488322164 1.13087493788924e-15
0.309000000000168 -0.589444003864104 -0.0738759090996479 0.785390488322164 1.13087493788924e-15
0.310000000000169 -0.588735564357602 -0.0742383005472378 0.785390488322164 9.89515570653082e-16
0.31100000000017 -0.58800971135039 -0.074598623315524 0.785390488322164 7.06796836180773e-16
0.312000000000171 -0.587267032313424 -0.0749568960603686 0.785390488322164 8.48156203416928e-16
0.313000000000172 -0.586508141766338 -0.0753131436943575 0.785390488322164 1.27223430512539e-15
0.314000000000173 -0.585733685082511 -0.0756673948844986 0.785390488322164 1.13087493788924e-15
0.315000000000174 -0.584944341092452 -0.0760196827644355 0.785390488322164 8.48156203416928e-16
0.316000000000175 -0.584140823130749 -0.0763700480237275 0.785390488322164 8.48156203416928e-16
0.317000000000176 -0.583323879725404 -0.0767185366152705 0.785390488322164 1.13087493788924e-15
0.318000000000177 -0.582494295669882 -0.0770652008165249 0.785390488322164 9.89515570653082e-16
0.319000000000178 -0.581652891523106 -0.0774101002044079 0.785390488322164 9.89515570653082e-16
0.320000000000179 -0.580800520881452 -0.0777533003529292 0.785390488322164 8.48156203416928e-16
0.32100000000018 -0.579938067571737 -0.0780948735279448 0.785390488322164 1.13087493788924e-15
0.322000000000181 -0.579066443819228 -0.078434898186412 0.785390488322164 1.13087493788924e-15
0.323000000000182 -0.578186588110007 -0.0787734595261658 0.785390488322164 1.13087493788924e-15
0.324000000000183 -0.577299461664296 -0.0791106477698946 0.785390488322164 8.48156203416928e-16
0.325000000000184 -0.576406044041221 -0.0794465592272662 0.785390488322163 1.41359367236155e-15
0.326000000000185 -0.575507328850607 -0.0797812944454031 0.785390488322164 1.13087493788924e-15
0.327000000000186 -0.574604319772298 -0.0801149592303585 0.785390488322164 1.13087493788924e-15
0.328000000000187 -0.573698026503068 -0.0804476628660058 0.785390488322163 1.41359367236155e-15
0.329000000000188 -0.572789460379024 -0.0807795178017237 0.785390488322164 1.13087493788924e-15
0.330000000000189 -0.571879629833887 -0.0811106393760195 0.785390488322164 9.89515570653082e-16
0.33100000000019 -0.570969536091239 -0.0814411449322956 0.785390488322164 1.13087493788924e-15
0.332000000000191 -0.570060169406895 -0.0817711539181081 0.785390488322163 1.41359367236155e-15
0.333000000000192 -0.569152506169589 -0.082100785444845 0.785390488322164 1.27223430512539e-15
0.334000000000193 -0.568247507118883 -0.0824301613177501 0.785390488322164 1.13087493788924e-15
0.335000000000194 -0.567346117003337 -0.0827594030233518 0.785390488322163 1.41359367236155e-15
0.336000000000195 -0.566449265982133 -0.0830886329916469 0.785390488322163 1.41359367236155e-15
0.337000000000196 -0.565557873041831 -0.0834179757610272 0.785390488322164 1.27223430512539e-15
0.338000000000197 -0.564672851648922 -0.0837475578493614 0.785390488322164 1.13087493788924e-15
0.339000000000198 -0.563795117593274 -0.0840775095261936 0.785390488322164 9.89515570653082e-16
0.340000000000199 -0.56292559895226 -0.0844079655423884 0.785390488322164 1.13087493788924e-15
0.3410000000002 -0.562065247980183 -0.0847390681821159 0.785390488322164 1.13087493788924e-15
0.342000000000201 -0.56121505441954 -0.0850709690271674 0.785390488322164 1.13087493788924e-15
0.343000000000202 -0.560376059717848 -0.0854038308093297 0.785390488322164 1.13087493788924e-15
0.344000000000203 -0.559549371569668 -0.0857378301384908 0.785390488322164 1.13087493788924e-15
0.345000000000204 -0.558736178045731 -0.0860731600799478 0.785390488322164 8.48156203416928e-16
0.346000000000205 -0.557937760501245 -0.086410032593661 0.785390488322163 1.41359367236155e-15
0.347000000000206 -0.55715550455295 -0.0867486803787583 0.785390488322164 8.48156203416928e-16
0.348000000000207 -0.556390908388298 -0.0870893597923694 0.785390488322164 1.13087493788924e-15
0.349000000000208 -0.555645587795839 -0.0874323504095105 0.785390488322164 1.13087493788924e-15
0.350000000000209 -0.554921277341906 -0.0877779565827868 0.785390488322164 1.13087493788924e-15
0.35100000000021 -0.554219827328383 -0.0881265087991903 0.785390488322164 8.48156203416928e-16
0.352000000000211 -0.553543196262904 -0.088478360882053 0.785390488322164 1.13087493788924e-15
0.353000000000212 -0.552893438757318 -0.0888338900038361 0.785390488322164 8.48156203416928e-16
0.354000000000213 -0.552272688942422 -0.08919349551251 0.785390488322164 1.13087493788924e-15
0.355000000000214 -0.551683139658113 -0.0895575932169983 0.785390488322164 9.89515570653082e-16
0.356000000000215 -0.551127017758191 -0.0899266145477884 0.785390488322164 9.89515570653082e-16
0.357000000000216 -0.550606556201162 -0.0903009999089264 0.785390488322164 1.13087493788924e-15
0.358000000000217 -0.550123963447847 -0.0906811963097409 0.785390488322164 1.13087493788924e-15
0.359000000000218 -0.549681391067985 -0.0910676488979667 0.785390488322164 1.13087493788924e-15
0.360000000000219 -0.549280900540637 -0.0914607978820117 0.785390488322164 8.48156203416928e-16
0.36100000000022 -0.548924430028183 -0.0918610707755962 0.785390488322164 1.13087493788924e-15
0.362000000000221 -0.548613761997622 -0.0922688771530589 0.785390488322164 9.89515570653082e-16
0.363000000000222 -0.548350492986856 -0.0926846023409094 0.785390488322164 8.48156203416928e-16
0.364000000000223 -0.548136006520073 -0.0931086030812827 0.785390488322164 1.13087493788924e-15
0.365000000000224 -0.547971449782578 -0.0935412002065714 0.785390488322164 1.13087493788924e-15
0.366000000000225 -0.547857714604829 -0.0939826760112039 0.785390488322164 8.48156203416928e-16
0.367000000000226 -0.5477954236054 -0.0944332710771802 0.785390488322164 1.13087493788924e-15
0.368000000000227 -0.547784922135929 -0.0948931790878706 0.785390488322164 1.13087493788924e-15
0.369000000000228 -0.547826276318595 -0.0953625483803968 0.785390488322164 9.89515570653082e-16
0.370000000000229 -0.547919277053678 -0.095841478382733 0.785390488322164 8.48156203416928e-16
0.37100000000023 -0.548063449813281 -0.0963300231088868 0.785390488322164 9.89515570653082e-16
0.372000000000231 -0.548258069591601 -0.0968281897329302 0.785390488322164 9.89515570653082e-16
0.373000000000232 -0.548502180690138 -0.0973359431902878 0.785390488322164 9.89515570653082e-16
0.374000000000233 -0.54879462097229 -0.0978532087649584 0.785390488322164 1.27223430512539e-15
0.375000000000234 -0.549134049262012 -0.0983798765685422 0.785390488322164 9.89515570653082e-16
0.376000000000235 -0.549518975106471 -0.0989158062083635 0.785390488322164 1.13087493788924e-15
0.377000000000236 -0.549947790559791 -0.0994608310052829 0.785390488322164 1.13087493788924e-15
0.378000000000237 -0.550418802815242 -0.100014764894461 0.785390488322164 1.13087493788924e-15
0.379000000000238 -0.550930266182911 -0.100577408138702 0.785390488322164 1.13087493788924e-15
0.380000000000239 -0.55148041293349 -0.101148550844881 0.785390488322164 8.48156203416928e-16
0.38100000000024 -0.552067483061167 -0.10172798029566 0.785390488322164 1.13087493788924e-15
0.382000000000241 -0.552689752555764 -0.102315485649654 0.785390488322164 1.13087493788924e-15
0.383000000000242 -0.553345559142732 -0.102910861170069 0.785390488322164 9.89515570653082e-16
0.384000000000243 -0.55403332478285 -0.103513912940332 0.785390488322164 9.89515570653082e-16
0.385000000000244 -0.554751574910586 -0.10412445984447 0.785390488322164 9.89515570653082e-16
0.386000000000245 -0.555498954562243 -0.104742338936832 0.785390488322164 1.13087493788924e-15
0.387000000000246 -0.55627424159662 -0.105367406555985 0.785390488322164 1.13087493788924e-15
0.388000000000247 -0.55707635690551 -0.105999540691422 0.785390488322164 8.48156203416928e-16
0.389000000000248 -0.557904371342405 -0.106638642560582 0.785390488322164 8.48156203416928e-16
0.390000000000249 -0.558757509342602 -0.107284638029049 0.785390488322164 9.89515570653082e-16
0.39100000000025 -0.559635149335438 -0.107937476241894 0.785390488322164 8.48156203416928e-16
0.392000000000251 -0.560536821050324 -0.108597132821034 0.785390488322164 1.13087493788924e-15
0.393000000000252 -0.561462199641879 -0.109263605522066 0.785390488322164 9.89515570653082e-16
0.394000000000253 -0.562411097057137 -0.109936915949858 0.785390488322164 8.48156203416928e-16
0.395000000000254 -0.563383450788333 -0.110617106657231 0.785390488322164 8.48156203416928e-16
0.396000000000255 -0.564379310094397 -0.111304240469809 0.785390488322164 5.65437468944618e-16
0.397000000000256 -0.565398821008033 -0.111998397738588 0.785390488322164 8.48156203416928e-16
0.398000000000257 -0.56644220863037 -0.112699674215325 0.785390488322164 7.06796836180773e-16
0.399000000000258 -0.567509757912246 -0.113408178404431 0.785390488322164 9.89515570653082e-16
0.400000000000259 -0.568601796515118 -0.114124029850593 0.785390488322164 8.48156203416928e-16
0.40100000000026 -0.569718677819871 -0.114847354324084 0.785390488322164 7.06796836180773e-16
0.402000000000261 -0.570860761537519 -0.115578285486804 0.785390488322164 1.13087493788924e-15
0.403000000000262 -0.572028395665104 -0.11631695710023 0.785390488322164 1.13087493788924e-15
0.404000000000263 -0.573221903915984 -0.117063504981306 0.785390488322164 8.48156203416928e-16
0.405000000000264 -0.574441576804665 -0.117818063145986 0.785390488322164 1.13087493788924e-15
0.406000000000265 -0.575687664321913 -0.118580764038346 0.785390488322164 1.13087493788924e-15
0.407000000000266 -0.576960369718774 -0.11935173608836 0.785390488322164 8.48156203416928e-16
0.408000000000267 -0.578259845687704 -0.120131103282246 0.785390488322164 1.13087493788924e-15
0.409000000000268 -0.57958619611372 -0.120918984727827 0.785390488322164 9.89515570653082e-16
0.410000000000269 -0.580939482776515 -0.121715495497216 0.785390488322164 8.48156203416928e-16
0.41100000000027 -0.582319732097105 -0.122520746821734 0.785390488322164 1.13087493788924e-15
0.412000000000271 -0.583726941832934 -0.123334845808421 0.785390488322164 8.48156203416928e-16
0.413000000000272 -0.585161091032816 -0.124157897009718 0.785390488322164 8.48156203416928e-16
0.414000000000273 -0.586622151842931 -0.124990003680702 0.785390488322164 5.65437468944618e-16
0.415000000000274 -0.588110100631017 -0.125831266743836 0.785390488322164 8.48156203416928e-16
0.416000000000275 -0.589624926755883 -0.126681788901486 0.785390488322164 5.65437468944618e-16
0.417000000000276 -0.591166637933636 -0.127541671391401 0.785390488322164 8.48156203416928e-16
0.418000000000277 -0.592735264162529 -0.128411016199954 0.785390488322164 8.48156203416928e-16
0.419000000000278 -0.594330861807881 -0.129289925439709 0.785390488322164 8.48156203416928e-16
0.420000000000279 -0.595953515460844 -0.130178500894899 0.785390488322164 8.48156203416928e-16
0.42100000000028 -0.597603335253762 -0.131076843679406 0.785390488322164 5.65437468944618e-16
0.422000000000281 -0.599280450476908 -0.131985052653359 0.785390488322164 8.48156203416928e-16
0.423000000000282 -0.600985001396257 -0.132903224010314 0.785390488322164 8.48156203416928e-16
0.424000000000283 -0.602717130071644 -0.133831449423281 0.785390488322164 4.24078101708464e-16
0.425000000000284 -0.604476970214767 -0.134769814130899 0.785390488322164 5.65437468944618e-16
0.426000000000285 -0.60626463632347 -0.135718396238432 0.785390488322164 5.65437468944618e-16
0.427000000000286 -0.608080212744454 -0.136677265837124 0.785390488322164 7.06796836180773e-16
0.428000000000287 -0.609923743399182 -0.1376464840462 0.785390488322164 5.65437468944618e-16
0.429000000000288 -0.611795222785535 -0.138626100796731 0.785390488322164 5.65437468944618e-16
0.430000000000289 -0.613694588833582 -0.139616156910607 0.785390488322164 8.48156203416928e-16
0.43100000000029 -0.615621718006691 -0.140616682530143 0.785390488322164 5.65437468944618e-16
0.432000000000291 -0.617576422965186 -0.141627698475395 0.785390488322164 7.06796836180773e-16
0.433000000000292 -0.619558452861453 -0.142649216668992 0.785390488322164 4.24078101708464e-16
0.434000000000293 -0.621567496084882 -0.143681241525745 0.785390488322164 5.65437468944618e-16
0.435000000000294 -0.623603185525774 -0.144723771463714 0.785390488322164 4.24078101708464e-16
0.436000000000295 -0.625665105722534 -0.145776800695414 0.785390488322164 5.65437468944618e-16
0.437000000000296 -0.627752801480192 -0.146840320950325 0.785390488322164 5.65437468944618e-16
0.438000000000297 -0.629865788037995 -0.147914323103441 0.785390488322164 8.48156203416928e-16
0.439000000000298 -0.63200356190139 -0.148998798524622 0.785390488322164 8.48156203416928e-16
0.440000000000299 -0.634165611275709 -0.150093742279773 0.785390488322164 5.65437468944618e-16
0.4410000000003 -0.636351426122877 -0.151199151426155 0.785390488322164 7.06796836180773e-16
0.442000000000301 -0.638560507958026 -0.152315028179648 0.785390488322164 4.24078101708464e-16
0.443000000000302 -0.64079237847249 -0.15344137911034 0.785390488322164 5.65437468944618e-16
0.444000000000303 -0.643046585905287 -0.154578217099147 0.785390488322164 7.06796836180773e-16
0.445000000000304 -0.645322709125017 -0.155725557823374 0.785390488322164 5.65437468944618e-16
0.446000000000305 -0.647620359928993 -0.156883421282537 0.785390488322164 8.48156203416928e-16
0.447000000000306 -0.649939183883454 -0.158051829621139 0.785390488322164 5.65437468944618e-16
0.448000000000307 -0.652278859495457 -0.159230806280699 0.785390488322164 5.65437468944618e-16
0.449000000000308 -0.654639095477426 -0.160420373059778 0.785390488322164 5.65437468944618e-16
0.450000000000309 -0.657019626111046 -0.161620550934868 0.785390488322164 5.65437468944618e-16
0.45100000000031 -0.659420205125304 -0.162831354660514 0.785390488322164 5.65437468944618e-16
0.452000000000311 -0.661840598499525 -0.164052793464462 0.785390488322164 7.06796836180773e-16
0.453000000000312 -0.664280576639868 -0.165284867427796 0.785390488322164 7.06796836180773e-16
0.454000000000313 -0.666739906216604 -0.1665275670645 0.785390488322164 4.24078101708464e-16
0.455000000000314 -0.669218341946479 -0.167780870773226 0.785390488322164 8.48156203416928e-16
0.456000000000315 -0.671715618568454 -0.169044743910005 0.785390488322164 5.65437468944618e-16
0.457000000000316 -0.674231443267699 -0.170319137454404 0.785390488322164 5.65437468944618e-16
0.458000000000317 -0.676765488807654 -0.171603988130116 0.785390488322164 8.48156203416928e-16
0.459000000000318 -0.679317387557756 -0.172899216269448 0.785390488322164 5.65437468944618e-16
0.460000000000319 -0.681886726587187 -0.174204728346041 0.785390488322164 5.65437468944618e-16
0.46100000000032 -0.684473043951218 -0.175520414595539 0.785390488322164 2.82718734472309e-16
0.462000000000321 -0.687075826257342 -0.176846149767968 0.785390488322164 2.82718734472309e-16
0.463000000000322 -0.68969450756811 -0.178181796580498 0.785390488322164 2.82718734472309e-16
0.464000000000323 -0.692328469634838 -0.179527203902191 0.785390488322164 2.82718734472309e-16
0.465000000000324 -0.694977043415772 -0.18088220875084 0.785390488322164 4.24078101708464e-16
0.466000000000325 -0.697639511800876 -0.18224663791681 0.785390488322164 4.24078101708464e-16
0.467000000000326 -0.700315113422095 -0.183620309701118 0.785390488322164 4.24078101708464e-16
0.468000000000327 -0.703003047435313 -0.18500303501325 0.785390488322164 5.65437468944618e-16
0.469000000000328 -0.705702479094096 -0.186394619573172 0.785390488322164 5.65437468944618e-16
0.470000000000329 -0.708412545908716 -0.187794864983107 0.785390488322164 5.65437468944618e-16
0.47100000000033 -0.711132364165552 -0.189203570413341 0.785390488322164 5.65437468944618e-16
0.472000000000331 -0.713861035550918 -0.190620534390837 0.785390488322164 4.24078101708464e-16
0.473000000000332 -0.716597653630602 -0.192045556238356 0.785390488322164 5.65437468944618e-16
0.474000000000333 -0.719341309933101 -0.193478435288941 0.785390488322164 2.82718734472309e-16
0.475000000000334 -0.722091099387306 -0.194918975016138 0.785390488322164 4.24078101708464e-16
0.476000000000335 -0.724846124934967 -0.196366979430413 0.785390488322164 5.65437468944618e-16
0.477000000000336 -0.727605501072771 -0.197822256641397 0.785390488322164 2.82718734472309e-16
0.478000000000337 -0.730368356240158 -0.199284617041933 0.785390488322164 5.65437468944618e-16
0.479000000000338 -0.733133833914467 -0.200753872475514 0.785390488322164 1.41359367236155e-16
0.480000000000339 -0.735901092398995 -0.202229835673251 0.785390488322164 5.65437468944618e-16
0.48100000000034 -0.73866930331504 -0.203712319018068 0.785390488322164 5.65437468944618e-16
0.482000000000341 -0.741437648899899 -0.205201133195067 0.785390488322164 2.82718734472309e-16
0.483000000000342 -0.744205318242148 -0.206696084925299 0.785390488322164 5.65437468944618e-16
0.484000000000343 -0.746971502654283 -0.208196975223192 0.785390488322164 5.65437468944618e-16
0.485000000000344 -0.749735390424922 -0.20970359708916 0.785390488322164 5.65437468944618e-16
0.486000000000345 -0.752496161220154 -0.211215733540433 0.785390488322164 2.82718734472309e-16
0.487000000000346 -0.755252980414758 -0.212733156446115 0.785390488322164 5.65437468944618e-16
0.488000000000347 -0.758004993651264 -0.214255623366247 0.785390488322164 2.82718734472309e-16
0.489000000000348 -0.76075132190075 -0.21578287719819 0.785390488322164 5.65437468944618e-16
0.490000000000349 -0.763491057264204 -0.217314643902695 0.785390488322164 8.48156203416928e-16
0.49100000000035 -0.766223259740601 -0.218850632646222 0.785390488322164 4.24078101708464e-16
0.492000000000351 -0.768946955108191 -0.220390534953772 0.785390488322164 2.82718734472309e-16
0.493000000000352 -0.771661134028067 -0.221934023758188 0.785390488322164 5.65437468944618e-16
0.494000000000353 -0.774364752411984 -0.223480755936514 0.785390488322164 2.82718734472309e-16
0.495000000000354 -0.777056733024326 -0.225030370584991 0.785390488322164 5.65437468944618e-16
0.496000000000355 -0.77973596824595 -0.226582492822063 0.785390488322164 5.65437468944618e-16
0.497000000000356 -0.782401323874304 -0.228136732818976 0.785390488322164 5.65437468944618e-16
0.498000000000357 -0.785051643757935 -0.229692689323029 0.785390488322164 5.65437468944618e-16
0.499000000000358 -0.78768575507117 -0.231249951347397 0.785390488322164 2.82718734472309e-16
0.500000000000359 -0.790302473999091 -0.232808099494875 0.785390488322164 2.82718734472309e-16
0.501000000000355 -0.792900611550563 -0.234366709588907 0.785390488322164 5.65437468944618e-16
0.50200000000035 -0.795478979286207 -0.235925352874893 0.785390488322164 5.65437468944618e-16
0.503000000000346 -0.798036394698977 -0.237483599313736 0.785390488322164 5.65437468944618e-16
0.504000000000341 -0.800571686046895 -0.239041019777971 0.785390488322164 2.82718734472309e-16
0.505000000000337 -0.803083696431575 -0.240597185721345 0.785390488322164 5.65437468944618e-16
0.506000000000332 -0.805571286999761 -0.24215167282144 0.785390488322164 4.24078101708464e-16
0.507000000000327 -0.808033339124622 -0.243704059278208 0.785390488322164 5.65437468944618e-16
0.508000000000323 -0.81046875551119 -0.245253929332581 0.785390488322164 5.65437468944618e-16
0.509000000000318 -0.812876460211868 -0.246800870490903 0.785390488322164 4.24078101708464e-16
0.510000000000314 -0.815255397522366 -0.248344475190707 0.785390488322164 5.65437468944618e-16
0.511000000000309 -0.817604529856672 -0.249884339691681 0.785390488322164 5.65437468944618e-16
0.512000000000305 -0.819922834660465 -0.251420063476171 0.785390488322164 4.24078101708464e-16
0.5130000000003 -0.822209300489327 -0.252951246983137 0.785390488322164 5.65437468944618e-16
0.514000000000296 -0.824462922394151 -0.254477492274558 0.785390488322164 5.65437468944618e-16
0.515000000000291 -0.826682696796112 -0.255998399565126 0.785390488322164 2.82718734472309e-16
0.516000000000286 -0.828867616039785 -0.25751356534025 0.785390488322164 5.65437468944618e-16
0.517000000000282 -0.831016662812006 -0.259022582863441 0.785390488322164 2.82718734472309e-16
0.518000000000277 -0.833128804667734 -0.260525037940105 0.785390488322164 5.65437468944618e-16
0.519000000000273 -0.835202988882228 -0.262020508028066 0.785390488322164 5.65437468944618e-16
0.520000000000268 -0.837238137842041 -0.263508560577757 0.785390488322164 5.65437468944618e-16
0.521000000000264 -0.839233145210633 -0.264988752584366 0.785390488322164 5.65437468944618e-16
0.522000000000259 -0.841186873100643 -0.266460628689999 0.785390488322164 2.82718734472309e-16
0.523000000000255 -0.84309815043259 -0.267923719179225 0.785390488322164 5.65437468944618e-16
0.52400000000025 -0.844965772693401 -0.269377542799009 0.785390488322164 5.65437468944618e-16
0.525000000000245 -0.846788503258397 -0.27082160479437 0.785390488322164 5.65437468944618e-16
0.526000000000241 -0.84856507640407 -0.272255397843606 0.785390488322164 5.65437468944618e-16
0.527000000000236 -0.850294202137373 -0.273678403327017 0.785390488322164 5.65437468944618e-16
0.528000000000232 -0.85197457288821 -0.27509009455336 0.785390488322164 5.65437468944618e-16
0.529000000000227 -0.853604872089868 -0.276489938032629 0.785390488322164 2.82718734472309e-16
0.530000000000223 -0.855183784630048 -0.277877396629739 0.785390488322164 5.65437468944618e-16
0.531000000000218 -0.85671000904545 -0.279251933906814 0.785390488322164 4.24078101708464e-16
0.532000000000214 -0.858182271374913 -0.280613017725799 0.785390488322164 2.82718734472309e-16
0.533000000000209 -0.859599340400729 -0.28196012567895 0.785390488322164 2.82718734472309e-16
0.534000000000205 -0.860960044085957 -0.283292749864379 0.785390488322164 5.65437468944618e-16
0.5350000000002 -0.862263286833938 -0.284610401926519 0.785390488322164 4.24078101708464e-16
0.536000000000195 -0.863508067245448 -0.285912620115377 0.785390488322164 2.82718734472309e-16
0.537000000000191 -0.864693495946975 -0.287198973550116 0.785390488322164 2.82718734472309e-16
0.538000000000186 -0.865818813051911 -0.288469068936245 0.785390488322164 2.82718734472309e-16
0.539000000000182 -0.866883404811475 -0.289722555902765 0.785390488322164 5.65437468944618e-16
0.540000000000177 -0.867886818958059 -0.290959132864868 0.785390488322164 1.41359367236155e-16
0.541000000000173 -0.868828778308202 -0.292178550249913 0.785390488322164 4.24078101708464e-16
0.542000000000168 -0.869709192165811 -0.293380616959864 0.785390488322164 5.65437468944618e-16
0.543000000000164 -0.870528165123593 -0.294565202558799 0.785390488322164 5.65437468944618e-16
0.544000000000159 -0.871286002938424 -0.29573223978807 0.785390488322164 5.65437468944618e-16
0.545000000000154 -0.871983215177979 -0.296881727971796 0.785390488322164 5.65437468944618e-16
0.54600000000015 -0.8726205144376 -0.298013730874342 0.785390488322164 5.65437468944618e-16
0.547000000000145 -0.873198812015097 -0.299128380474486 0.785390488322164 4.24078101708464e-16
0.548000000000141 -0.873719210028996 -0.300225871337441 0.785390488322164 5.65437468944618e-16
0.549000000000136 -0.874182990022316 -0.301306461042416 0.785390488322164 7.06796836180773e-16
0.550000000000132 -0.874591598262709 -0.302370464979593 0.785390488322164 7.06796836180773e-16
0.551000000000127 -0.874946627964158 -0.303418251834967 0.785390488322164 5.65437468944618e-16
0.552000000000123 -0.875249798801399 -0.304450238802409 0.785390488322164 5.65437468944618e-16
0.553000000000118 -0.875502934112236 -0.305466884206973 0.785390488322164 7.06796836180773e-16
0.554000000000114 -0.875707936290487 -0.306468679297008 0.785390488322164 7.06796836180773e-16
0.555000000000109 -0.875866760855747 -0.307456142746592 0.785390488322164 4.24078101708464e-16
0.556000000000104 -0.875981389801513 -0.308429808226619 0.785390488322164 4.24078101708464e-16
0.5570000000001 -0.876053804727292 -0.30939022017843 0.785390488322164 5.65437468944618e-16
0.558000000000095 -0.876085960377688 -0.310337920939578 0.785390488322164 4.24078101708464e-16
0.559000000000091 -0.876079759087419 -0.311273443503818 0.785390488322164 7.06796836180773e-16
0.560000000000086 -0.876037026668071 -0.312197302846142 0.785390488322164 7.06796836180773e-16
0.561000000000082 -0.875959490207425 -0.313109987427807 0.785390488322164 2.82718734472309e-16
0.562000000000077 -0.875848758193863 -0.314011950480229 0.785390488322164 5.65437468944618e-16
0.563000000000073 -0.87570630330784 -0.314903603976362 0.785390488322164 5.65437468944618e-16
0.564000000000068 -0.875533448183488 -0.31578531264085 0.785390488322164 4.24078101708464e-16
0.565000000000063 -0.87533135434014 -0.316657387582651 0.785390488322164 5.65437468944618e-16
0.566000000000059 -0.875101014414911 -0.31752008305585 0.785390488322164 5.65437468944618e-16
0.567000000000054 -0.874843247778056 -0.318373593596265 0.785390488322164 8.48156203416928e-16
0.56800000000005 -0.874558699474841 -0.319218052984862 0.785390488322164 7.06796836180773e-16
0.569000000000045 -0.874247842461505 -0.320053532559956 0.785390488322164 7.06796836180773e-16
0.570000000000041 -0.873910982930797 -0.320880044197417 0.785390488322164 5.65437468944618e-16
0.571000000000036 -0.873548268517581 -0.321697541399851 0.785390488322164 8.48156203416928e-16
0.572000000000032 -0.87315969912947 -0.322505922993156 0.785390488322164 9.89515570653082e-16
0.573000000000027 -0.872745140028639 -0.323305039100213 0.785390488322164 8.48156203416928e-16
0.574000000000022 -0.872304336810036 -0.324094695067511 0.785390488322164 5.65437468944618e-16
0.575000000000018 -0.871836931863591 -0.324874659970705 0.785390488322164 8.48156203416928e-16
0.576000000000013 -0.87134248187062 -0.325644671513359 0.785390488322164 8.48156203416928e-16
0.577000000000009 -0.870820475879894 -0.326404446535745 0.785390488322164 8.48156203416928e-16
0.578000000000004 -0.870270353522102 -0.327153685327259 0.785390488322164 5.65437468944618e-16
0.579 -0.869691522891706 -0.327892081763662 0.785390488322164 8.48156203416928e-16
0.579999999999995 -0.869083377678377 -0.328619330208194 0.785390488322164 5.65437468944618e-16
0.580999999999991 -0.868445313189319 -0.329335131138226 0.785390488322164 5.65437468944618e-16
0.581999999999986 -0.867776740760739 -0.330039198376757 0.785390488322164 8.48156203416928e-16
0.582999999999982 -0.86707710054098 -0.330731263631968 0.785390488322164 8.48156203416928e-16
0.583999999999977 -0.866345872610861 -0.331411080692672 0.785390488322164 8.48156203416928e-16
0.584999999999972 -0.865582584666747 -0.332078428360892 0.785390488322164 8.48156203416928e-16
0.585999999999968 -0.864786818815533 -0.332733110951292 0.785390488322164 8.48156203416928e-16
0.586999999999963 -0.863958217100572 -0.333374960712074 0.785390488322164 7.06796836180773e-16
0.587999999999959 -0.863096481900987 -0.334003835101607 0.785390488322164 8.48156203416928e-16
0.588999999999954 -0.862201375073012 -0.334619615323461 0.785390488322164 8.48156203416928e-16
0.58999999999995 -0.86127271855108 -0.335222202720433 0.785390488322164 8.48156203416928e-16
0.590999999999945 -0.86031039264717 -0.335811518387792 0.785390488322164 8.48156203416928e-16
0.591999999999941 -0.859314329817597 -0.336387496046079 0.785390488322164 7.06796836180773e-16
0.592999999999936 -0.858284509252655 -0.336950077962695 0.785390488322164 8.48156203416928e-16
0.593999999999931 -0.857220954747241 -0.337499213027439 0.785390488322164 8.48156203416928e-16
0.594999999999927 -0.85612372685209 -0.338034850160756 0.785390488322164 9.89515570653082e-16
0.595999999999922 -0.854992918528501 -0.338556935950191 0.785390488322164 5.65437468944618e-16
0.596999999999918 -0.853828655602623 -0.339065414597757 0.785390488322164 8.48156203416928e-16
0.597999999999913 -0.852631088201814 -0.33956022235724 0.785390488322164 5.65437468944618e-16
0.598999999999909 -0.851400388853355 -0.340041288721048 0.785390488322164 1.13087493788924e-15
0.599999999999904 -0.850136753796578 -0.340508536617341 0.785390488322164 8.48156203416928e-16
0.6009999999999 -0.848840402729406 -0.340961886213141 0.785390488322164 8.48156203416928e-16
0.601999999999895 -0.847511577291678 -0.341401253670106 0.785390488322164 8.48156203416928e-16
0.602999999999891 -0.846150539845882 -0.341826556670421 0.785390488322164 8.48156203416928e-16
0.603999999999886 -0.844757581048448 -0.342237719552984 0.785390488322164 8.48156203416928e-16
0.604999999999881 -0.843333027270722 -0.34263467966919 0.785390488322164 8.48156203416928e-16
0.605999999999877 -0.841877240706886 -0.343017392586265 0.785390488322164 8.48156203416928e-16
0.606999999999872 -0.840390620337345 -0.343385836198795 0.785390488322164 7.06796836180773e-16
0.607999999999868 -0.838873601795193 -0.343740015275833 0.785390488322164 8.48156203416928e-16
0.608999999999863 -0.837326653961991 -0.344079964130634 0.785390488322164 8.48156203416928e-16
0.609999999999859 -0.835750283292908 -0.344405751456404 0.785390488322164 8.48156203416928e-16
0.610999999999854 -0.834145043902502 -0.344717487525144 0.785390488322164 8.48156203416928e-16
0.61199999999985 -0.832511544375077 -0.345015328968017 0.785390488322164 8.48156203416928e-16
0.612999999999845 -0.830850439783658 -0.34529947589516 0.785390488322164 8.48156203416928e-16
0.61399999999984 -0.829162414288861 -0.345570166316025 0.785390488322164 8.48156203416928e-16
0.614999999999836 -0.827448174232163 -0.345827673556093 0.785390488322164 9.89515570653082e-16
0.615999999999831 -0.825708454525202 -0.346072306093372 0.785390488322164 8.48156203416928e-16
0.616999999999827 -0.823944020203637 -0.346304406705211 0.785390488322164 5.65437468944618e-16
0.617999999999822 -0.822155657071503 -0.346524343426847 0.785390488322164 8.48156203416928e-16
0.618999999999818 -0.820344160208659 -0.346732503619216 0.785390488322164 5.65437468944618e-16
0.619999999999813 -0.81851032778728 -0.346929283776311 0.785390488322164 8.48156203416928e-16
0.620999999999809 -0.816654955841773 -0.347115086261247 0.785390488322164 5.65437468944618e-16
0.621999999999804 -0.814778833655472 -0.347290308182775 0.785390488322164 5.65437468944618e-16
0.622999999999799 -0.812882745841119 -0.347455340016415 0.785390488322164 7.06796836180773e-16
0.623999999999795 -0.810967467132953 -0.347610557648502 0.785390488322164 8.48156203416928e-16
0.62499999999979 -0.809033750833207 -0.347756311790461 0.785390488322164 8.48156203416928e-16
0.625999999999786 -0.807082326935303 -0.34789292441794 0.785390488322164 7.06796836180773e-16
0.626999999999781 -0.80511390901691 -0.348020686906239 0.785390488322164 7.06796836180773e-16
0.627999999999777 -0.803129196649561 -0.348139859365834 0.785390488322164 5.65437468944618e-16
0.628999999999772 -0.801128875126162 -0.348250669208163 0.785390488322164 8.48156203416928e-16
0.629999999999768 -0.79911361620435 -0.348353309468743 0.785390488322164 7.06796836180773e-16
0.630999999999763 -0.797084080260332 -0.348447939796701 0.785390488322164 5.65437468944618e-16
0.631999999999759 -0.795040927768923 -0.348534693862644 0.785390488322164 7.06796836180773e-16
0.632999999999754 -0.792984831982432 -0.348613685524783 0.785390488322164 8.48156203416928e-16
0.633999999999749 -0.790916488341804 -0.348685018049488 0.785390488322164 8.48156203416928e-16
0.634999999999745 -0.788836614347355 -0.348748786177042 0.785390488322164 7.06796836180773e-16
0.63599999999974 -0.786745947304198 -0.348805080653574 0.785390488322164 5.65437468944618e-16
0.636999999999736 -0.784645247430019 -0.348853992746522 0.785390488322164 8.48156203416928e-16
0.637999999999731 -0.782535302384082 -0.348895623533325 0.785390488322164 9.89515570653082e-16
0.638999999999727 -0.780416932024057 -0.348930089237897 0.785390488322164 7.06796836180773e-16
0.639999999999722 -0.778290992910405 -0.348957529524903 0.785390488322164 8.48156203416928e-16
0.640999999999718 -0.776158383151596 -0.34897811549616 0.785390488322164 7.06796836180773e-16
0.641999999999713 -0.774020047293069 -0.348992055254257 0.785390488322164 8.48156203416928e-16
0.642999999999708 -0.771876976161094 -0.348999600481951 0.785390488322164 8.48156203416928e-16
0.643999999999704 -0.769730199660149 -0.349001046028373 0.785390488322164 8.48156203416928e-16
0.644999999999699 -0.767580776841358 -0.348996727030446 0.785390488322164 9.89515570653082e-16
0.645999999999695 -0.765429790202798 -0.348987019635862 0.785390488322164 5.65437468944618e-16
0.64699999999969 -0.763278345883183 -0.348972342866008 0.785390488322164 8.48156203416928e-16
0.647999999999686 -0.761127572033237 -0.348953157370056 0.785390488322164 8.48156203416928e-16
0.648999999999681 -0.758978614095877 -0.34892996439109 0.785390488322164 8.48156203416928e-16
0.649999999999677 -0.756832629816534 -0.348903300898458 0.785390488322164 5.65437468944618e-16
0.650999999999672 -0.754690786022953 -0.348873737350888 0.785390488322164 5.65437468944618e-16
0.651999999999668 -0.75255425491892 -0.348841873208044 0.785390488322164 5.65437468944618e-16
0.652999999999663 -0.750424206082082 -0.348808329272263 0.785390488322164 1.13087493788924e-15
0.653999999999658 -0.748301798351234 -0.348773740579456 0.785390488322164 7.06796836180773e-16
0.654999999999654 -0.746188178387404 -0.348738751811887 0.785390488322164 7.06796836180773e-16
0.655999999999649 -0.744084483687447 -0.348704013865873 0.785390488322164 8.48156203416928e-16
0.656999999999645 -0.741991845022769 -0.348670182000696 0.785390488322164 8.48156203416928e-16
0.65799999999964 -0.739911386791203 -0.348637911214557 0.785390488322164 7.06796836180773e-16
0.658999999999636 -0.73784422536577 -0.348607850401832 0.785390488322164 8.48156203416928e-16
0.659999999999631 -0.735791466234977 -0.348580638994131 0.785390488322164 7.06796836180773e-16
0.660999999999627 -0.733754202090175 -0.348556900711602 0.785390488322164 7.06796836180773e-16
0.661999999999622 -0.731733513656289 -0.348537242789352 0.785390488322164 8.48156203416928e-16
0.662999999999617 -0.729730473491456 -0.348522253884297 0.785390488322164 5.65437468944618e-16
0.663999999999613 -0.727746151193131 -0.348512507300891 0.785390488322164 8.48156203416928e-16
0.664999999999608 -0.725781618032642 -0.348508560194198 0.785390488322164 8.48156203416928e-16
0.665999999999604 -0.723837949479211 -0.348510955997824 0.785390488322164 8.48156203416928e-16
0.666999999999599 -0.721916225462978 -0.348520223633232 0.785390488322164 7.06796836180773e-16
0.667999999999595 -0.720017529483673 -0.348536879538429 0.785390488322164 8.48156203416928e-16
0.66899999999959 -0.718142947528129 -0.348561425835943 0.785390488322164 8.48156203416928e-16
0.669999999999586 -0.716293566659088 -0.348594353918709 0.785390488322164 9.89515570653082e-16
0.670999999999581 -0.714470473368554 -0.348636144399128 0.785390488322164 8.48156203416928e-16
0.671999999999576 -0.712674752077925 -0.34868726920064 0.785390488322164 8.48156203416928e-16
0.672999999999572 -0.710907483681531 -0.348748193907667 0.785390488322164 8.48156203416928e-16
0.673999999999567 -0.709169743266068 -0.348819378297193 0.785390488322164 8.48156203416928e-16
0.674999999999563 -0.707462596614899 -0.348901278405807 0.785390488322164 5.65437468944618e-16
0.675999999999558 -0.705787096060947 -0.348994346700591 0.785390488322164 7.06796836180773e-16
0.676999999999554 -0.704144276609833 -0.349099032361579 0.785390488322164 8.48156203416928e-16
0.677999999999549 -0.70253515279086 -0.349215781773536 0.785390488322164 9.89515570653082e-16
0.678999999999545 -0.700960716043042 -0.349345040366386 0.785390488322164 9.89515570653082e-16
0.67999999999954 -0.699421931575387 -0.349487251865633 0.785390488322164 9.89515570653082e-16
0.680999999999536 -0.697919736799481 -0.349642858794165 0.785390488322164 9.89515570653082e-16
0.681999999999531 -0.696455038915037 -0.349812304443728 0.785390488322164 1.13087493788924e-15
0.682999999999526 -0.695028712677574 -0.34999602918607 0.785390488322164 8.48156203416928e-16
0.683999999999522 -0.693641600722042 -0.350194475061494 0.785390488322164 1.27223430512539e-15
0.684999999999517 -0.692294516533231 -0.350408085530299 0.785390488322164 8.48156203416928e-16
0.685999999999513 -0.690988244153333 -0.350637305305199 0.785390488322164 1.13087493788924e-15
0.686999999999508 -0.689723540195814 -0.350882582737667 0.785390488322164 9.89515570653082e-16
0.687999999999504 -0.688501138640277 -0.351144370187509 0.785390488322164 8.48156203416928e-16
0.688999999999499 -0.687321752417876 -0.351423126106425 0.785390488322164 1.13087493788924e-15
0.689999999999495 -0.686186077469415 -0.351719315582957 0.785390488322164 8.48156203416928e-16
0.69099999999949 -0.685094797146688 -0.352033411322823 0.785390488322164 8.48156203416928e-16
0.691999999999485 -0.684048584301973 -0.352365894649044 0.785390488322164 9.89515570653082e-16
0.692999999999481 -0.683048103558875 -0.352717254563508 0.785390488322164 1.13087493788924e-15
0.693999999999476 -0.682094012970541 -0.353087987683456 0.785390488322164 1.13087493788924e-15
0.694999999999472 -0.681186966945774 -0.353478598527909 0.785390488322163 1.41359367236155e-15
0.695999999999467 -0.680327620142455 -0.353889600112101 0.785390488322164 1.13087493788924e-15
0.696999999999463 -0.67951661985464 -0.35432150767878 0.785390488322164 1.13087493788924e-15
0.697999999999458 -0.678754607938263 -0.354774838724024 0.785390488322164 8.48156203416928e-16
0.698999999999454 -0.678042214683817 -0.355250108437436 0.785390488322164 1.13087493788924e-15
0.699999999999449 -0.677380054752778 -0.355747825736499 0.785390488322164 8.48156203416928e-16
0.700999999999445 -0.67676872016639 -0.356268487522677 0.785390488322164 8.48156203416928e-16
0.70199999999944 -0.67620876810464 -0.35681257092366 0.785390488322164 8.48156203416928e-16
0.702999999999435 -0.675700717358321 -0.357380532218711 0.785390488322164 1.13087493788924e-15
0.703999999999431 -0.675245040106226 -0.35797279921914 0.785390488322164 8.48156203416928e-16
0.704999999999426 -0.674842143264822 -0.358589762096212 0.785390488322164 8.48156203416928e-16
0.705999999999422 -0.67449234664609 -0.359231759013132 0.785390488322164 1.13087493788924e-15
0.706999999999417 -0.674195875420795 -0.359899073327819 0.785390488322164 8.48156203416928e-16
0.707999999999413 -0.673952863246718 -0.360591935887729 0.785390488322164 1.13087493788924e-15
0.708999999999408 -0.673763344727508 -0.361310522327367 0.785390488322164 1.13087493788924e-15
0.709999999999404 -0.673627242142462 -0.362054945093448 0.785390488322164 9.89515570653082e-16
0.710999999999399 -0.673544352315673 -0.362825247763583 0.785390488322164 5.65437468944618e-16
0.711999999999394 -0.673514329570752 -0.363621394825874 0.785390488322164 7.06796836180773e-16
0.71299999999939 -0.673536672053578 -0.364443265826966 0.785390488322164 8.48156203416928e-16
0.713999999999385 -0.673610701967268 -0.36529064307144 0.785390488322164 8.48156203416928e-16
0.714999999999381 -0.673735583244589 -0.366163224656339 0.785390488322164 8.48156203416928e-16
0.715999999999376 -0.673910349970749 -0.367060642058042 0.785390488322164 9.89515570653082e-16
0.716999999999372 -0.674133904858738 -0.367982459479485 0.785390488322164 8.48156203416928e-16
0.717999999999367 -0.674405016592734 -0.368928173442988 0.785390488322164 9.89515570653082e-16
0.718999999999363 -0.674722350964139 -0.369897230269465 0.785390488322164 1.13087493788924e-15
0.719999999999358 -0.675084450113395 -0.370889012861886 0.785390488322164 9.89515570653082e-16
0.720999999999353 -0.675489688733267 -0.371902809707706 0.785390488322164 8.48156203416928e-16
0.721999999999349 -0.675936308703434 -0.372937835745755 0.785390488322164 8.48156203416928e-16
0.722999999999344 -0.676422523344815 -0.373993294843459 0.785390488322164 8.48156203416928e-16
0.72399999999934 -0.676946555668923 -0.375068403971857 0.785390488322164 9.89515570653082e-16
0.724999999999335 -0.677506615645093 -0.376162376814878 0.785390488322164 9.89515570653082e-16
0.725999999999331 -0.678100869634388 -0.377274399484243 0.785390488322164 8.48156203416928e-16
0.726999999999326 -0.678727458942085 -0.378403640364043 0.785390488322164 9.89515570653082e-16
0.727999999999322 -0.679384527530448 -0.379549263320957 0.785390488322164 9.89515570653082e-16
0.728999999999317 -0.680070254148944 -0.380710443969842 0.785390488322164 8.48156203416928e-16
0.729999999999313 -0.680782876766241 -0.381886382249915 0.785390488322164 1.13087493788924e-15
0.730999999999308 -0.68152071692966 -0.383076316982466 0.785390488322164 9.89515570653082e-16
0.731999999999303 -0.682282207063171 -0.384279542828903 0.785390488322164 8.48156203416928e-16
0.732999999999299 -0.683065914105875 -0.385495422445198 0.785390488322163 1.41359367236155e-15
0.733999999999294 -0.683870535623999 -0.386723380686115 0.785390488322164 8.48156203416928e-16
0.73499999999929 -0.684694875208493 -0.387962886102879 0.785390488322164 7.06796836180773e-16
0.735999999999285 -0.685537837652136 -0.38921344834224 0.785390488322164 8.48156203416928e-16
0.736999999999281 -0.686398447368934 -0.390474630257641 0.785390488322164 8.48156203416928e-16
0.737999999999276 -0.68727586810494 -0.391746063254517 0.785390488322164 8.48156203416928e-16
0.738999999999272 -0.688169411840587 -0.393027453740877 0.785390488322164 1.13087493788924e-15
0.739999999999267 -0.68907853795759 -0.394318579486291 0.785390488322164 1.13087493788924e-15
0.740999999999262 -0.690002847154684 -0.395619288854653 0.785390488322164 8.48156203416928e-16
0.741999999999258 -0.690942072221727 -0.396929493219168 0.785390488322164 1.13087493788924e-15
0.742999999999253 -0.691896066708697 -0.398249162599804 0.785390488322164 8.48156203416928e-16
0.743999999999249 -0.692864793083791 -0.399578319699447 0.785390488322164 7.06796836180773e-16
0.744999999999244 -0.693848311769425 -0.400917034219605 0.785390488322164 8.48156203416928e-16
0.74599999999924 -0.694846771386784 -0.402265418299562 0.785390488322164 1.13087493788924e-15
0.746999999999235 -0.695860399804344 -0.403623623457535 0.785390488322164 8.48156203416928e-16
0.747999999999231 -0.696889495222109 -0.40499183584927 0.785390488322164 7.06796836180773e-16
0.748999999999226 -0.697934416431648 -0.406370273100297 0.785390488322164 5.65437468944618e-16
0.749999999999222 -0.698995571856393 -0.407759179256162 0.785390488322164 5.65437468944618e-16
0.750999999999217 -0.700073407597051 -0.409158819903269 0.785390488322164 8.48156203416928e-16
0.751999999999212 -0.701168395123169 -0.410569475886371 0.785390488322164 8.48156203416928e-16
0.752999999999208 -0.70228101941164 -0.411991439572683 0.785390488322164 8.48156203416928e-16
0.753999999999203 -0.70341176800185 -0.413425009277216 0.785390488322164 8.48156203416928e-16
0.754999999999199 -0.704561121042735 -0.414870485314685 0.785390488322164 9.89515570653082e-16
0.755999999999194 -0.705729542149204 -0.416328167806498 0.785390488322164 1.13087493788924e-15
0.75699999999919 -0.706917469690861 -0.417798352093952 0.785390488322164 8.48156203416928e-16
0.757999999999185 -0.708125308443162 -0.419281326429367 0.785390488322164 8.48156203416928e-16
0.758999999999181 -0.709353421763367 -0.420777368691377 0.785390488322164 1.13087493788924e-15
0.759999999999176 -0.710602124408954 -0.422286743243401 0.785390488322164 8.48156203416928e-16
0.760999999999171 -0.711871676149494 -0.423809697515055 0.785390488322164 8.48156203416928e-16
0.761999999999167 -0.713162276110909 -0.425346459457273 0.785390488322164 1.13087493788924e-15
0.762999999999162 -0.714474057809628 -0.426897233598641 0.785390488322164 1.13087493788924e-15
0.763999999999158 -0.715807084856628 -0.428462198635588 0.785390488322164 1.13087493788924e-15
0.764999999999153 -0.717161347373512 -0.430041502088847 0.785390488322164 9.89515570653082e-16
0.765999999999149 -0.718536759198205 -0.431635258667486 0.785390488322164 1.13087493788924e-15
0.766999999999144 -0.719933155795299 -0.433243543458215 0.785390488322164 1.13087493788924e-15
0.76799999999914 -0.721350293026829 -0.434866390564144 0.785390488322164 1.13087493788924e-15
0.768999999999135 -0.722787846714628 -0.436503786246835 0.785390488322164 8.48156203416928e-16
0.76999999999913 -0.724245412975241 -0.438155667146589 0.785390488322164 8.48156203416928e-16
0.770999999999126 -0.725722509454918 -0.439821914700401 0.785390488322164 1.13087493788924e-15
0.771999999999121 -0.727218577738192 -0.441502353419054 0.785390488322164 8.48156203416928e-16
0.772999999999117 -0.728732986544543 -0.443196746793224 0.785390488322164 1.13087493788924e-15
0.773999999999112 -0.730265034470321 -0.444904795474852 0.785390488322164 9.89515570653082e-16
0.774999999999108 -0.731813958105672 -0.446626137636887 0.785390488322164 1.13087493788924e-15
0.775999999999103 -0.733378930616155 -0.448360345452349 0.785390488322164 9.89515570653082e-16
0.776999999999099 -0.734959071869419 -0.450106928175599 0.785390488322164 1.13087493788924e-15
0.777999999999094 -0.736553469047561 -0.451865340267849 0.785390488322164 1.13087493788924e-15
0.77899999999909 -0.738161136399931 -0.453634962879262 0.785390488322164 8.48156203416928e-16
0.779999999999085 -0.739781084249678 -0.455415136846587 0.785390488322164 1.13087493788924e-15
0.78099999999908 -0.741412298006601 -0.457205162466622 0.785390488322164 9.89515570653082e-16
0.781999999999076 -0.74305369179034 -0.459004273773285 0.785390488322164 1.13087493788924e-15
0.782999999999071 -0.74470420340662 -0.46081167739624 0.785390488322164 1.13087493788924e-15
0.783999999999067 -0.746362832342243 -0.462626584063436 0.785390488322164 1.13087493788924e-15
0.784999999999062 -0.748028570790849 -0.464448193949684 0.785390488322164 1.13087493788924e-15
0.785999999999058 -0.749700317044402 -0.466275659038915 0.785390488322164 1.13087493788924e-15
0.786999999999053 -0.751376907795542 -0.468108096619526 0.785390488322164 1.13087493788924e-15
0.787999999999049 -0.75305726629175 -0.469944665177415 0.785390488322164 1.13087493788924e-15
0.788999999999044 -0.754740454654684 -0.471784600047906 0.785390488322164 1.13087493788924e-15
0.789999999999039 -0.756425535018789 -0.473627159387421 0.785390488322164 1.13087493788924e-15
0.790999999999035 -0.758111445252025 -0.475471567967096 0.785390488322164 8.48156203416928e-16
0.79199999999903 -0.759797101218647 -0.477317066332919 0.785390488322163 1.5549530395977e-15
0.792999999999026 -0.761481561556261 -0.479162996818191 0.785390488322164 1.13087493788924e-15
0.793999999999021 -0.763163946394254 -0.481008775106989 0.785390488322163 1.41359367236155e-15
0.794999999999017 -0.764843334077037 -0.48285383820202 0.785390488322164 9.89515570653082e-16
0.795999999999012 -0.766518748117322 -0.484697631789562 0.785390488322164 9.89515570653082e-16
0.796999999999008 -0.768189155420728 -0.486539612987073 0.785390488322164 1.13087493788924e-15
0.797999999999003 -0.769853502459569 -0.488379264415027 0.785390488322164 1.13087493788924e-15
0.798999999998999 -0.771510819359833 -0.490216143992122 0.785390488322164 1.27223430512539e-15
0.799999999998994 -0.773160242270032 -0.492049880545556 0.785390488322164 1.13087493788924e-15
0.800999999998989 -0.774800918177721 -0.493880123304557 0.785390488322164 1.13087493788924e-15
0.801999999998985 -0.776431898121849 -0.495706497871989 0.785390488322164 1.13087493788924e-15
0.80299999999898 -0.778052103299464 -0.497528579724454 0.785390488322163 1.41359367236155e-15
0.803999999998976 -0.779660381233008 -0.499345908724006 0.785390488322164 9.89515570653082e-16
0.804999999998971 -0.781255579978792 -0.501158010979207 0.785390488322164 9.89515570653082e-16
0.805999999998967 -0.782836579863382 -0.502964408752584 0.785390488322164 1.13087493788924e-15
0.806999999998962 -0.784402282315837 -0.504764608934321 0.785390488322164 1.13087493788924e-15
0.807999999998958 -0.785951583051258 -0.506558081031935 0.785390488322164 1.13087493788924e-15
0.808999999998953 -0.787483369275904 -0.508344250532238 0.785390488322164 1.13087493788924e-15
0.809999999998948 -0.78899652010368 -0.510122494920598 0.785390488322164 1.13087493788924e-15
0.810999999998944 -0.790489893529825 -0.511892134160606 0.785390488322164 1.13087493788924e-15
0.811999999998939 -0.791962320822087 -0.513652424504659 0.785390488322164 1.13087493788924e-15
0.812999999998935 -0.793412621719503 -0.51540257727258 0.785390488322164 1.13087493788924e-15
0.81399999999893 -0.794839610196888 -0.517141760029048 0.785390488322164 1.13087493788924e-15
0.814999999998926 -0.796242099770875 -0.518869094555077 0.785390488322164 1.27223430512539e-15
0.815999999998921 -0.797618926568328 -0.520583662081897 0.785390488322164 9.89515570653082e-16
0.816999999998917 -0.798968955448114 -0.522284513968199 0.785390488322164 1.27223430512539e-15
0.817999999998912 -0.800291071097675 -0.523970676120825 0.785390488322164 1.27223430512539e-15
0.818999999998907 -0.801584170928333 -0.525641159892386 0.785390488322164 1.13087493788924e-15
0.819999999998903 -0.80284717120831 -0.527294969412132 0.785390488322164 1.27223430512539e-15
0.820999999998898 -0.804079017177376 -0.528931114020473 0.785390488322164 1.13087493788924e-15
0.821999999998894 -0.8052786841318 -0.530548609294883 0.785390488322164 1.13087493788924e-15
0.822999999998889 -0.806445174068399 -0.532146482185686 0.785390488322163 1.41359367236155e-15
0.823999999998885 -0.807577523479335 -0.533723782527641 0.785390488322163 1.41359367236155e-15
0.82499999999888 -0.808674813487555 -0.53527959971529 0.785390488322164 1.13087493788924e-15
0.825999999998876 -0.809736164964903 -0.536813070627574 0.785390488322163 1.41359367236155e-15
0.826999999998871 -0.810760717940628 -0.538323370627349 0.785390488322164 9.89515570653082e-16
0.827999999998867 -0.811747610472917 -0.539809702539108 0.785390488322164 1.13087493788924e-15
0.828999999998862 -0.812695970110251 -0.541271292244803 0.785390488322164 1.13087493788924e-15
0.829999999998857 -0.813604921237838 -0.54270739182941 0.785390488322164 1.13087493788924e-15
0.830999999998853 -0.814473599861044 -0.544117290429606 0.785390488322164 9.89515570653082e-16
0.831999999998848 -0.815301166574487 -0.545500322345283 0.785390488322164 1.13087493788924e-15
0.832999999998844 -0.816086811791809 -0.546855869669887 0.785390488322164 1.13087493788924e-15
0.833999999998839 -0.816829751169312 -0.548183359212032 0.785390488322164 1.13087493788924e-15
0.834999999998835 -0.817529214789294 -0.5494822518052 0.785390488322164 1.13087493788924e-15
0.83599999999883 -0.818184439150022 -0.550752035480855 0.785390488322164 9.89515570653082e-16
0.836999999998826 -0.818794664882642 -0.551992221680274 0.785390488322164 1.13087493788924e-15
0.837999999998821 -0.819359136976644 -0.553202343644291 0.785390488322164 1.13087493788924e-15
0.838999999998816 -0.819877105027745 -0.55438195042422 0.785390488322164 1.13087493788924e-15
0.839999999998812 -0.820347825118482 -0.555530602457877 0.785390488322164 1.13087493788924e-15
0.840999999998807 -0.820770564840505 -0.556647870898722 0.785390488322163 1.41359367236155e-15
0.841999999998803 -0.821144610221957 -0.557733337749518 0.785390488322164 1.13087493788924e-15
0.842999999998798 -0.821469272274328 -0.55878659840192 0.785390488322164 1.13087493788924e-15
0.843999999998794 -0.821743892083743 -0.559807260173974 0.785390488322164 1.13087493788924e-15
0.844999999998789 -0.821967844100769 -0.56079494250244 0.785390488322163 1.41359367236155e-15
0.845999999998785 -0.82214053839647 -0.561749274410717 0.785390488322164 1.13087493788924e-15
0.84699999999878 -0.822261423872282 -0.562669893980868 0.785390488322164 1.27223430512539e-15
0.847999999998776 -0.822329991561247 -0.563556448627011 0.785390488322164 1.27223430512539e-15
0.848999999998771 -0.822345775979059 -0.564408593899927 0.785390488322164 1.27223430512539e-15
0.849999999998766 -0.822308360064389 -0.565225996540317 0.785390488322164 1.27223430512539e-15
0.850999999998762 -0.822217374823403 -0.566008334699532 0.785390488322164 1.13087493788924e-15
0.851999999998757 -0.822072503080605 -0.566755298008593 0.785390488322164 1.27223430512539e-15
0.852999999998753 -0.821873479973579 -0.567466590476874 0.785390488322164 9.89515570653082e-16
0.853999999998748 -0.821620088901948 -0.568141929449204 0.785390488322164 1.13087493788924e-15
0.854999999998744 -0.821312165663283 -0.568781047810987 0.785390488322164 9.89515570653082e-16
0.855999999998739 -0.820949598650863 -0.569383696741054 0.785390488322163 1.41359367236155e-15
0.856999999998735 -0.820532320083252 -0.569949641313634 0.785390488322164 1.27223430512539e-15
0.85799999999873 -0.820060302477202 -0.57047866398446 0.785390488322163 1.41359367236155e-15
0.858999999998725 -0.819533562028697 -0.570970564106455 0.785390488322163 1.41359367236155e-15
0.859999999998721 -0.818952159155375 -0.571425163573489 0.785390488322163 1.41359367236155e-15
0.860999999998716 -0.818316196852606 -0.571842308202312 0.785390488322163 1.5549530395977e-15
0.861999999998712 -0.817625815334402 -0.57222187033002 0.785390488322164 1.27223430512539e-15
0.862999999998707 -0.816881189615724 -0.572563753818823 0.785390488322163 1.69631240683386e-15
0.863999999998703 -0.816082530277495 -0.572867896766757 0.785390488322163 1.69631240683386e-15
0.864999999998698 -0.81523008135432 -0.573134271937638 0.785390488322163 1.41359367236155e-15
0.865999999998694 -0.814324118052383 -0.573362889257385 0.785390488322163 1.41359367236155e-15
0.866999999998689 -0.813364952878565 -0.573553797671403 0.785390488322163 1.41359367236155e-15
0.867999999998684 -0.812352946051842 -0.573707092759498 0.785390488322163 1.41359367236155e-15
0.86899999999868 -0.811288501728303 -0.573822918750947 0.785390488322163 1.41359367236155e-15
0.869999999998675 -0.810172063115591 -0.573901475487929 0.785390488322163 1.69631240683386e-15
0.870999999998671 -0.809004110342919 -0.573943014823099 0.785390488322163 1.41359367236155e-15
0.871999999998666 -0.807785165976737 -0.573947829889796 0.785390488322163 1.5549530395977e-15
0.872999999998662 -0.806515811241132 -0.573916266225032 0.785390488322163 1.41359367236155e-15
0.873999999998657 -0.805196705168093 -0.573848737415709 0.785390488322163 1.69631240683386e-15
0.874999999998653 -0.803828576921617 -0.573745722690525 0.785390488322163 1.5549530395977e-15
0.875999999998648 -0.802412221970183 -0.573607759779126 0.785390488322163 1.5549530395977e-15
0.876999999998644 -0.80094850148333 -0.573435435189603 0.785390488322163 1.69631240683386e-15
0.877999999998639 -0.799438341382992 -0.573229381079765 0.785390488322163 1.5549530395977e-15
0.878999999998634 -0.797882733957639 -0.572990272398069 0.785390488322163 1.5549530395977e-15
0.87999999999863 -0.796282737873987 -0.572718815984844 0.785390488322163 1.41359367236155e-15
0.880999999998625 -0.794639473508701 -0.572415746497738 0.785390488322163 1.41359367236155e-15
0.881999999998621 -0.792954137540999 -0.572081837933396 0.785390488322163 1.69631240683386e-15
0.882999999998616 -0.791228001755618 -0.571717908449362 0.785390488322163 1.41359367236155e-15
0.883999999998612 -0.789462405929848 -0.571324804303011 0.785390488322163 1.5549530395977e-15
0.884999999998607 -0.787658746321283 -0.570903377017883 0.785390488322163 1.41359367236155e-15
0.885999999998603 -0.785818468293071 -0.570454478884297 0.785390488322163 1.69631240683386e-15
0.886999999998598 -0.78394305590874 -0.569978962319398 0.785390488322163 1.41359367236155e-15
0.887999999998593 -0.78203402680087 -0.569477686050291 0.785390488322163 1.41359367236155e-15
0.888999999998589 -0.780092940591143 -0.568951521534377 0.785390488322163 1.5549530395977e-15
0.889999999998584 -0.778121388822429 -0.568401341677397 0.785390488322163 1.5549530395977e-15
0.89099999999858 -0.776120954078003 -0.567828000037279 0.785390488322163 1.69631240683386e-15
0.891999999998575 -0.774093191946324 -0.567232324798729 0.785390488322163 1.69631240683386e-15
0.892999999998571 -0.772039647228819 -0.566615130780834 0.785390488322163 1.69631240683386e-15
0.893999999998566 -0.769961859243182 -0.565977229978316 0.785390488322163 1.69631240683386e-15
0.894999999998562 -0.767861340022156 -0.565319423169742 0.785390488322163 1.83767177407001e-15
0.895999999998557 -0.765739529616319 -0.564642486991485 0.785390488322163 1.41359367236155e-15
0.896999999998553 -0.763597765584066 -0.563947162092271 0.785390488322163 1.97903114130616e-15
0.897999999998548 -0.761437304449185 -0.563234163422534 0.785390488322163 1.69631240683386e-15
0.898999999998543 -0.759259343135476 -0.562504192941534 0.785390488322163 1.97903114130616e-15
0.899999999998539 -0.757065013795312 -0.561757937147039 0.785390488322163 1.97903114130616e-15
0.900999999998534 -0.75485537044927 -0.560996061843587 0.785390488322163 1.97903114130616e-15
0.90199999999853 -0.75263135982938 -0.560219201553494 0.785390488322163 1.97903114130616e-15
0.902999999998525 -0.750393799995084 -0.559427951965134 0.785390488322163 1.69631240683386e-15
0.903999999998521 -0.748143398355161 -0.5586228765422 0.785390488322163 2.12039050854232e-15
0.904999999998516 -0.745880747053668 -0.557804498610411 0.785390488322163 1.69631240683386e-15
0.905999999998512 -0.743606338708817 -0.55697330233985 0.785390488322163 1.69631240683386e-15
0.906999999998507 -0.741320606337823 -0.556129744137703 0.785390488322163 2.12039050854232e-15
0.907999999998502 -0.739023947890814 -0.555274257751599 0.785390488322163 2.12039050854232e-15
0.908999999998498 -0.736716668038246 -0.554407230777842 0.785390488322163 1.97903114130616e-15
0.909999999998493 -0.734398853972351 -0.553528951615673 0.785390488322163 1.97903114130616e-15
0.910999999998489 -0.732070369198965 -0.552639604956562 0.785390488322163 1.83767177407001e-15
0.911999999998484 -0.729731040640345 -0.551739333228992 0.785390488322163 1.97903114130616e-15
0.91299999999848 -0.727380821109918 -0.550828293538412 0.785390488322163 1.97903114130616e-15
0.913999999998475 -0.725019737050026 -0.549906636046956 0.785390488322163 1.69631240683386e-15
0.914999999998471 -0.722647723579652 -0.548974442734224 0.785390488322163 1.97903114130616e-15
0.915999999998466 -0.720264552333486 -0.548031699507369 0.785390488322163 1.97903114130616e-15
0.916999999998461 -0.717869913698369 -0.547078326449704 0.785390488322163 2.12039050854232e-15
0.917999999998457 -0.715463555908823 -0.546114228428632 0.785390488322163 1.97903114130616e-15
0.918999999998452 -0.713045356413637 -0.545139326400172 0.785390488322163 1.97903114130616e-15
0.919999999998448 -0.71061528105214 -0.544153547559143 0.785390488322163 2.12039050854232e-15
0.920999999998443 -0.708173290987453 -0.543156797904617 0.785390488322163 1.97903114130616e-15
0.921999999998439 -0.705719288314727 -0.542148950982577 0.785390488322163 2.12039050854232e-15
0.922999999998434 -0.703253137237274 -0.54112985923366 0.785390488322163 1.97903114130616e-15
0.92399999999843 -0.700774728245687 -0.54009938521196 0.785390488322163 1.83767177407001e-15
0.924999999998425 -0.698284031570687 -0.539057428200701 0.785390488322163 2.26174987577847e-15
0.925999999998421 -0.695781113243346 -0.538003938763424 0.785390488322163 1.97903114130616e-15
0.926999999998416 -0.693266121490225 -0.536938920244921 0.785390488322163 1.97903114130616e-15
0.927999999998411 -0.690739265609171 -0.535862430061201 0.785390488322163 1.97903114130616e-15
0.928999999998407 -0.688200803053503 -0.534774579381601 0.785390488322163 2.12039050854232e-15
0.929999999998402 -0.68565103742821 -0.533675539970822 0.785390488322163 1.97903114130616e-15
0.930999999998398 -0.683090322216698 -0.532565547225337 0.785390488322163 1.97903114130616e-15
0.931999999998393 -0.680519064369538 -0.531444905493577 0.785390488322163 1.97903114130616e-15
0.932999999998389 -0.677937725117394 -0.530313989236374 0.785390488322163 1.97903114130616e-15
0.933999999998384 -0.675346818246508 -0.529173240896617 0.785390488322163 1.97903114130616e-15
0.93499999999838 -0.672746907020878 -0.528023170212691 0.785390488322163 1.83767177407001e-15
0.935999999998375 -0.670138600763341 -0.526864347791781 0.785390488322163 1.97903114130616e-15
0.93699999999837 -0.667522551509141 -0.52569740062266 0.785390488322163 1.97903114130616e-15
0.937999999998366 -0.664899450842197 -0.524523004491124 0.785390488322163 1.83767177407001e-15
0.938999999998361 -0.662270026969352 -0.523341877715074 0.785390488322163 2.12039050854232e-15
0.939999999998357 -0.65963504207423 -0.522154771617725 0.785390488322163 1.97903114130616e-15
0.940999999998352 -0.656995289949347 -0.520962462183924 0.785390488322163 2.12039050854232e-15
0.941999999998348 -0.654351593775317 -0.519765741363296 0.785390488322163 2.12039050854232e-15
0.942999999998343 -0.651704803936093 -0.518565408649909 0.785390488322163 1.97903114130616e-15
0.943999999998339 -0.649055795607172 -0.517362261118237 0.785390488322163 1.69631240683386e-15
0.944999999998334 -0.646405466154771 -0.516157087025098 0.785390488322163 2.12039050854232e-15
0.94599999999833 -0.643754732232789 -0.514950657518506 0.785390488322163 1.97903114130616e-15
0.946999999998325 -0.641104526698649 -0.513743718650584 0.785390488322163 2.26174987577847e-15
0.94799999999832 -0.638455795206445 -0.512536988490412 0.785390488322163 1.97903114130616e-15
0.948999999998316 -0.635809492683 -0.511331149385445 0.785390488322163 2.26174987577847e-15
0.949999999998311 -0.633166579639806 -0.510126847102526 0.785390488322163 2.12039050854232e-15
0.950999999998307 -0.630528018531493 -0.508924687709559 0.785390488322163 2.12039050854232e-15
0.951999999998302 -0.62789477023799 -0.507725236963982 0.785390488322163 1.97903114130616e-15
0.952999999998298 -0.625267790780287 -0.506529020961448 0.785390488322163 2.12039050854232e-15
0.953999999998293 -0.622648028303628 -0.505336528972776 0.785390488322163 1.97903114130616e-15
0.954999999998289 -0.620036420296428 -0.504148214312856 0.785390488322163 1.83767177407001e-15
0.955999999998284 -0.617433891010155 -0.502964500637063 0.785390488322163 1.97903114130616e-15
0.956999999998279 -0.614841349108021 -0.501785784512386 0.785390488322163 1.97903114130616e-15
0.957999999998275 -0.6122596856016 -0.500612441111469 0.785390488322163 1.97903114130616e-15
0.95899999999827 -0.609689772094185 -0.499444829625336 0.785390488322163 2.12039050854232e-15
0.959999999998266 -0.60713245936236 -0.498283298502855 0.785390488322163 1.69631240683386e-15
0.960999999998261 -0.604588576245934 -0.497128191777493 0.785390488322163 1.83767177407001e-15
0.961999999998257 -0.602058928830274 -0.495979853559716 0.785390488322163 1.97903114130616e-15
0.962999999998252 -0.599544300016532 -0.494838633466795 0.785390488322163 1.83767177407001e-15
0.963999999998248 -0.597045449537937 -0.493704891087363 0.785390488322163 1.83767177407001e-15
0.964999999998243 -0.594563114478373 -0.492579000475056 0.785390488322163 1.69631240683386e-15
0.965999999998238 -0.592098010230076 -0.491461353429834 0.785390488322163 1.97903114130616e-15
0.966999999998234 -0.589650831711827 -0.490352362524144 0.785390488322163 1.97903114130616e-15
0.967999999998229 -0.587222254785969 -0.489252463213322 0.785390488322163 1.69631240683386e-15
0.968999999998225 -0.584812937703889 -0.488162115367841 0.785390488322163 1.97903114130616e-15
0.96999999999822 -0.58242352263102 -0.487081804397679 0.785390488322163 1.69631240683386e-15
0.970999999998216 -0.58005463722942 -0.486012039537155 0.785390488322163 1.69631240683386e-15
0.971999999998211 -0.577706896247935 -0.484953355478101 0.785390488322163 1.69631240683386e-15
0.972999999998207 -0.575380903107066 -0.483906308926288 0.785390488322163 1.69631240683386e-15
0.973999999998202 -0.573077251288447 -0.482871477404789 0.785390488322163 1.83767177407001e-15
0.974999999998198 -0.570796525464337 -0.481849457195526 0.785390488322163 1.5549530395977e-15
0.975999999998193 -0.568539302249544 -0.480840859214135 0.785390488322163 1.69631240683386e-15
0.976999999998188 -0.566306150595288 -0.47984630678172 0.785390488322163 1.69631240683386e-15
0.977999999998184 -0.564097631808377 -0.478866429925747 0.785390488322163 1.69631240683386e-15
0.978999999998179 -0.561914299279129 -0.477901862449183 0.785390488322163 1.69631240683386e-15
0.979999999998175 -0.559756697906849 -0.476953237385693 0.785390488322163 1.69631240683386e-15
0.98099999999817 -0.557625363312182 -0.476021182163118 0.785390488322163 1.83767177407001e-15
0.981999999998166 -0.555520820799464 -0.475106314116578 0.785390488322163 1.83767177407001e-15
0.982999999998161 -0.553443584156181 -0.474209236297263 0.785390488322163 1.69631240683386e-15
0.983999999998157 -0.551394154327498 -0.473330532230088 0.785390488322163 1.69631240683386e-15
0.984999999998152 -0.549373017984967 -0.472470763705436 0.785390488322163 1.69631240683386e-15
0.985999999998147 -0.547380646129238 -0.471630464868985 0.785390488322163 1.69631240683386e-15
0.986999999998143 -0.545417492667033 -0.470810140135681 0.785390488322163 1.83767177407001e-15
0.987999999998138 -0.543483993069634 -0.470010260226328 0.785390488322163 2.26174987577847e-15
0.988999999998134 -0.541580563077574 -0.46923125946665 0.785390488322163 1.97903114130616e-15
0.989999999998129 -0.539707597523881 -0.468473532900878 0.785390488322163 1.97903114130616e-15
0.990999999998125 -0.537865469192527 -0.467737435164754 0.785390488322163 1.97903114130616e-15
0.99199999999812 -0.536054527871062 -0.467023277810807 0.785390488322163 2.12039050854232e-15
0.992999999998116 -0.534275099496991 -0.466331329487442 0.785390488322163 1.97903114130616e-15
0.993999999998111 -0.532527485510991 -0.465661813345324 0.785390488322163 1.83767177407001e-15
0.994999999998107 -0.530811962338779 -0.465014909196402 0.785390488322163 1.97903114130616e-15
0.995999999998102 -0.529128781061235 -0.464390753410912 0.785390488322163 1.83767177407001e-15
0.996999999998097 -0.527478167226416 -0.463789438540479 0.785390488322163 1.69631240683386e-15
0.997999999998093 -0.525860320783019 -0.463211016962973 0.785390488322163 1.97903114130616e-15
0.998999999998088 -0.524275416135046 -0.462655501035858 0.785390488322163 1.97903114130616e-15
0.999999999998084 -0.522723602239967 -0.462122866539238 0.785390488322163 1.97903114130616e-15
0.999999999998084 -0.522723602239967 -0.462122866539238 0.785390488322163 1.97903114130616e-15
