"Time, Y-Force, Work integrand, Mass, Mass error"
0.04 -4.64466632839228e-07 2.48593379455807e-12 0.785268036957839 NaN
0.08 -2.86964420165396e-05 -3.59213120565818e-10 0.785268036957838 NaN
0.12 -0.000310515881123015 -1.27908915550972e-08 0.785268036957838 NaN
0.16 -0.0016125640684948 -3.3540050819539e-07 0.785268036957839 NaN
0.2 -0.00549135982566749 -3.76315247253941e-06 0.785268036957838 NaN
0.24 -0.0139847804006873 -2.38383361427766e-05 0.785268036957838 NaN
0.28 -0.0281786379703495 -9.61394536875137e-05 0.785268036957839 NaN
0.32 -0.0454503006501697 -0.000255981565950709 0.785268036957839 NaN
0.36 -0.0561312040453247 -0.00042377004838557 0.785268036957839 NaN
0.4 -0.0411190483880106 -0.000300316639318405 0.785268036957838 NaN
0.44 0.0275080781273175 9.64548592143454e-05 0.785268036957839 NaN
0.48 0.180930076161058 -0.00197299158635472 0.785268036957838 NaN
0.52 0.442282813094457 -0.0168104013676365 0.785268036957838 NaN
0.56 0.810626496867954 -0.066488440159754 0.785268036957838 NaN
0.6 1.24375345957081 -0.179396817421204 0.785268036957838 NaN
0.64 1.6463342166656 -0.364546296561071 0.785268036957838 NaN
0.68 1.87158997752151 -0.569309748342737 0.785268036957839 NaN
0.72 1.7432479570334 -0.65657411840244 0.785268036957838 NaN
0.76 1.09809894444298 -0.46195855211476 0.785268036957838 NaN
0.8 -0.158088604380516 0.0368108945662641 0.785268036957838 NaN
0.84 -1.98486646887318 0.516775854046131 0.785268036957837 NaN
0.88 -4.15052490887395 0.306245124799172 0.785268036957838 NaN
0.92 -6.2316205591578 -1.19920131509365 0.785268036957837 NaN
0.96 -7.68997067730025 -3.87656045854987 0.785268036957838 NaN
1 -7.98323216835996 -6.57192824193122 0.785268036957838 NaN
1.04 -6.68666535851372 -7.53105966110795 0.785268036957838 NaN
1.08 -3.76432789441005 -5.4791733507859 0.785268036957837 NaN
1.12 0.135242533910575 -0.876210331981407 0.785268036957837 NaN
1.16 3.87827081688727 4.00427417564331 0.785268036957838 NaN
1.2 6.38520137602826 6.69660627119174 0.785268036957838 NaN
1.24 7.20290360041285 6.35146579166141 0.785268036957838 NaN
1.28 7.01966942671052 3.94923486626795 0.785268036957837 NaN
1.32 6.88324888710784 0.702652091263234 0.785268036957837 NaN
1.36 7.13928945741837 -2.72001655643814 0.785268036957837 NaN
1.4 7.88035786831898 -6.54451946541853 0.785268036957838 NaN
1.44 8.65146757471186 -11.0574755973341 0.785268036957838 NaN
1.48 7.47213706347942 -12.1186525804495 0.785268036957837 NaN
1.52 4.62218781970589 -8.74953714809337 0.785268036957837 NaN
1.56 1.0656373385194 -3.6584834767161 0.785268036957837 NaN
1.6 -2.60119877627287 2.35177480944014 0.785268036957837 NaN
1.64 -4.66203858873874 6.38821548336153 0.785268036957837 NaN
1.68 -6.04846648595497 8.37379767280454 0.785268036957837 NaN
1.72 -6.9659860281594 8.79504115030467 0.785268036957836 NaN
1.76 -6.96489572059555 7.12119208911186 0.785268036957836 NaN
1.8 -7.27478190837368 3.61480470771802 0.785268036957836 NaN
1.84 -7.85302147735836 -0.493961986303034 0.785268036957836 NaN
1.88 -8.34330964858199 -4.15077361086865 0.785268036957836 NaN
1.92 -8.82825249579932 -9.63775169598279 0.785268036957836 NaN
1.96 -7.94329439369894 -12.6109192166533 0.785268036957836 NaN
2 -6.66937455919309 -11.8347585089761 0.785268036957836 NaN
2.04 -4.27619723584631 -8.78090761761648 0.785268036957836 NaN
2.08 -0.537664700499706 -3.60884821330423 0.785268036957836 NaN
2.12 2.54813909741948 3.26237118638985 0.785268036957835 NaN
2.16 5.49250066015423 8.54979634392436 0.785268036957836 NaN
2.2 7.45303707069064 10.4815652877848 0.785268036957835 NaN
2.24 6.62748821926364 9.47858421782009 0.785268036957836 NaN
2.28 6.51749891212126 7.4174776230838 0.785268036957835 NaN
2.32 6.36588921886498 3.23251218192965 0.785268036957835 NaN
2.36 6.63335555381118 -0.243664672292131 0.785268036957835 NaN
2.4 8.61826925021129 -4.37646603362498 0.785268036957836 NaN
2.44 11.4258358178424 -12.8027597482246 0.785268036957836 NaN
2.48 10.8316412242447 -16.3428791538998 0.785268036957836 NaN
2.52 7.28784107570371 -12.5960487413486 0.785268036957836 NaN
2.56 2.69725597467733 -6.666194372714 0.785268036957836 NaN
2.6 -3.55775834285737 4.00639029141155 0.785268036957836 NaN
2.64 -4.8247524000005 8.09070945601098 0.785268036957836 NaN
2.68 -4.78053948716289 6.91007312908749 0.785268036957836 NaN
2.72 -4.5742484198296 6.18476052755183 0.785268036957836 NaN
2.76 -3.93203375395542 7.42777570206211 0.785268036957836 NaN
2.8 -4.66025221656173 5.85124823754024 0.785268036957836 NaN
2.84 -7.9547610447591 3.83178082099418 0.785268036957835 NaN
2.88 -8.76646856638716 -0.00901020480805054 0.785268036957836 NaN
2.92 -11.3856222105657 -5.7211741446445 0.785268036957836 NaN
2.96 -10.388849538489 -11.8102216479166 0.785268036957836 NaN
3 -7.61234580639759 -11.7851979118222 0.785268036957836 NaN
3.04 -7.12099918638293 -12.205285681227 0.785268036957836 NaN
3.08 -2.74735945359933 -5.86953745314582 0.785268036957836 NaN
3.12 1.13915748743147 0.962889480888522 0.785268036957837 NaN
3.16 2.57655454103695 4.27296683273363 0.785268036957836 NaN
3.2 5.13686386643986 7.91698323495471 0.785268036957836 NaN
3.24 5.20586552243118 7.80326759969217 0.785268036957836 NaN
3.28 5.00402725672279 7.47110154589715 0.785268036957836 NaN
3.32 6.25941404304306 6.71184562693796 0.785268036957836 NaN
3.36 6.58472387000351 3.70010667513718 0.785268036957836 NaN
3.4 7.48924777267161 0.317347753119716 0.785268036957837 NaN
3.44 9.32252097700386 -4.5136801287321 0.785268036957837 NaN
3.48 12.134880812453 -12.0226916133645 0.785268036957837 NaN
3.52 11.1675319624907 -15.3634838740223 0.785268036957837 NaN
3.56 7.75993298700412 -12.8447278649743 0.785268036957837 NaN
3.6 3.52649024088095 -7.30151819283644 0.785268036957837 NaN
3.64 -3.98349755002811 4.99032158092209 0.785268036957837 NaN
3.68 -5.35421356331595 8.40903356929956 0.785268036957836 NaN
3.72 -5.2708790411942 7.49618441938281 0.785268036957837 NaN
3.76 -4.89802633338448 5.97806947679632 0.785268036957837 NaN
3.8 -2.41190300888201 4.96175281250135 0.785268036957837 NaN
3.84 -4.11162846238737 5.6905111690123 0.785268036957838 NaN
3.88 -6.05591689777354 3.92773706609651 0.785268036957838 NaN
3.92 -7.78613839155116 0.690549711284925 0.785268036957837 NaN
3.96 -11.8920104326315 -4.78771496345245 0.785268036957838 NaN
4 -12.5751763553175 -11.4007469642462 0.785268036957837 NaN
4.04 -10.2381739198597 -13.7675646650761 0.785268036957837 NaN
4.08 -7.48300759391464 -12.5697777714175 0.785268036957837 NaN
4.12 -2.65898880878587 -5.87078285153237 0.785268036957837 NaN
4.16 2.95276776486715 2.95712527674436 0.785268036957838 NaN
4.2 4.43706681142958 6.58707456742001 0.785268036957838 NaN
4.24 4.72039133019624 7.02357367387244 0.785268036957837 NaN
4.28 4.10794314516067 5.47196195620513 0.785268036957837 NaN
4.32 2.35614870583675 4.78633092814677 0.785268036957837 NaN
4.36 4.84389048033556 6.1615968695556 0.785268036957837 NaN
4.4 6.02714127180268 4.40780907090438 0.785268036957837 NaN
4.44 7.88215269630776 1.00419903096627 0.785268036957837 NaN
4.48 11.4865755592762 -3.96263896007017 0.785268036957837 NaN
4.52 13.800954023321 -12.1442917175062 0.785268036957837 NaN
4.56 11.8801666460295 -16.379117782768 0.785268036957837 NaN
4.6 8.39220643444581 -12.9135462865125 0.785268036957837 NaN
4.64 2.40588866456659 -5.40940222560762 0.785268036957837 NaN
4.68 -5.29698520361041 6.93848447941205 0.785268036957837 NaN
4.72 -6.21815468219383 10.2226799070584 0.785268036957838 NaN
4.76 -4.44436842359059 5.96661935015806 0.785268036957838 NaN
4.8 -2.82658441477667 2.71664308260598 0.785268036957837 NaN
4.84 -0.349328942781657 2.48534660664233 0.785268036957837 NaN
4.88 -3.1176195958669 5.34875321350556 0.785268036957838 NaN
4.92 -5.65504693711085 3.83379072292269 0.785268036957838 NaN
4.96 -9.42892741740885 1.65060391650199 0.785268036957838 NaN
5 -15.6818536249137 -4.78381548166884 0.785268036957837 NaN
5.04 -12.0525235750536 -10.4601053293595 0.785268036957837 NaN
5.08 -11.6385423707441 -14.1665582057879 0.785268036957837 NaN
5.12 -6.16460864577701 -10.4511293724995 0.785268036957837 NaN
5.16 -1.07589043656142 -3.4778082665695 0.785268036957836 NaN
5.2 2.46160900383617 3.24265238445712 0.785268036957837 NaN
5.24 4.85636887622121 7.08325878952503 0.785268036957836 NaN
5.28 3.13996313307738 4.13028821108611 0.785268036957836 NaN
5.32 1.74516812968277 2.29696924331437 0.785268036957837 NaN
5.36 2.60001766965575 4.50526883971932 0.785268036957836 NaN
5.4 3.64371344371091 4.96257975739911 0.785268036957837 NaN
5.44 6.80242028993037 5.38605530947531 0.785268036957837 NaN
5.48 9.00257393308386 1.99150171308212 0.785268036957837 NaN
5.52 12.0509002193045 -3.2244049795567 0.785268036957837 NaN
5.56 14.0914219359575 -10.9206587044968 0.785268036957837 NaN
5.6 12.2199766147292 -15.6031959079239 0.785268036957837 NaN
5.64 8.61879664532957 -12.5891035408932 0.785268036957837 NaN
5.68 0.466462054581586 -3.46821349956203 0.785268036957837 NaN
5.72 -5.20436704542958 6.50525111558682 0.785268036957837 NaN
5.76 -6.34972309301478 10.3994776587472 0.785268036957838 NaN
5.8 -3.75487933277838 3.91170763373074 0.785268036957838 NaN
5.84 -0.263578076040791 -0.718865735173754 0.785268036957838 NaN
5.88 0.281382887216591 1.50553178895859 0.785268036957838 NaN
5.92 -1.99704701153353 4.25693872809122 0.785268036957838 NaN
5.96 -5.14255896014173 3.99032157451895 0.785268036957838 NaN
6 -11.4450140155489 2.97650344216596 0.785268036957838 NaN
6.04 -16.5221150968889 -3.64464137103117 0.785268036957838 NaN
6.08 -13.5811240070107 -9.86415894233493 0.785268036957838 NaN
6.12 -10.3959670122964 -12.6045616478529 0.785268036957839 NaN
6.16 -5.220548169134 -8.87961782374756 0.785268036957839 NaN
6.2 0.334605997376156 -1.42178386959475 0.785268036957838 NaN
6.24 3.98572380701881 5.57036893720148 0.785268036957839 NaN
6.28 3.25231226341184 4.32734564154342 0.785268036957839 NaN
6.32 1.40364736896729 1.04667839780527 0.785268036957839 NaN
6.36 -1.05298279055935 -1.91359963334297 0.785268036957839 NaN
6.4 0.364497573836735 1.18314863081536 0.785268036957839 NaN
6.44 4.39804245616916 6.12488011741573 0.785268036957839 NaN
6.48 7.96174665403409 6.82513826948412 0.785268036957839 NaN
6.52 11.4508889045144 3.50830447787788 0.785268036957839 NaN
6.56 13.1197732535192 -2.34344901214918 0.785268036957839 NaN
6.6 13.5390863804257 -9.37508574192885 0.785268036957838 NaN
6.64 12.0833310018931 -13.886751648413 0.785268036957839 NaN
6.68 6.43272715111869 -9.67512068462621 0.785268036957838 NaN
6.72 -0.910995357017739 -1.69861045217093 0.785268036957839 NaN
6.76 -5.02756480068316 5.72363789389285 0.785268036957839 NaN
6.8 -4.41530249067698 6.84547150783965 0.785268036957839 NaN
6.84 -0.835100742599803 -1.01134743228913 0.785268036957839 NaN
6.88 1.78966946106285 -3.10341365065413 0.785268036957839 NaN
6.92 0.856959471896106 1.3453169584007 0.785268036957839 NaN
6.96 -2.73519929526621 4.19823357711269 0.785268036957839 NaN
7 -7.47235192256508 6.00787050639396 0.785268036957839 NaN
7.04 -13.38438398125 4.64422757825523 0.785268036957839 NaN
7.08 -16.902169755217 -2.3080030909339 0.785268036957839 NaN
7.12 -12.8441790612482 -8.26622457870459 0.785268036957839 NaN
7.16 -8.53000764262324 -9.58709240962857 0.785268036957839 NaN
7.2 -3.52112612577949 -6.42260449734588 0.785268036957839 NaN
7.24 2.0524565894817 0.851694861460541 0.785268036957839 NaN
7.28 2.75340649589181 2.95778859467873 0.785268036957838 NaN
7.32 1.06226132525475 0.390245728400082 0.785268036957838 NaN
7.36 -1.1009532211412 -3.44569618157961 0.785268036957839 NaN
7.4 -3.62928708600623 -5.94309687594702 0.785268036957839 NaN
7.44 1.07534964687791 2.15677933790022 0.785268036957839 NaN
7.48 6.17600710448189 8.28145425566616 0.785268036957838 NaN
7.52 10.0418420146907 9.24315048021409 0.785268036957838 NaN
7.56 12.7549846204781 4.96036107071464 0.785268036957838 NaN
7.6 12.223960270326 -1.12591478909049 0.785268036957838 NaN
7.64 12.9411674532893 -7.72154962003689 0.785268036957839 NaN
7.68 9.42738495874293 -10.5354064326146 0.785268036957839 NaN
7.72 4.7010767742535 -8.03317801120192 0.785268036957839 NaN
7.76 0.234199457493042 -3.59216739321411 0.785268036957839 NaN
7.8 -4.51976168281319 5.86622416941999 0.785268036957839 NaN
7.84 -0.916641774241734 0.742282729785132 0.78526803695784 NaN
7.88 1.23251389083913 -4.01598137444437 0.785268036957839 NaN
7.92 1.53746565711279 -2.13146526304429 0.785268036957839 NaN
7.96 1.10894156869854 -0.331383921322787 0.785268036957839 NaN
8 -5.16927430252985 6.3741594855361 0.785268036957838 NaN
8.04 -9.26925092467549 8.23153555435045 0.785268036957839 NaN
8.08 -13.6519706581366 6.00253398933132 0.785268036957839 NaN
8.12 -18.0805209103678 -0.892747599061394 0.785268036957839 NaN
8.16 -10.4558568335418 -5.79079214465716 0.785268036957839 NaN
8.2 -6.68322853179417 -7.46351881292793 0.785268036957839 NaN
8.24 -2.09175832318177 -4.57119278214159 0.785268036957839 NaN
8.28 1.4865163920451 -0.587734691974285 0.785268036957839 NaN
8.32 -0.0392515919526209 -1.49610620565338 0.785268036957839 NaN
8.36 -1.64828077710563 -4.32033567727539 0.785268036957838 NaN
8.4 -3.53796362149699 -7.56629376896113 0.785268036957838 NaN
8.44 -2.98310931030042 -5.05734957556389 0.785268036957838 NaN
8.48 3.21676541145035 5.03601639202072 0.785268036957839 NaN
8.52 8.4675076231082 11.5653248377362 0.785268036957839 NaN
8.56 12.2548327049371 11.7282225711801 0.785268036957839 NaN
8.6 11.7475873791284 5.52725195561031 0.785268036957839 NaN
8.64 10.4711993494653 -0.0753448300141637 0.78526803695784 NaN
8.68 10.3050248305405 -5.40657243817978 0.78526803695784 NaN
8.72 7.28307866808425 -8.28103285940281 0.785268036957839 NaN
8.76 5.03699576271961 -8.52530120302856 0.78526803695784 NaN
8.8 2.0473942752218 -4.82622464991317 0.785268036957839 NaN
8.84 -0.650921634335628 0.478172141706066 0.78526803695784 NaN
8.88 1.60773388763951 -3.97358261022058 0.785268036957839 NaN
8.92 1.32748604342157 -3.44186872117332 0.785268036957839 NaN
8.96 0.395066535581703 -0.962606708530687 0.785268036957839 NaN
9 -1.43790622220208 1.40908851668744 0.785268036957839 NaN
9.04 -6.62321659410448 8.72771389143091 0.785268036957839 NaN
9.08 -9.19006145934401 9.28550798899835 0.785268036957839 NaN
9.12 -12.9146641124453 6.85890252417373 0.78526803695784 NaN
9.16 -13.7294146468827 0.49960301721974 0.78526803695784 NaN
9.2 -9.08282147193869 -4.29727129696986 0.78526803695784 NaN
9.24 -6.09626633930123 -6.43859769028553 0.78526803695784 NaN
9.28 -1.94989405683118 -4.49930450557156 0.785268036957841 NaN
9.32 -2.08455377355171 -5.3078987293094 0.78526803695784 NaN
9.36 -2.33293401014857 -5.14122562326077 0.785268036957841 NaN
9.4 -3.77237733058976 -7.92860197254976 0.78526803695784 NaN
9.44 -4.62469539740076 -9.61486673827739 0.78526803695784 NaN
9.48 -0.0459574629357268 -0.552776822115439 0.785268036957841 NaN
9.52 5.02385668645256 7.80522936674725 0.785268036957841 NaN
9.56 10.0842306973347 13.6813456419452 0.785268036957841 NaN
9.6 11.2826323991396 11.6605830699564 0.785268036957842 NaN
9.64 9.82221590248641 5.61275788542653 0.785268036957841 NaN
9.68 8.14044948140434 0.637827529524017 0.785268036957842 NaN
9.72 7.46781443891871 -3.44322909090721 0.785268036957842 NaN
9.76 7.39607269517605 -7.6735092655209 0.785268036957842 NaN
9.8 6.65749587112581 -9.7267480385377 0.785268036957842 NaN
9.84 5.22591276564531 -8.33181198415593 0.785268036957842 NaN
9.88 3.78343168260062 -7.34658817427924 0.785268036957842 NaN
9.92 1.67499230500745 -4.5505672384658 0.785268036957842 NaN
9.96 -0.173869574017885 -0.586256708951849 0.785268036957842 NaN
10 -1.89715729748139 1.64182264532132 0.785268036957842 NaN
10.04 -4.24866339277977 5.62468401317469 0.785268036957842 NaN
10.08 -6.12358642742311 8.88902686627629 0.785268036957842 NaN
10.12 -7.89642641285074 8.92569025857152 0.785268036957843 NaN
10.16 -10.8539582580189 6.69178295822139 0.785268036957842 NaN
10.2 -10.7506589558484 1.34847340976776 0.785268036957842 NaN
10.24 -8.7207607040442 -3.37136584752766 0.785268036957842 NaN
10.28 -7.29806776154725 -6.77908007276742 0.785268036957843 NaN
10.32 -4.49822840863183 -7.68313351778758 0.785268036957843 NaN
10.36 -4.56634992445694 -8.53435476347985 0.785268036957842 NaN
10.4 -4.25029150339794 -7.666664225958 0.785268036957842 NaN
10.44 -3.68659644878928 -7.83341097142156 0.785268036957842 NaN
10.48 -2.32355843145227 -5.32330871041598 0.785268036957842 NaN
10.52 2.07992460571617 3.12764565287318 0.785268036957842 NaN
10.56 6.25637411955842 9.1879608662262 0.785268036957841 NaN
10.6 8.88543416226316 12.045781297345 0.785268036957842 NaN
10.64 9.25276196333571 10.4688512606499 0.785268036957842 NaN
10.68 7.81916866920324 5.40866864724043 0.785268036957842 NaN
10.72 6.2986105616597 1.07919895946802 0.785268036957842 NaN
10.76 7.19800538770328 -2.55880193523507 0.785268036957842 NaN
10.8 8.70118559031899 -7.75397492579238 0.785268036957842 NaN
10.84 9.69652390911099 -12.4535925465281 0.785268036957842 NaN
10.88 8.00672285774378 -12.5686505575421 0.785268036957842 NaN
10.92 4.85384871211009 -9.53928907793946 0.785268036957841 NaN
10.96 -0.0675838788542581 -1.43512150165276 0.785268036957841 NaN
11 -2.9051687154558 4.15314384240958 0.785268036957841 NaN
11.04 -3.49441950409652 4.54604515103502 0.785268036957841 NaN
11.08 -4.34009544355087 6.31373075514411 0.785268036957842 NaN
11.12 -3.90227636916496 6.17930625911363 0.785268036957841 NaN
11.16 -5.43000984807026 6.59396228462593 0.785268036957841 NaN
11.2 -8.30604114719535 6.02023672537033 0.785268036957841 NaN
11.24 -9.68036853396991 2.12411719264966 0.785268036957842 NaN
11.28 -11.4783224621559 -3.21907412935207 0.785268036957841 NaN
11.32 -9.14659994934338 -7.56829837004453 0.785268036957841 NaN
11.36 -6.9554385311899 -9.67775954217278 0.785268036957841 NaN
11.4 -5.35611523253466 -8.66607267130693 0.785268036957842 NaN
11.44 -3.52868962635243 -6.46094809062459 0.785268036957841 NaN
11.48 -2.15566146014219 -5.52334663983495 0.785268036957841 NaN
11.52 -0.102638049478884 -1.41425877202002 0.785268036957841 NaN
11.56 2.17547296167628 2.65937971141321 0.785268036957841 NaN
11.6 4.39926628627028 5.71052844860538 0.785268036957841 NaN
11.64 6.7198597965889 9.6696292093958 0.785268036957841 NaN
11.68 7.40496646529215 9.35601716937127 0.785268036957842 NaN
11.72 7.16713919422547 5.73688367256575 0.785268036957842 NaN
11.76 7.13748351247004 1.84137621804926 0.785268036957841 NaN
11.8 8.34810555397564 -1.99337011143954 0.785268036957841 NaN
11.84 10.6744419849512 -8.24640496634324 0.785268036957841 NaN
11.88 11.4281181957546 -14.1335337460253 0.785268036957841 NaN
11.92 8.38208026364484 -12.833457496686 0.785268036957841 NaN
11.96 3.48949525111051 -6.71719667337814 0.785268036957841 NaN
12 -2.44205662175011 2.81946196289219 0.78526803695784 NaN
12.04 -3.67507404576921 5.5784813106114 0.785268036957841 NaN
12.08 -2.87255682261199 3.71114146906572 0.78526803695784 NaN
12.12 -2.07415344412718 2.26247547339857 0.78526803695784 NaN
12.16 -1.11938021691555 1.86864523243478 0.78526803695784 NaN
12.2 -4.03420152647358 5.47466298744456 0.78526803695784 NaN
12.24 -7.82675287674787 6.51490245102751 0.78526803695784 NaN
12.28 -12.2726878399204 3.66960912615464 0.78526803695784 NaN
12.32 -13.5652645296321 -2.58662001509252 0.78526803695784 NaN
12.36 -10.7682066411489 -7.47714080627398 0.785268036957839 NaN
12.4 -7.0166251696296 -8.72241781945151 0.785268036957839 NaN
12.44 -3.54735231197117 -6.36368929725765 0.785268036957839 NaN
12.48 -1.70736138139939 -4.50520020162261 0.785268036957839 NaN
12.52 -0.760718747950729 -2.82594741097033 0.785268036957839 NaN
12.56 -0.871063767327677 -2.96201490820556 0.785268036957839 NaN
12.6 -0.613877342762414 -2.46321149697399 0.785268036957839 NaN
12.64 1.66778309374736 2.24540886390195 0.785268036957838 NaN
12.68 5.3785183494008 7.98081001549756 0.785268036957839 NaN
12.72 8.039422834947 10.1676406910965 0.785268036957839 NaN
12.76 8.86506207929019 7.6816294241092 0.785268036957838 NaN
12.8 8.88282875685638 3.02479452155615 0.785268036957839 NaN
12.84 9.06365605341022 -1.31655889000033 0.785268036957839 NaN
12.88 10.5562614197754 -7.29079532444359 0.785268036957839 NaN
12.92 9.99975770455609 -11.7603910985138 0.785268036957839 NaN
12.96 7.16549343010156 -10.3013679852251 0.785268036957839 NaN
13 2.39292070222648 -5.07126504021996 0.785268036957839 NaN
13.04 -1.54520890923756 0.834448208227224 0.785268036957839 NaN
13.08 -1.8354856171201 2.33975951365381 0.785268036957839 NaN
13.12 -0.884189908020795 -0.213579437312452 0.785268036957838 NaN
13.16 -0.416448473187683 -0.54556056614355 0.785268036957838 NaN
13.2 -1.34962664559383 2.4880951329357 0.785268036957839 NaN
13.24 -4.80940047483295 6.55539685708049 0.785268036957839 NaN
13.28 -9.29541663268199 8.21248664236166 0.785268036957839 NaN
13.32 -13.8750110007395 5.25901165208471 0.785268036957839 NaN
13.36 -13.6995241202325 -1.37763383206141 0.785268036957839 NaN
13.4 -9.75503729522773 -5.93005481093754 0.785268036957839 NaN
13.44 -4.98785350711831 -6.70844347815607 0.785268036957839 NaN
13.48 -2.08288866485684 -4.67178052894296 0.785268036957839 NaN
13.52 -1.56173411604549 -3.40823275488204 0.785268036957839 NaN
13.56 -2.7637185900665 -5.92794150160555 0.785268036957839 NaN
13.6 -3.98096340921258 -8.74856415708293 0.785268036957839 NaN
13.64 -2.59079858829927 -5.5752567425349 0.785268036957838 NaN
13.68 1.34817599292694 1.2181151059206 0.785268036957838 NaN
13.72 7.24272218058247 10.2305926024485 0.785268036957838 NaN
13.76 10.3785188875507 13.5781956070994 0.785268036957838 NaN
13.8 9.95654132726178 9.4811074226022 0.785268036957838 NaN
13.84 8.29163675351502 3.43753335757342 0.785268036957839 NaN
13.88 7.1480065091016 -0.424041412387467 0.785268036957838 NaN
13.92 8.14400472009105 -5.00941980629925 0.785268036957839 NaN
13.96 8.96871293430629 -10.1261971812312 0.785268036957839 NaN
14 7.69030270253297 -10.9911738788658 0.785268036957839 NaN
14.04 5.20235738057391 -8.91673715412575 0.785268036957839 NaN
14.08 1.31224334081814 -3.42781665529894 0.785268036957839 NaN
14.12 -0.616126680742417 0.0578027540487529 0.785268036957839 NaN
14.16 -1.26401557977798 0.797723996764818 0.785268036957838 NaN
14.2 -2.59778331572463 3.08870226370557 0.785268036957838 NaN
14.24 -2.82804911927729 3.79329067222442 0.785268036957838 NaN
14.28 -5.30826433340827 7.12465880174452 0.785268036957838 NaN
14.32 -8.4282814629329 8.49138863006013 0.785268036957838 NaN
14.36 -11.912635746646 5.65264986378497 0.785268036957838 NaN
14.4 -11.8651555968595 -0.150195912400783 0.785268036957838 NaN
14.44 -8.92772592294808 -4.69938100592448 0.785268036957838 NaN
14.48 -5.53969007335323 -6.71977687066565 0.785268036957838 NaN
14.52 -3.3058363951133 -5.78063431283272 0.785268036957838 NaN
14.56 -4.00482350455671 -7.25260752863604 0.785268036957838 NaN
14.6 -4.48578230539876 -9.05292113623788 0.785268036957838 NaN
14.64 -4.47779289770634 -9.51068128797831 0.785268036957838 NaN
14.68 -1.57883029230509 -4.02763782455963 0.785268036957838 NaN
14.72 3.20432744136413 4.32553901595233 0.785268036957838 NaN
14.76 8.37450492615607 12.2843243760385 0.785268036957839 NaN
14.8 10.0970049012338 13.5927876428479 0.785268036957838 NaN
14.84 8.25571438355456 8.57309136435733 0.785268036957838 NaN
14.88 6.54627446133143 3.42104744241934 0.785268036957839 NaN
14.92 5.10142807659079 0.179709869867865 0.785268036957838 NaN
14.96 7.96611733565332 -4.11560397570102 0.785268036957838 NaN
15 10.4820058813624 -10.7032923284946 0.785268036957838 NaN
15.04 10.8556519068947 -13.9800379694919 0.785268036957839 NaN
15.08 7.29055979213355 -11.4234090971913 0.785268036957839 NaN
15.12 1.94829353439483 -4.89339311775571 0.785268036957839 NaN
15.16 -2.6295129975916 3.42932894037638 0.785268036957839 NaN
15.2 -3.6055984578916 4.84781399499479 0.785268036957839 NaN
15.24 -3.19477496114605 3.41285637409757 0.785268036957839 NaN
15.28 -2.26076923879131 2.89285273077176 0.785268036957839 NaN
15.32 -2.8357906480731 4.61720113948443 0.785268036957839 NaN
15.36 -6.42622033000171 7.34957291836033 0.785268036957839 NaN
15.4 -10.2047072578002 5.82828625670265 0.785268036957839 NaN
15.44 -12.8763585421944 0.964574368610922 0.785268036957839 NaN
15.48 -11.2676986202528 -4.68151926360812 0.785268036957839 NaN
15.52 -6.65404388020114 -7.25291758820621 0.785268036957839 NaN
15.56 -4.484408258984 -7.0224115591108 0.785268036957839 NaN
15.6 -3.77075304416095 -6.45433252156946 0.785268036957839 NaN
15.64 -3.53301702745782 -7.07126492202697 0.785268036957839 NaN
15.68 -3.37627852130865 -7.72318894790277 0.785268036957839 NaN
15.72 -1.25480138982843 -3.54074177839177 0.785268036957839 NaN
15.76 2.13481169649981 2.32930969128247 0.785268036957839 NaN
15.8 6.63545169991363 9.16965364080542 0.785268036957839 NaN
15.84 8.43356675444051 12.0334724834208 0.785268036957838 NaN
15.88 7.92368064598082 9.09674815833343 0.785268036957839 NaN
15.92 6.85777154609272 4.1510783667525 0.785268036957839 NaN
15.96 6.02686247388619 0.766004565519392 0.785268036957838 NaN
16 8.61914327572973 -3.48365787682627 0.785268036957839 NaN
16.04 11.7059847325307 -10.886325108968 0.785268036957838 NaN
16.08 11.4313988653715 -13.9611284623997 0.785268036957838 NaN
16.12 6.50486646371112 -10.2657499391225 0.785268036957838 NaN
16.16 0.948652923844259 -2.84209764867191 0.785268036957838 NaN
16.2 -3.93636412809413 5.82158518321207 0.785268036957839 NaN
16.24 -2.53868337550829 2.72043391430681 0.785268036957839 NaN
16.28 -1.73285868193848 1.15659259263991 0.785268036957839 NaN
16.32 -0.143471897832907 -0.799599126952665 0.785268036957839 NaN
16.36 -1.83146543572294 3.06498755893174 0.785268036957839 NaN
16.4 -6.42698177320422 7.91119683212623 0.785268036957839 NaN
16.44 -11.0198739136755 7.25678944652453 0.785268036957839 NaN
16.48 -15.5056010994504 2.41736669000565 0.785268036957839 NaN
16.52 -11.3465776406459 -3.73511341463843 0.785268036957839 NaN
16.56 -6.53472930060529 -6.29902810444719 0.785268036957839 NaN
16.6 -2.67802191089686 -4.60213852164129 0.785268036957839 NaN
16.64 -2.49173600814131 -5.03053386057894 0.785268036957838 NaN
16.68 -3.55020963606479 -7.29106819454377 0.785268036957838 NaN
16.72 -4.72994993849062 -9.82035653784125 0.785268036957838 NaN
16.76 -3.3825768435958 -7.51726481435679 0.785268036957838 NaN
16.8 0.258771311838074 -0.687702484651038 0.785268036957838 NaN
16.84 6.45220446174731 9.38704686866362 0.785268036957838 NaN
16.88 9.66272741441881 14.0041498211768 0.785268036957838 NaN
16.92 9.05642151715506 10.6890095065253 0.785268036957839 NaN
16.96 7.63135613371251 5.18615559695109 0.785268036957839 NaN
17 5.29703795716833 1.17761453186133 0.785268036957838 NaN
17.04 8.37485158798597 -2.66568735812024 0.785268036957838 NaN
17.08 10.3068797011973 -8.70708222675541 0.785268036957838 NaN
17.12 10.9421599213637 -12.3884276639404 0.785268036957838 NaN
17.16 6.5706819350815 -9.99991409804098 0.785268036957838 NaN
17.2 2.07099578782775 -5.15182393885732 0.785268036957838 NaN
17.24 -2.8830870437259 3.77088860987938 0.785268036957838 NaN
17.28 -1.21613240545567 0.248984507955997 0.785268036957839 NaN
17.32 -1.34673686103299 0.298189565471748 0.785268036957838 NaN
17.36 -0.775420975584313 0.579490929878679 0.785268036957838 NaN
17.4 -2.48483551926589 4.30512744177497 0.785268036957838 NaN
17.44 -6.99658146125357 8.93321462046725 0.785268036957838 NaN
17.48 -11.9209937070436 8.58539786332365 0.785268036957839 NaN
17.52 -15.4316897073095 3.63738735620097 0.785268036957839 NaN
17.56 -9.518793612361 -2.38274701576098 0.785268036957839 NaN
17.6 -5.07195435270996 -4.70376093446007 0.785268036957839 NaN
17.64 -2.1981240111207 -3.8670232276697 0.785268036957839 NaN
17.68 -4.06689888066206 -6.75132612079175 0.78526803695784 NaN
17.72 -6.02326778370179 -11.459076228396 0.785268036957839 NaN
17.76 -7.18958185833455 -14.4547037079247 0.785268036957839 NaN
17.8 -3.7266776482249 -8.16169484816942 0.785268036957839 NaN
17.84 1.69927636171197 1.49027208958399 0.785268036957839 NaN
17.88 9.41921249537397 14.1071813057734 0.785268036957838 NaN
17.92 9.79699943937867 14.8491815482657 0.785268036957838 NaN
17.96 8.52051350766057 10.6986088432594 0.785268036957838 NaN
18 4.91829919630396 3.78975381797099 0.785268036957838 NaN
18.04 3.70098539584249 1.3286935905292 0.785268036957838 NaN
18.08 7.67386430988911 -1.66414901280851 0.785268036957838 NaN
18.12 11.4739932601876 -8.35231687684953 0.785268036957839 NaN
18.16 12.942493684354 -14.0007578429698 0.785268036957839 NaN
18.2 8.65948058659682 -12.6026229306265 0.785268036957839 NaN
18.24 2.96064053841925 -6.66136767877377 0.785268036957839 NaN
18.28 -3.54681490674327 4.0528481477815 0.785268036957839 NaN
18.32 -2.4695200178358 2.70650429957561 0.785268036957839 NaN
18.36 -2.51359021635991 2.41048204065416 0.785268036957839 NaN
18.4 0.579979956772993 -1.9364554899155 0.785268036957839 NaN
18.44 -1.80493787567632 3.78326313594881 0.785268036957839 NaN
18.48 -5.58648314517274 7.78052156441611 0.785268036957839 NaN
18.52 -10.9811436834772 8.66732663379691 0.785268036957838 NaN
18.56 -14.3136966321411 4.66813518622556 0.785268036957838 NaN
18.6 -9.96989836881601 -1.56553855081622 0.785268036957838 NaN
18.64 -5.22578664735921 -4.39955158852604 0.785268036957838 NaN
18.68 -4.2805967417042 -5.48971501655964 0.785268036957838 NaN
18.72 -5.08414619781543 -8.38060150075524 0.785268036957838 NaN
18.76 -6.67983980436635 -12.3325495961717 0.785268036957838 NaN
18.8 -6.73083751743484 -13.5393142757322 0.785268036957838 NaN
18.84 -2.26129319586952 -5.7106202253653 0.785268036957838 NaN
18.88 2.16645181351899 2.54083243241255 0.785268036957838 NaN
18.92 9.65161173825696 13.9884538690168 0.785268036957838 NaN
18.96 7.90478716354361 12.4228195122333 0.785268036957838 NaN
19 7.16747719241572 9.73931382221604 0.785268036957838 NaN
19.04 1.41721948303467 1.70126854287665 0.785268036957838 NaN
19.08 5.6568039887699 2.26436189851376 0.785268036957838 NaN
19.12 8.42523171964858 -0.94599895470351 0.785268036957838 NaN
19.16 16.8619737844964 -9.95308653808596 0.785268036957838 NaN
19.2 11.994675266679 -12.5652869977995 0.785268036957838 NaN
19.24 7.78197155743234 -11.7507090879879 0.785268036957838 NaN
19.28 2.33623777820481 -6.00810397925747 0.785268036957838 NaN
19.32 -2.37795887971141 2.43039537420352 0.785268036957838 NaN
19.36 -1.09941914562528 0.404177154333529 0.785268036957838 NaN
19.4 -1.05068293535856 0.396243008809578 0.785268036957838 NaN
19.44 4.75829322857064 -9.07380018351906 0.785268036957838 NaN
19.48 -2.17200694708109 3.57175079320476 0.785268036957838 NaN
19.52 -6.25211271088329 8.47115176566804 0.785268036957838 NaN
19.56 -16.0347738077392 12.8305191480185 0.785268036957838 NaN
19.6 -13.1139400174325 5.67947569368042 0.785268036957837 NaN
19.64 -9.45324575929137 -0.604238694154751 0.785268036957837 NaN
19.68 -1.64013038853774 -1.50926359723297 0.785268036957837 NaN
19.72 -4.56572484008361 -5.83917502691575 0.785268036957837 NaN
19.76 -5.26885833057072 -9.48708588621254 0.785268036957837 NaN
19.8 -11.1748971957122 -16.812302073723 0.785268036957837 NaN
19.84 -5.70417421502763 -11.0898537422824 0.785268036957837 NaN
19.88 -2.83457017201093 -6.61631489029625 0.785268036957838 NaN
19.92 2.50862079697877 4.26349216480657 0.785268036957838 NaN
19.96 7.472417837053 11.9414419486915 0.785268036957838 NaN
20 7.27010795964882 11.0154498087152 0.785268036957838 NaN
20.04 7.04040980787616 9.88556607000671 0.785268036957838 NaN
20.08 1.64884854397154 1.92199612599221 0.785268036957838 NaN
20.12 6.16552153930317 2.98779395929313 0.785268036957838 NaN
20.16 8.9616081358122 -0.167477871938463 0.785268036957838 NaN
20.2 15.4146033704413 -7.78457541851282 0.785268036957837 NaN
20.24 10.9420519619431 -11.3106431080544 0.785268036957838 NaN
20.28 7.76259605795525 -11.3762414323423 0.785268036957838 NaN
20.32 -2.64496223456895 4.10607716664591 0.785268036957838 NaN
20.36 0.099679080181787 -1.41201279189589 0.785268036957838 NaN
20.4 -0.665857616314132 -0.395076320620015 0.785268036957837 NaN
20.44 0.215892200011368 -1.81055353660319 0.785268036957837 NaN
20.48 1.17338705844711 -3.65604575199666 0.785268036957838 NaN
20.52 -2.75483768654797 3.52469834661456 0.785268036957837 NaN
20.56 -6.69097653201197 9.3534051034616 0.785268036957838 NaN
20.6 -14.107267784763 13.0437319827226 0.785268036957838 NaN
20.64 -11.1625644455052 5.94697797165284 0.785268036957838 NaN
20.68 -8.38213520315367 0.220708467054889 0.785268036957838 NaN
20.72 -4.19591417953805 -2.50030307404907 0.785268036957838 NaN
20.76 -5.4612502198954 -7.0187021674978 0.785268036957838 NaN
20.8 -7.12450795666754 -11.0705945748606 0.785268036957838 NaN
20.84 -10.7987242728955 -15.1771854691248 0.785268036957837 NaN
20.88 -5.05107020886681 -9.61558083217516 0.785268036957838 NaN
20.92 -2.27242471535396 -5.77487022002315 0.785268036957838 NaN
20.96 7.10044910550857 11.2685493241293 0.785268036957837 NaN
21 5.61921388109713 7.98097716969811 0.785268036957837 NaN
21.04 6.59710447195778 9.53759834725739 0.785268036957837 NaN
21.08 4.98817877418739 8.10484473449803 0.785268036957837 NaN
21.12 3.06682537253467 3.84895385279973 0.785268036957837 NaN
21.16 6.34395406180889 3.556422924979 0.785268036957837 NaN
21.2 10.0670638454456 0.751867099938779 0.785268036957837 NaN
21.24 14.7703340953128 -6.38323733825629 0.785268036957837 NaN
21.28 11.660381296328 -11.1617018617298 0.785268036957837 NaN
21.32 7.79305484927032 -10.2039316434521 0.785268036957837 NaN
21.36 -0.197699133120801 0.836765518305858 0.785268036957837 NaN
21.4 -0.557182959975611 -0.965915012522481 0.785268036957837 NaN
21.44 -1.37436177218719 0.105729981546536 0.785268036957837 NaN
21.48 4.32320236130697 -9.73236019205521 0.785268036957837 NaN
21.52 1.08948801250198 -4.70597332115264 0.785268036957836 NaN
21.56 -1.15921261093538 1.19219480639411 0.785268036957837 NaN
21.6 -6.61100020944899 10.7273710382591 0.785268036957836 NaN
21.64 -12.5431139956812 13.0471476845584 0.785268036957836 NaN
21.68 -11.8054183462382 6.7196491908007 0.785268036957836 NaN
21.72 -9.8150681148329 1.08587015243125 0.785268036957836 NaN
21.76 -4.96861845528462 -2.5666160323754 0.785268036957835 NaN
21.8 -4.85045780134863 -6.21332017533951 0.785268036957835 NaN
21.84 -7.09959003192017 -9.31050826021912 0.785268036957835 NaN
21.88 -9.10344786174312 -11.7043042522191 0.785268036957835 NaN
21.92 -5.50386865308291 -11.0687433720237 0.785268036957835 NaN
21.96 -3.19362339926036 -7.93171369115352 0.785268036957836 NaN
22 4.04023722956245 5.72178641708089 0.785268036957835 NaN
22.04 4.72532657176811 5.48612146064852 0.785268036957835 NaN
22.08 6.94894537603486 10.7229157897109 0.785268036957835 NaN
22.12 4.48477790463305 7.98739659517652 0.785268036957835 NaN
22.16 3.7238882984441 4.71585974069311 0.785268036957835 NaN
22.2 6.04857598543421 3.79941085904778 0.785268036957836 NaN
22.24 9.80322176678897 1.6488873862423 0.785268036957836 NaN
22.28 13.9164707959862 -4.75566674913098 0.785268036957836 NaN
22.32 12.1104644507379 -10.214743266198 0.785268036957836 NaN
22.36 7.3375493452503 -9.04008120090501 0.785268036957836 NaN
22.4 1.08943383660554 -0.93530485493284 0.785268036957835 NaN
22.44 -0.209283797372884 -2.70791168994687 0.785268036957836 NaN
22.48 0.330013056776891 -3.95225451828807 0.785268036957836 NaN
22.52 3.57880317116625 -8.03680969667604 0.785268036957836 NaN
22.56 1.29207913373194 -5.64727034873183 0.785268036957836 NaN
22.6 -0.643342825244175 1.4761273646716 0.785268036957836 NaN
22.64 -7.53434732195133 13.2180903707285 0.785268036957836 NaN
22.68 -12.8346039155201 13.5460484288589 0.785268036957836 NaN
22.72 -11.8211637649857 7.19935551456595 0.785268036957836 NaN
22.76 -9.33055052022342 1.92265877901701 0.785268036957836 NaN
22.8 -2.56009521194453 -1.41890245745311 0.785268036957837 NaN
22.84 -4.94200852856459 -5.45230593567682 0.785268036957837 NaN
22.88 -7.51968770784259 -8.57539156534971 0.785268036957837 NaN
22.92 -11.3150218940857 -14.3944694743738 0.785268036957837 NaN
22.96 -7.61523240105779 -15.491058479668 0.785268036957836 NaN
23 -3.00869927946634 -7.83075320906808 0.785268036957836 NaN
23.04 3.21536297856906 4.1928763552324 0.785268036957836 NaN
23.08 7.0568021377913 9.34203685118121 0.785268036957836 NaN
23.12 6.64897301005498 11.5116751216805 0.785268036957836 NaN
23.16 4.36715383638881 8.38730325646834 0.785268036957836 NaN
23.2 1.36429571640388 2.08931290722821 0.785268036957836 NaN
23.24 4.7398383836504 3.53734282223887 0.785268036957836 NaN
23.28 9.8566986242719 2.48989396882975 0.785268036957836 NaN
23.32 16.4775231314529 -4.04829764107913 0.785268036957836 NaN
23.36 12.4997181532835 -9.48252691371423 0.785268036957836 NaN
23.4 7.9409873063183 -9.11438469134539 0.785268036957836 NaN
23.44 1.42316128706775 -1.97207676456626 0.785268036957836 NaN
23.48 -1.21578490052592 -2.00019936033951 0.785268036957835 NaN
23.52 0.983046297690233 -4.52066876436862 0.785268036957835 NaN
23.56 2.95625738632569 -6.69121851808531 0.785268036957836 NaN
23.6 2.35552382745094 -6.97563966264699 0.785268036957835 NaN
23.64 -0.349592905970203 1.85118890909747 0.785268036957836 NaN
23.68 -6.82462526357799 11.9761662181631 0.785268036957836 NaN
23.72 -12.9374958091426 13.5148216029942 0.785268036957836 NaN
23.76 -11.575669769856 8.05547555209756 0.785268036957835 NaN
23.8 -8.04329855154363 2.59766912960981 0.785268036957835 NaN
23.84 -2.65644154675431 -1.04268149786463 0.785268036957835 NaN
23.88 -6.68884221140622 -5.30549395621249 0.785268036957835 NaN
23.92 -8.10117967491568 -8.75756303329021 0.785268036957835 NaN
23.96 -12.8590620098568 -16.9544886178673 0.785268036957835 NaN
24 -6.01036127278124 -13.0231398704667 0.785268036957835 NaN
24.04 -2.3518939081148 -6.93006832601166 0.785268036957834 NaN
24.08 5.47668219074068 8.56856506884301 0.785268036957834 NaN
24.12 5.49648765564965 8.02653513450528 0.785268036957834 NaN
24.16 4.3761008802052 8.19939806081035 0.785268036957834 NaN
24.2 3.30067284442114 7.09253477900606 0.785268036957833 NaN
24.24 2.35899391776751 2.98140059671704 0.785268036957834 NaN
24.28 6.42101388262685 5.06622040322097 0.785268036957833 NaN
24.32 11.5402377846747 3.8495050061648 0.785268036957833 NaN
24.36 14.942534068075 -2.39369119575691 0.785268036957833 NaN
24.4 11.085761729886 -7.48328334214381 0.785268036957833 NaN
24.44 6.11674066859804 -6.50673977383954 0.785268036957833 NaN
24.48 0.861562442962137 -1.96263716214384 0.785268036957833 NaN
24.52 0.96555784733414 -5.45159437662338 0.785268036957833 NaN
24.56 2.8816497636343 -7.2682286139972 0.785268036957833 1.00380801253239e-14
24.6 5.79148012286792 -11.8622039392914 0.785268036957833 NaN
24.64 1.38964268826166 -4.59786045728923 0.785268036957833 NaN
24.68 -1.63944385000463 3.99284793290281 0.785268036957833 NaN
24.72 -9.09028551209501 14.2451130628826 0.785268036957833 NaN
24.76 -10.7972030663795 11.9281035447768 0.785268036957833 NaN
24.8 -10.2391784600168 8.58797648874702 0.785268036957833 NaN
24.84 -6.25639730989703 2.6591872908076 0.785268036957833 NaN
24.88 -4.56095393457403 -0.699935749343562 0.785268036957833 NaN
24.92 -7.06009921955956 -4.64595943773924 0.785268036957833 NaN
24.96 -10.3847179405764 -10.4862331324352 0.785268036957833 1.00380801253239e-14
25 -10.7075359400365 -15.1399565213358 0.785268036957832 1.04622243559714e-14
25.04 -5.53325551570674 -12.3006241248433 0.785268036957833 1.00380801253239e-14
25.08 -1.98779881165196 -5.35969744066338 0.785268036957832 1.04622243559714e-14
25.12 3.86039873731747 6.11679052428749 0.785268036957832 1.04622243559714e-14
25.16 3.62116511378308 5.37158419434537 0.785268036957833 NaN
25.2 3.46284543947734 7.09848300950052 0.785268036957833 NaN
25.24 0.571997643983331 1.03398973400587 0.785268036957832 1.04622243559714e-14
25.28 3.89852490769309 4.53863563933888 0.785268036957832 1.03208429457556e-14
25.32 7.12463436311946 6.3453962091235 0.785268036957832 1.10277499968347e-14
25.36 11.8055145433104 5.01699052108626 0.785268036957832 1.10277499968347e-14
25.4 12.4289391162017 -0.872870640887809 0.785268036957832 1.08863685866189e-14
25.44 10.0189393328297 -5.52921255403348 0.785268036957832 1.04622243559714e-14
25.48 5.92067477309521 -6.22406696073629 0.785268036957832 1.01794615355397e-14
25.52 4.0402917460826 -7.37874100970861 0.785268036957832 1.03208429457556e-14
25.56 2.37227282624919 -7.20166392351385 0.785268036957832 1.01794615355397e-14
25.6 4.42766436290639 -8.98748197888765 0.785268036957832 1.0744987176403e-14
25.64 3.4413326300378 -7.19465742206951 0.785268036957832 1.04622243559714e-14
25.68 -0.0518421539667466 -1.04432136699941 0.785268036957833 1.00380801253239e-14
25.72 -2.34930215961853 4.76765257754714 0.785268036957833 NaN
25.76 -8.33518820361021 11.883836118584 0.785268036957832 1.03208429457556e-14
25.8 -8.12261715874872 9.3121194075971 0.785268036957833 NaN
25.84 -8.97962637086632 8.62406037448957 0.785268036957833 NaN
25.88 -6.21149408576284 3.34923330123234 0.785268036957833 NaN
25.92 -6.93752318615275 -0.186194107249807 0.785268036957833 NaN
25.96 -8.61396483458005 -4.43770075847869 0.785268036957833 NaN
26 -10.9056272544941 -10.5639120250372 0.785268036957833 NaN
26.04 -9.29235035950282 -14.0265208483798 0.785268036957833 NaN
26.08 -4.15162067798566 -9.07815618130166 0.785268036957833 1.00380801253239e-14
26.12 -1.39533950183645 -2.77716751274109 0.785268036957833 NaN
26.16 2.36888240727939 3.4883850833324 0.785268036957833 NaN
26.2 1.41392773608272 1.99700576086915 0.785268036957833 NaN
26.24 1.89584707754857 3.58817078685995 0.785268036957833 NaN
26.28 1.99461598603971 2.25830047166533 0.785268036957833 NaN
26.32 5.18864355435247 6.3871562604321 0.785268036957833 NaN
26.36 8.62476150811677 8.64792419905593 0.785268036957833 NaN
26.4 11.2065147646507 5.68103668621754 0.785268036957833 NaN
26.44 11.1740326280482 0.250180589196907 0.785268036957833 NaN
26.48 8.72566452795076 -4.15554629842192 0.785268036957834 NaN
26.52 6.22485965043842 -6.76277339814904 0.785268036957834 NaN
26.56 5.04845582809396 -8.25951181672804 0.785268036957833 NaN
26.6 4.25775939684063 -8.31054803728846 0.785268036957834 NaN
26.64 4.62868021165113 -8.36850114487886 0.785268036957833 NaN
26.68 2.75852778642533 -6.25528798308733 0.785268036957833 NaN
26.72 -0.331588165659674 -0.57096723470896 0.785268036957834 NaN
26.76 -2.59499033911062 3.78954486620752 0.785268036957834 NaN
26.8 -6.88829495828934 9.13420073015315 0.785268036957834 NaN
26.84 -6.83693114833143 9.00548033762946 0.785268036957834 NaN
26.88 -8.1786230302093 8.9208999297152 0.785268036957834 NaN
26.92 -6.92369217607274 4.16198712111839 0.785268036957834 NaN
26.96 -8.15068347409957 0.575781591156271 0.785268036957834 NaN
27 -9.10952809363312 -3.97574199265163 0.785268036957834 NaN
27.04 -9.93302051408764 -9.62036761639009 0.785268036957834 NaN
27.08 -7.94759498876305 -11.3333432830828 0.785268036957834 NaN
27.12 -4.24671149969337 -7.67373649680533 0.785268036957834 NaN
27.16 -2.78813633346237 -5.42208617309904 0.785268036957833 NaN
27.2 0.473482929318001 -0.475571475018964 0.785268036957833 NaN
27.24 0.0655788311768151 -0.820696753554508 0.785268036957833 NaN
27.28 2.12147970894214 2.79167172320872 0.785268036957833 NaN
27.32 3.32245841371205 4.38184414204463 0.785268036957833 NaN
27.36 5.96991717770338 8.46452744605613 0.785268036957833 NaN
27.4 8.25152114045969 8.74557481688163 0.785268036957833 NaN
27.44 9.27144031200454 5.54620779873968 0.785268036957833 NaN
27.48 9.57583083339982 1.10168742657993 0.785268036957833 NaN
27.52 8.83596663197311 -3.52430922801609 0.785268036957834 NaN
27.56 8.1320914071366 -7.55967412828793 0.785268036957834 NaN
27.6 7.19720744937277 -9.81931624828835 0.785268036957834 NaN
27.64 5.01629786791421 -8.93541456813588 0.785268036957834 NaN
27.68 3.44177998511475 -7.10660248075031 0.785268036957834 NaN
27.72 1.17136537102031 -3.71095393377719 0.785268036957834 NaN
27.76 -0.898844573467784 0.196024187854432 0.785268036957834 NaN
27.8 -1.64906233283764 1.78649808747632 0.785268036957834 NaN
27.84 -4.15381267506939 6.09004603009801 0.785268036957834 NaN
27.88 -5.482971506074 8.00819122479608 0.785268036957834 NaN
27.92 -8.19281887874355 8.89061327848605 0.785268036957834 NaN
27.96 -9.0320621565839 5.92583040888259 0.785268036957834 NaN
28 -9.46207708000856 1.5353072230981 0.785268036957834 NaN
28.04 -8.75275824436886 -3.12250594664608 0.785268036957834 NaN
28.08 -8.16166796125558 -7.25452359267331 0.785268036957833 NaN
28.12 -7.10328348044837 -9.70899495427888 0.785268036957834 NaN
28.16 -5.10170625018068 -8.9758034382529 0.785268036957834 NaN
28.2 -4.32728919335568 -8.27626787532511 0.785268036957834 NaN
28.24 -1.66320873321598 -4.27547319749686 0.785268036957834 NaN
28.28 -0.0435589355064193 -1.07771190982475 0.785268036957834 NaN
28.32 2.78586449272904 3.86264397673884 0.785268036957834 NaN
28.36 4.91863861648048 7.47105023657338 0.785268036957834 NaN
28.4 5.98812245018383 8.66767566864299 0.785268036957834 NaN
28.44 6.71272884475803 7.42250746544983 0.785268036957834 NaN
28.48 7.7679660754235 5.507634977624 0.785268036957834 NaN
28.52 8.99201815406217 1.85753350424136 0.785268036957834 NaN
28.56 10.2210412131848 -3.12673967687622 0.785268036957835 NaN
28.6 9.37808910357943 -7.68661109369133 0.785268036957835 NaN
28.64 7.88994545778772 -10.0754468205077 0.785268036957835 NaN
28.68 4.27533115677502 -7.50876558279982 0.785268036957835 NaN
28.72 3.02973663600148 -6.3152708839515 0.785268036957835 NaN
28.76 0.880377615176497 -3.21853366440197 0.785268036957835 NaN
28.8 0.0676117324841203 -1.65257005008509 0.785268036957835 NaN
28.84 -0.3355085299622 -0.871803647976641 0.785268036957835 NaN
28.88 -3.28873808379794 4.65615171875706 0.785268036957835 NaN
28.92 -5.51672302349412 8.14002661042626 0.785268036957835 NaN
28.96 -9.71031413274254 10.8267154867904 0.785268036957835 NaN
29 -9.11687326717305 6.75864968385629 0.785268036957834 NaN
29.04 -8.99688955515586 2.24392040191187 0.785268036957835 NaN
29.08 -7.10892267976353 -2.04122535152927 0.785268036957835 NaN
29.12 -7.74400256830571 -6.53377628435436 0.785268036957835 NaN
29.16 -8.11610189669616 -10.0384611461601 0.785268036957835 NaN
29.2 -7.3851423156799 -10.9432287985069 0.785268036957835 NaN
29.24 -4.96993928293706 -9.58531654934868 0.785268036957835 NaN
29.28 -1.3567298849314 -4.03418327470232 0.785268036957834 NaN
29.32 1.23591999455947 1.17775840953229 0.785268036957835 NaN
29.36 2.94655574054955 3.79187136797025 0.785268036957834 NaN
29.4 4.40017165079681 6.91440487810597 0.785268036957834 NaN
29.44 4.19316885084487 6.77237715642823 0.785268036957834 NaN
29.48 5.59253353777319 6.65193822110425 0.785268036957834 NaN
29.52 7.51422595154832 5.90214283022167 0.785268036957834 NaN
29.56 10.3427690322822 3.00659848834428 0.785268036957834 NaN
29.6 11.2876048154186 -2.39211382764282 0.785268036957834 NaN
29.64 9.46252187359747 -6.88144040854292 0.785268036957834 NaN
29.68 6.9423538954376 -8.17184328263198 0.785268036957834 NaN
29.72 3.69305635932681 -6.40545133108092 0.785268036957834 NaN
29.76 3.16171237690449 -7.43219272883904 0.785268036957834 NaN
29.8 1.99185213471674 -5.25854186411763 0.785268036957834 NaN
29.84 2.01221762932107 -4.98416720098664 0.785268036957834 NaN
29.88 -0.225144800861374 -1.13925630195559 0.785268036957834 NaN
29.92 -3.03316332103713 5.14494905200201 0.785268036957834 NaN
29.96 -6.69949972536991 9.94551525539935 0.785268036957834 NaN
30 -9.44249936915129 10.6295852473686 0.785268036957834 NaN
30.04 -8.81361686038055 7.19436951607391 0.785268036957834 NaN
30.08 -7.8338199456998 2.85864056804673 0.785268036957834 NaN
30.12 -6.97380598420387 -1.29743608447356 0.785268036957834 NaN
30.16 -8.45819456237214 -5.84726859780219 0.785268036957834 NaN
30.2 -9.07484483105312 -10.0539607302792 0.785268036957834 NaN
30.24 -7.82012618475179 -12.1251835743699 0.785268036957834 NaN
30.28 -4.51684987142655 -9.38766211110835 0.785268036957833 NaN
30.32 -1.38338625932406 -3.60181775020485 0.785268036957833 NaN
30.36 1.05438690830192 1.02383924591824 0.785268036957833 NaN
30.4 2.21043123821553 3.03032459682136 0.785268036957833 NaN
30.44 3.17731489617714 5.48568679084567 0.785268036957834 NaN
30.48 3.77020377491274 5.6338937990928 0.785268036957833 NaN
30.52 5.96292060969142 7.03515223013318 0.785268036957833 NaN
30.56 8.25595278544935 7.1001062081142 0.785268036957833 NaN
30.6 10.5227394007223 4.02112207236808 0.785268036957833 NaN
30.64 10.2905900037048 -1.25114637141434 0.785268036957833 NaN
30.68 8.67126849648821 -5.53295716420775 0.785268036957833 NaN
30.72 6.99460687536136 -7.96271672300955 0.785268036957833 NaN
30.76 5.10519056050365 -8.55614498256716 0.785268036957834 NaN
30.8 4.58617076077657 -9.0323250765783 0.785268036957834 NaN
30.84 2.83438594372178 -6.00605314515147 0.785268036957834 NaN
30.88 1.36397343255181 -3.83195287391756 0.785268036957834 NaN
30.92 -1.16325792341517 0.875449136723379 0.785268036957834 NaN
30.96 -3.26983127186811 4.96351093461379 0.785268036957833 NaN
31 -5.93617760745219 8.30215654006317 0.785268036957833 NaN
31.04 -7.42509394422024 9.24248961505806 0.785268036957833 NaN
31.08 -7.81578360797128 7.32699337499344 0.785268036957833 NaN
31.12 -7.98053926660545 3.56968151965369 0.785268036957833 NaN
31.16 -8.92495943685711 -0.682808063424752 0.785268036957833 NaN
31.2 -9.18152250297128 -5.53543888933185 0.785268036957833 NaN
31.24 -9.32652377048647 -9.98189680651921 0.785268036957833 NaN
31.28 -6.41726821047777 -9.84303461281103 0.785268036957833 NaN
31.32 -3.99232578052832 -7.68053340878574 0.785268036957833 NaN
31.36 -1.68035017002875 -3.94200393085246 0.785268036957833 NaN
31.4 -0.442185942177085 -1.88174547235694 0.785268036957833 NaN
31.44 0.451287224897099 -0.224031438586729 0.785268036957833 NaN
31.48 2.60889548415355 3.79232284544869 0.785268036957833 NaN
31.52 4.36654641208803 6.42342441283465 0.785268036957832 1.01794615355397e-14
31.56 7.27434873959082 9.32178768260779 0.785268036957832 1.03208429457556e-14
31.6 8.20587839604058 7.68452354381583 0.785268036957832 1.03208429457556e-14
31.64 9.66692790673883 4.55115124591939 0.785268036957832 1.04622243559714e-14
31.68 8.87584864242446 -0.259339294388341 0.785268036957832 1.06036057661872e-14
31.72 8.66763324282681 -4.81856605540204 0.785268036957832 1.04622243559714e-14
31.76 7.74916090106217 -8.15023810866089 0.785268036957833 NaN
31.8 6.8058267823895 -10.0507419190018 0.785268036957833 NaN
31.84 4.85970610704992 -8.99390976404987 0.785268036957833 NaN
31.88 2.82027368075148 -6.23930518726756 0.785268036957833 NaN
31.92 0.601225441738109 -2.44814579661206 0.785268036957833 1.00380801253239e-14
31.96 -1.12031426343425 0.607540843538672 0.785268036957833 NaN
32 -2.50027818338758 3.30277580931166 0.785268036957832 1.01794615355397e-14
32.04 -4.63390246071852 6.85183992148272 0.785268036957832 1.03208429457556e-14
32.08 -6.4853194973071 8.56704070386868 0.785268036957832 1.04622243559714e-14
32.12 -8.48694694054789 8.31538849416484 0.785268036957832 1.04622243559714e-14
32.16 -9.02033522027923 4.74526675485877 0.785268036957832 1.06036057661872e-14
32.2 -9.17013757569466 0.157833713006904 0.785268036957832 1.08863685866189e-14
32.24 -8.15979380496357 -4.27091567506909 0.785268036957832 1.08863685866189e-14
32.28 -8.15354435967933 -8.43074165316953 0.785268036957832 1.13105128172664e-14
32.32 -6.73157864010268 -9.81069811962015 0.785268036957832 1.06036057661872e-14
32.36 -5.5277861732039 -9.591650956653 0.785268036957832 1.04622243559714e-14
32.4 -3.1783035238444 -6.72010875066582 0.785268036957832 1.01794615355397e-14
32.44 -1.20595821174698 -3.20659160911988 0.785268036957833 1.00380801253239e-14
32.48 1.28671068683017 1.15365397014588 0.785268036957833 NaN
32.52 3.30115506934665 4.80959920612068 0.785268036957832 1.03208429457556e-14
32.56 4.98698102456956 7.63830406766383 0.785268036957833 NaN
32.6 5.96367305993408 8.02005423035802 0.785268036957833 NaN
32.64 6.84515715721476 6.99540854841165 0.785268036957833 NaN
32.68 8.45446397817032 4.78740351445182 0.785268036957833 NaN
32.72 9.59033585945113 0.602857493538273 0.785268036957833 NaN
32.76 10.0813978031566 -4.55963257971865 0.785268036957833 NaN
32.8 8.82393932703964 -8.44168433237316 0.785268036957833 NaN
32.84 6.69562302938946 -9.26837685448528 0.785268036957833 NaN
32.88 3.9222765130877 -7.2990029328719 0.785268036957833 NaN
32.92 2.32415900780617 -5.77686665039372 0.785268036957833 1.00380801253239e-14
32.96 0.979240919509853 -3.13496709989404 0.785268036957833 NaN
33 0.476751881404031 -2.48171168585877 0.785268036957833 NaN
33.04 -1.43776471455326 1.4013914516813 0.785268036957833 1.00380801253239e-14
33.08 -4.02678471429375 6.281889157314 0.785268036957833 1.00380801253239e-14
33.12 -7.28773851056458 9.77747634147628 0.785268036957832 1.04622243559714e-14
33.16 -8.96459768313614 9.20907938536716 0.785268036957832 1.01794615355397e-14
33.2 -9.28406196881107 5.63855149535123 0.785268036957832 1.01794615355397e-14
33.24 -8.06494665929484 0.924646560129827 0.785268036957833 NaN
33.28 -7.75109899662683 -3.37208825827463 0.785268036957833 NaN
33.32 -8.18737050379391 -7.61954528953855 0.785268036957833 NaN
33.36 -8.02023106890958 -10.4869196785141 0.785268036957832 1.01794615355397e-14
33.4 -6.01999539843368 -10.5218915354167 0.785268036957832 1.01794615355397e-14
33.44 -3.49444176470057 -7.5478017578254 0.785268036957833 NaN
33.48 -0.861998806268913 -2.49841805887746 0.785268036957833 1.00380801253239e-14
33.52 1.21358385632099 0.991891453070999 0.785268036957832 1.01794615355397e-14
33.56 2.81616957076598 4.28916877374866 0.785268036957832 1.01794615355397e-14
33.6 4.15054115749972 6.67683046388977 0.785268036957832 1.01794615355397e-14
33.64 5.12848336008913 6.97091977510512 0.785268036957832 1.03208429457556e-14
33.68 6.95622973489219 7.46453766267949 0.785268036957832 1.0744987176403e-14
33.72 8.92593320183079 5.7777889138565 0.785268036957832 1.04622243559714e-14
33.76 10.0421259667274 1.54596525090127 0.785268036957832 1.06036057661872e-14
33.8 9.62876893200247 -3.46540790900806 0.785268036957832 1.06036057661872e-14
33.84 8.23158325089698 -7.16077750351887 0.785268036957832 1.0744987176403e-14
33.88 6.55456860604317 -8.87365037998443 0.785268036957832 1.04622243559714e-14
33.92 4.87351868323812 -8.92133899917785 0.785268036957832 1.03208429457556e-14
33.96 3.74098087219909 -7.6619457795054 0.785268036957832 1.01794615355397e-14
34 1.71133874187314 -4.22265904639209 0.785268036957832 1.01794615355397e-14
34.04 0.0898334397168609 -1.63962473440952 0.785268036957833 1.00380801253239e-14
34.08 -1.94853855444594 2.5604061384562 0.785268036957832 1.0744987176403e-14
34.12 -4.30467351829972 6.26865719214217 0.785268036957833 1.00380801253239e-14
34.16 -6.40779016189182 8.57920817285072 0.785268036957832 1.04622243559714e-14
34.2 -7.88940658576295 8.93330375239863 0.785268036957832 1.08863685866189e-14
34.24 -8.15437225586992 5.84015313131169 0.785268036957832 1.13105128172664e-14
34.28 -8.57954776194669 1.76012082012602 0.785268036957831 1.17346570479139e-14
34.32 -8.87667404872631 -2.84042402045616 0.785268036957831 1.18760384581297e-14
34.36 -9.24265580189473 -7.7266071434826 0.785268036957831 1.18760384581297e-14
34.4 -7.74281151126869 -10.0817211385527 0.785268036957831 1.2441564098993e-14
34.44 -5.43885731644072 -9.24608506807135 0.785268036957831 1.23001826887772e-14
34.48 -3.05799633835192 -6.15765056002094 0.785268036957831 1.1593275637698e-14
34.52 -1.23912675536252 -3.24082498747798 0.785268036957832 1.10277499968347e-14
34.56 -0.17056350158637 -1.41599100399796 0.785268036957832 1.0744987176403e-14
34.6 1.62277020502934 1.93721623862458 0.785268036957832 1.08863685866189e-14
34.64 3.5287725815125 5.17459482498023 0.785268036957832 1.04622243559714e-14
34.68 5.92959321089232 8.36026598373527 0.785268036957832 1.03208429457556e-14
34.72 7.62626794909185 8.79999620004718 0.785268036957832 1.08863685866189e-14
34.76 8.92619815131537 6.4971212824558 0.785268036957832 1.0744987176403e-14
34.8 9.02283814696694 2.21024283937377 0.785268036957832 1.08863685866189e-14
34.84 8.84665931424642 -2.38986635869769 0.785268036957832 1.0744987176403e-14
34.88 8.35090777937607 -6.64693765378592 0.785268036957831 1.17346570479139e-14
34.92 7.4919769355373 -9.38973492487434 0.785268036957831 1.18760384581297e-14
34.96 5.99854725320981 -9.7622744431333 0.785268036957831 1.21588012785613e-14
35 4.05479816503814 -8.06630927753184 0.785268036957831 1.18760384581297e-14
35.04 1.58108352936631 -4.22618661320922 0.785268036957831 1.21588012785613e-14
35.08 -0.221513837364941 -1.03325844383774 0.785268036957831 1.21588012785613e-14
35.12 -1.91489428764462 1.99432587015704 0.785268036957831 1.1593275637698e-14
35.16 -3.31522704110552 4.82632492458734 0.785268036957831 1.20174198683455e-14
35.2 -5.47927752492764 7.89552781359832 0.785268036957831 1.17346570479139e-14
35.24 -7.40592320800429 8.77392156044412 0.785268036957831 1.17346570479139e-14
35.28 -8.80459558587224 6.8645716599328 0.785268036957831 1.20174198683455e-14
35.32 -9.10608067845609 2.67024789981179 0.785268036957831 1.23001826887772e-14
35.36 -8.83383333170172 -2.00065313640878 0.785268036957831 1.2441564098993e-14
35.4 -8.30015005805864 -6.4040805257205 0.785268036957831 1.18760384581297e-14
35.44 -7.50895021021281 -9.24643652545004 0.785268036957831 1.25829455092088e-14
35.48 -6.22288602666245 -9.75017758143104 0.785268036957831 1.21588012785613e-14
35.52 -4.11067549637124 -8.08438352791997 0.785268036957831 1.17346570479139e-14
35.56 -2.36176335259841 -5.35015964885514 0.785268036957831 1.17346570479139e-14
35.6 -0.0261372870765999 -1.14374299437255 0.785268036957831 1.18760384581297e-14
35.64 1.69026088882386 1.80061818750331 0.785268036957831 1.20174198683455e-14
35.68 4.22620073797939 6.63587795471135 0.785268036957831 1.21588012785613e-14
35.72 5.3343793241872 7.79216792713593 0.785268036957831 1.1593275637698e-14
35.76 6.76516610104326 8.1231687000513 0.785268036957831 1.2441564098993e-14
35.8 7.79586739148427 6.42447396737933 0.785268036957831 1.23001826887772e-14
35.84 9.02704421505323 3.01905009474962 0.785268036957831 1.25829455092088e-14
35.88 9.6312344224019 -1.67519353705762 0.785268036957831 1.2441564098993e-14
35.92 9.23781107220534 -6.42762178088722 0.785268036957831 1.21588012785613e-14
35.96 7.72437755830356 -8.92737088018205 0.785268036957831 1.23001826887772e-14
36 5.67522041497256 -9.04037518114438 0.785268036957831 1.18760384581297e-14
36.04 3.69568800149943 -7.73244961851803 0.785268036957831 1.21588012785613e-14
36.08 1.85244559591959 -4.61360812363687 0.785268036957831 1.2441564098993e-14
36.12 0.536268585745856 -2.39201775298469 0.785268036957831 1.2441564098993e-14
36.16 -0.831996175486043 0.0552174088030544 0.78526803695783 1.27243269194247e-14
36.2 -2.81677108857979 4.29441542293873 0.785268036957831 1.25829455092088e-14
36.24 -5.50625487730652 7.84708173338798 0.785268036957831 1.2441564098993e-14
36.28 -7.82486886451462 9.45445785001104 0.785268036957831 1.21588012785613e-14
36.32 -8.92197990323217 7.71601861168355 0.785268036957831 1.2441564098993e-14
36.36 -8.56369988699921 3.34284174590309 0.785268036957831 1.23001826887772e-14
36.4 -8.31425020013211 -1.09469128577407 0.785268036957831 1.17346570479139e-14
36.44 -8.30818821074804 -5.57742843302882 0.785268036957831 1.18760384581297e-14
36.48 -8.34032559231568 -9.36235397379809 0.785268036957831 1.17346570479139e-14
36.52 -6.72974507610219 -10.4243956034098 0.785268036957831 1.21588012785613e-14
36.56 -4.55623042718504 -8.78582579795036 0.785268036957831 1.17346570479139e-14
36.6 -2.00138220199721 -4.39088728690888 0.78526803695783 1.27243269194247e-14
36.64 -0.450985389857688 -1.84368048958328 0.785268036957831 1.23001826887772e-14
36.68 1.58139488792912 1.78517442229391 0.785268036957831 1.20174198683455e-14
36.72 3.19308181049056 4.93758727605594 0.785268036957831 1.20174198683455e-14
36.76 5.0512636169342 7.26443117188041 0.785268036957831 1.14518942274822e-14
36.8 6.48173720832627 8.12286295894164 0.785268036957831 1.20174198683455e-14
36.84 8.18213483520196 7.38457923481699 0.785268036957831 1.21588012785613e-14
36.88 9.14080785539743 3.87317421922031 0.785268036957831 1.20174198683455e-14
36.92 9.40830667439083 -0.753325016695249 0.785268036957831 1.23001826887772e-14
36.96 8.74820288402215 -5.3262288225285 0.785268036957831 1.20174198683455e-14
37 7.78731654886634 -8.61289555178875 0.785268036957831 1.17346570479139e-14
37.04 6.37110649043164 -9.66931530694203 0.785268036957831 1.20174198683455e-14
37.08 4.73553511251075 -8.81575795436377 0.785268036957831 1.2441564098993e-14
37.12 2.5042813213957 -5.57242274796894 0.785268036957831 1.25829455092088e-14
37.16 0.376398569407158 -2.11336221296918 0.785268036957831 1.25829455092088e-14
37.2 -1.205857781909 0.711237597487204 0.78526803695783 1.27243269194247e-14
37.24 -2.84455149741958 3.79574814779344 0.78526803695783 1.28657083296405e-14
37.28 -4.67994769719164 6.76753204622606 0.78526803695783 1.27243269194247e-14
37.32 -6.9016271067007 9.00802302225121 0.785268036957831 1.23001826887772e-14
37.36 -8.08420930157871 7.71836810336015 0.78526803695783 1.28657083296405e-14
37.4 -9.10436610262999 4.28576262395414 0.785268036957831 1.25829455092088e-14
37.44 -9.08836753709283 -0.316344281777091 0.785268036957831 1.25829455092088e-14
37.48 -8.93559262896138 -5.11670086319168 0.785268036957831 1.20174198683455e-14
37.52 -7.89191464700248 -8.54143598420252 0.785268036957831 1.20174198683455e-14
37.56 -6.44067350242137 -9.39701900889156 0.785268036957831 1.23001826887772e-14
37.6 -4.24723423474685 -7.85482141737592 0.785268036957831 1.21588012785613e-14
37.64 -2.96026422521061 -6.38724335314845 0.785268036957831 1.2441564098993e-14
37.68 -1.16662597383392 -3.1685756998142 0.785268036957831 1.25829455092088e-14
37.72 0.32935176937543 -0.63935686660858 0.785268036957831 1.25829455092088e-14
37.76 3.16751211210424 4.62505865241085 0.78526803695783 1.27243269194247e-14
37.8 5.2787768881098 8.0450564651788 0.785268036957831 1.2441564098993e-14
37.84 7.02900165755632 9.1591884324962 0.78526803695783 1.27243269194247e-14
37.88 7.77644622031808 7.55549516955143 0.78526803695783 1.27243269194247e-14
37.92 8.37462903218075 4.30896149773623 0.78526803695783 1.28657083296405e-14
37.96 8.75825307332232 0.103971597156544 0.78526803695783 1.27243269194247e-14
38 8.95898963611465 -4.61717909002438 0.785268036957831 1.23001826887772e-14
38.04 8.53634019767837 -8.59566152811505 0.785268036957831 1.23001826887772e-14
38.08 7.1064129974336 -9.99683039390823 0.78526803695783 1.30070897398563e-14
38.12 5.13358238362663 -9.34369353071469 0.785268036957831 1.25829455092088e-14
38.16 2.4577459247499 -5.72415697113767 0.78526803695783 1.30070897398563e-14
38.2 0.355981610265718 -1.92192920854527 0.78526803695783 1.27243269194247e-14
38.24 -0.985685291421238 0.148636919595269 0.78526803695783 1.28657083296405e-14
38.28 -2.19087822843126 2.8903286979174 0.78526803695783 1.30070897398563e-14
38.32 -4.00529882076475 5.92680449537781 0.78526803695783 1.35726153807196e-14
38.36 -6.45601966106064 8.48589574898032 0.78526803695783 1.38553782011513e-14
38.4 -8.27946588458111 8.46528663962641 0.785268036957829 1.39967596113671e-14
38.44 -9.17899809717114 5.13558247230347 0.78526803695783 1.38553782011513e-14
38.48 -9.02299250948209 0.52746754080188 0.785268036957829 1.44209038420146e-14
38.52 -8.58352499807589 -4.14239879938101 0.785268036957829 1.44209038420146e-14
38.56 -8.0426074236925 -7.949651052113 0.785268036957829 1.42795224317988e-14
38.6 -6.9802227193538 -9.6662685845689 0.785268036957829 1.39967596113671e-14
38.64 -5.09554786873209 -9.21438271133824 0.785268036957829 1.39967596113671e-14
38.68 -3.01653943345415 -6.30167349056726 0.785268036957829 1.42795224317988e-14
38.72 -1.43355935113334 -3.54259234899183 0.785268036957829 1.47036666624463e-14
38.76 0.466141779435694 -0.441915464739586 0.785268036957829 1.42795224317988e-14
38.8 2.61636907627234 3.89976345010415 0.785268036957829 1.39967596113671e-14
38.84 4.78809659376815 7.17786859766086 0.785268036957829 1.44209038420146e-14
38.88 6.32993329343492 8.48414517330959 0.785268036957829 1.44209038420146e-14
38.92 7.59375549952447 8.01317898719477 0.785268036957829 1.42795224317988e-14
38.96 8.62364388220096 5.16089686944497 0.785268036957829 1.45622852522304e-14
39 9.07455187904703 0.933498578588797 0.785268036957829 1.45622852522304e-14
39.04 9.05107341069523 -3.79623658930032 0.785268036957829 1.42795224317988e-14
39.08 8.13226262339098 -7.61442801682363 0.785268036957829 1.45622852522304e-14
39.12 7.14995073542995 -9.73553268876214 0.785268036957829 1.45622852522304e-14
39.16 5.30214060799365 -9.34830770627197 0.785268036957829 1.44209038420146e-14
39.2 3.54191046626353 -7.17117788957522 0.785268036957829 1.42795224317988e-14
39.24 0.871410955854252 -2.89761716084136 0.785268036957829 1.42795224317988e-14
39.28 -0.612133928807121 -0.466276019270396 0.785268036957829 1.44209038420146e-14
39.32 -2.39604524932799 3.01953531601524 0.785268036957829 1.49864294828779e-14
39.36 -3.84820161969236 5.48749067430863 0.785268036957829 1.39967596113671e-14
39.4 -6.21700831560825 8.5342840421489 0.78526803695783 1.37139967909355e-14
39.44 -7.72890927801237 8.59842614232961 0.785268036957829 1.39967596113671e-14
39.48 -8.71966238254623 5.64230433828665 0.785268036957829 1.42795224317988e-14
39.52 -9.01001751993621 1.34784718457166 0.78526803695783 1.37139967909355e-14
39.56 -9.07786554935127 -3.44640873656218 0.785268036957829 1.4138141021583e-14
39.6 -8.40468511111294 -7.68852348294076 0.785268036957829 1.4138141021583e-14
39.64 -7.23711967040479 -9.50633577839509 0.78526803695783 1.37139967909355e-14
39.68 -4.96229260605918 -8.44159446854195 0.785268036957829 1.39967596113671e-14
39.72 -3.2228392358913 -6.69347163220708 0.785268036957829 1.4138141021583e-14
39.76 -1.60346755015753 -3.93234707245777 0.785268036957829 1.39967596113671e-14
39.8 -0.392643763203434 -2.00747129752895 0.785268036957829 1.42795224317988e-14
39.84 1.94100995004369 2.34549221142946 0.78526803695783 1.38553782011513e-14
39.88 4.42943329080675 6.84596717120848 0.78526803695783 1.38553782011513e-14
39.92 6.58988834217771 9.19619261691086 0.78526803695783 1.35726153807196e-14
39.96 7.71214955054164 8.59205167380603 0.78526803695783 1.35726153807196e-14
40 8.37885017408071 5.71610355397902 0.78526803695783 1.30070897398563e-14
