"Time, Y-Force, Work integrand, Mass, Mass error"
1e-05 -1.58678764913082e-09 -6.10081906872694e-11 0.78539767388689 NaN
0.001 -1.64751678610653e-05 -5.02173728250566e-11 0.785397673886889 NaN
0.002 -6.06786010016952e-05 -6.68381606374025e-10 0.785397673886889 NaN
0.003 -0.000131794972420513 -3.05130490643999e-09 0.78539767388689 NaN
0.004 -0.000229476002051304 -9.13196369260494e-09 0.785397673886889 NaN
0.005 -0.000353567472809077 -2.12986416103358e-08 0.78539767388689 NaN
0.006 -0.000503992236044194 -4.27162828914144e-08 0.78539767388689 NaN
0.007 -0.000680711590534531 -7.63017004636428e-08 0.78539767388689 NaN
0.008 -0.000883711103695695 -1.26762104603578e-07 0.78539767388689 NaN
0.009 -0.00111299617441958 -1.99574895321547e-07 0.785397673886891 NaN
0.01 -0.00136858003201951 -2.98491208873214e-07 0.78539767388689 NaN
0.011 -0.00165048846066175 -4.2982093338068e-07 0.78539767388689 NaN
0.012 -0.00195875221619563 -6.00518353609542e-07 0.78539767388689 NaN
0.013 -0.00229340610989605 -8.17088072578453e-07 0.78539767388689 NaN
0.014 -0.00265449177086696 -1.08661795065234e-06 0.785397673886889 NaN
0.015 -0.00304205144639 -1.41692224936071e-06 0.78539767388689 NaN
0.016 -0.00345613103758646 -1.81656064250388e-06 0.78539767388689 NaN
0.017 -0.00389677869588488 -2.29603814596839e-06 0.785397673886891 NaN
0.018 -0.00436404387196331 -2.86275943274151e-06 0.78539767388689 NaN
0.019 -0.00485797675942045 -3.5280199729868e-06 0.785397673886891 NaN
0.02 -0.00537862944506188 -4.30181710882245e-06 0.78539767388689 NaN
0.021 -0.00592605489519766 -5.19607703182182e-06 0.78539767388689 NaN
0.022 -0.00650030527582062 -6.22144087195298e-06 0.78539767388689 NaN
0.023 -0.0071014343395824 -7.39077155692963e-06 0.78539767388689 NaN
0.024 -0.00772949632283429 -8.71714842156675e-06 0.78539767388689 NaN
0.025 -0.00838454471865111 -1.02130618571849e-05 0.78539767388689 NaN
0.026 -0.00906663266129654 -1.18924201190777e-05 0.78539767388689 NaN
0.027 -0.00977581423021999 -1.37691671383812e-05 0.785397673886891 NaN
0.028 -0.01051214333717 -1.58593834790145e-05 0.78539767388689 NaN
0.029 -0.0112756726731531 -1.81771329297042e-05 0.785397673886889 NaN
0.03 -0.0120664543767302 -2.07379251787032e-05 0.785397673886889 NaN
0.031 -0.0128845412333723 -2.35600002544837e-05 0.78539767388689 NaN
0.032 -0.0137299850288462 -2.66582172804288e-05 0.785397673886891 NaN
0.033 -0.014602836668486 -3.00511893536151e-05 0.78539767388689 NaN
0.034 -0.0155031461696495 -3.3756183400366e-05 0.78539767388689 NaN
0.035 -0.0164309632103843 -3.77925503376882e-05 0.785397673886891 NaN
0.036 -0.0173863369546837 -4.21778591678419e-05 0.78539767388689 NaN
0.037 -0.0183693152441251 -4.69326800656244e-05 0.785397673886891 NaN
0.038 -0.0193799451325385 -5.20763434447268e-05 0.78539767388689 NaN
0.039 -0.0204182722422284 -5.76290838905853e-05 0.785397673886891 NaN
0.04 -0.0214843419053201 -6.3612654734108e-05 0.785397673886891 NaN
0.041 -0.0225781983876739 -7.0048873464863e-05 0.78539767388689 NaN
0.042 -0.0236998844005537 -7.695793855922e-05 0.78539767388689 NaN
0.043 -0.0248494415247073 -8.43634972651493e-05 0.78539767388689 NaN
0.044 -0.0260269099949133 -9.22884027897943e-05 0.785397673886891 NaN
0.045 -0.0272323292831164 -0.000100755605530781 0.785397673886891 NaN
0.046 -0.0284657374552238 -0.00010979014106585 0.785397673886889 NaN
0.047 -0.0297271710479342 -0.000119415523799768 0.785397673886891 NaN
0.048 -0.031016665038396 -0.000129657035581494 0.785397673886889 NaN
0.049 -0.0323342529597327 -0.000140539955802843 0.785397673886891 NaN
0.05 -0.0336799670216923 -0.000152090698595172 0.785397673886889 NaN
0.051 -0.0350538384647704 -0.000164334414254949 0.78539767388689 NaN
0.052 -0.0364558962418145 -0.000177299220072843 0.785397673886891 NaN
0.053 -0.03788616788857 -0.000191012085278903 0.78539767388689 NaN
0.054 -0.0393446788288205 -0.00020550013056921 0.785397673886891 NaN
0.055 -0.0408314531127411 -0.000220792836358905 0.785397673886889 NaN
0.056 -0.0423465129263067 -0.000236918320240071 0.78539767388689 NaN
0.057 -0.0438898784384624 -0.00025390463058508 0.785397673886891 NaN
0.058 -0.0454615689907773 -0.000271783350829633 0.78539767388689 NaN
0.059 -0.0470616033889233 -0.000290583953428025 0.78539767388689 NaN
0.06 -0.048689997785168 -0.000310336657160301 0.785397673886889 NaN
0.061 -0.0503467621859298 -0.000331072785571176 0.785397673886891 NaN
0.062 -0.0520319026567606 -0.000352823257716105 0.78539767388689 NaN
0.063 -0.0537454252479601 -0.000375620861050878 0.785397673886891 NaN
0.064 -0.0554873390927564 -0.000399496345285649 0.78539767388689 NaN
0.065 -0.0572576544592029 -0.0004244846227031 0.78539767388689 NaN
0.066 -0.0590563771890635 -0.000450617161778948 0.785397673886891 NaN
0.067 -0.0608835058201884 -0.000477928338507959 0.78539767388689 NaN
0.068 -0.0627390328236452 -0.000506452159311825 0.78539767388689 NaN
0.069 -0.0646229501247258 -0.000536222434503912 0.78539767388689 NaN
0.07 -0.0665352500482152 -0.000567274557125463 0.78539767388689 NaN
0.071 -0.0684759246005653 -0.000599643334362349 0.78539767388689 NaN
0.072 -0.070444963072434 -0.000633364960865996 0.78539767388689 NaN
0.073 -0.0724423497901782 -0.000668473780362208 0.78539767388689 NaN
0.074 -0.074468064686956 -0.000705008529405585 0.785397673886889 NaN
0.075 -0.0765220852860754 -0.000743004398526061 0.78539767388689 NaN
0.076 -0.0786043887479262 -0.000782498732737883 0.785397673886891 NaN
0.077 -0.0807149505238634 -0.000823529338313712 0.785397673886891 NaN
0.078 -0.0828537430733216 -0.000866133525696252 0.78539767388689 NaN
0.079 -0.0850207341915335 -0.000910349538812722 0.78539767388689 NaN
0.08 -0.0872158876193031 -0.000956216556391104 0.78539767388689 NaN
0.081 -0.0894391624633621 -0.00100377215811673 0.78539767388689 NaN
0.082 -0.0916905166112771 -0.00105305637780323 0.785397673886889 NaN
0.083 -0.0939699050806821 -0.00110410809367498 0.78539767388689 NaN
0.084 -0.0962772806904693 -0.00115696804639498 0.78539767388689 NaN
0.085 -0.098612591713241 -0.00121167519676397 0.78539767388689 NaN
0.086 -0.100975782654883 -0.00126826972753582 0.78539767388689 NaN
0.087 -0.103366792860103 -0.0013267930926062 0.78539767388689 NaN
0.088 -0.105785559015786 -0.00138728586809924 0.78539767388689 NaN
0.089 -0.108232014713648 -0.00144978914589197 0.78539767388689 NaN
0.09 -0.110706091383039 -0.00151434375322278 0.785397673886889 NaN
0.091 -0.113207716527267 -0.00158099201867271 0.78539767388689 NaN
0.092 -0.115736813061888 -0.00164977514244847 0.785397673886889 NaN
0.093 -0.118293299115169 -0.00172073618236144 0.78539767388689 NaN
0.094 -0.120877087793297 -0.00179391589811706 0.785397673886891 NaN
0.095 -0.123488087734751 -0.00186935811712564 0.785397673886889 NaN
0.096 -0.126126204341528 -0.00194710511614023 0.78539767388689 NaN
0.097 -0.128791339033102 -0.00202719939961063 0.78539767388689 NaN
0.098 -0.131483389070164 -0.00210968340092907 0.78539767388689 NaN
0.099 -0.134202246739391 -0.00219460052336851 0.78539767388689 NaN
0.1 -0.136947799204909 -0.00228199455501126 0.78539767388689 NaN
0.101 -0.139719927911178 -0.00237190874562692 0.78539767388689 NaN
0.102 -0.142518509871624 -0.00246438602802338 0.78539767388689 NaN
0.103 -0.145343417697381 -0.0025594700615371 0.785397673886889 NaN
0.104 -0.148194519540519 -0.00265720466752115 0.78539767388689 NaN
0.105 -0.151071679508645 -0.00275763325942507 0.78539767388689 NaN
0.106 -0.153974755645551 -0.00286079933918595 0.78539767388689 NaN
0.107 -0.156903600395567 -0.00296674742525728 0.785397673886891 NaN
0.108 -0.159858059664477 -0.00307552040431019 0.785397673886891 NaN
0.109 -0.16283797326396 -0.00318716258769216 0.78539767388689 NaN
0.11 -0.16584317539565 -0.00330171759937497 0.785397673886891 NaN
0.111 -0.168873494520002 -0.00341922879846183 0.78539767388689 NaN
0.112 -0.171928753974774 -0.00353974013780531 0.78539767388689 NaN
0.113 -0.175008770619794 -0.00366329519150143 0.78539767388689 NaN
0.114 -0.178113355606571 -0.00378993716421249 0.78539767388689 NaN
0.115 -0.181242311993039 -0.00391970959842194 0.785397673886889 NaN
0.116 -0.184395436730247 -0.00405265522504679 0.785397673886891 NaN
0.117 -0.187572519391924 -0.00418881793202585 0.785397673886891 NaN
0.118 -0.190773342812545 -0.00432823984702244 0.78539767388689 NaN
0.119 -0.193997683860169 -0.00447096459491676 0.78539767388689 NaN
0.12 -0.197245312106425 -0.00461703300722526 0.78539767388689 NaN
0.121 -0.200515990392279 -0.00476648909571504 0.78539767388689 NaN
0.122 -0.203809473709828 -0.00491937424475026 0.78539767388689 NaN
0.123 -0.207125508817011 -0.00507572984787383 0.78539767388689 NaN
0.124 -0.210463833394713 -0.00523559711042085 0.78539767388689 NaN
0.125 -0.213824177148799 -0.0053990177385201 0.78539767388689 NaN
0.126 -0.217206260994588 -0.00556603207700779 0.785397673886889 NaN
0.127 -0.22060979736908 -0.00573668019289661 0.785397673886891 NaN
0.128 -0.224034490993467 -0.00591100257766687 0.78539767388689 NaN
0.129 -0.227480036694668 -0.00608903739368403 0.785397673886889 NaN
0.13 -0.230946120779961 -0.00627082533238623 0.78539767388689 NaN
0.131 -0.234432419297194 -0.00645640361837819 0.78539767388689 NaN
0.132 -0.237938598202662 -0.00664580987518496 0.78539767388689 NaN
0.133 -0.241464312486976 -0.00683908262273233 0.785397673886891 NaN
0.134 -0.245009207821899 -0.00703625752949809 0.78539767388689 NaN
0.135 -0.24857291866817 -0.00723737137602453 0.78539767388689 NaN
0.136 -0.252155069022391 -0.00744245870440991 0.785397673886889 NaN
0.137 -0.255755272450083 -0.00765155483202172 0.78539767388689 NaN
0.138 -0.25937313095112 -0.00786469421893109 0.785397673886889 NaN
0.139 -0.263008233806629 -0.00808190884737135 0.78539767388689 NaN
0.14 -0.266660158054669 -0.00830323128520941 0.785397673886889 NaN
0.141 -0.270328467201094 -0.00852869389860057 0.78539767388689 NaN
0.142 -0.274012710673524 -0.00875832634772399 0.78539767388689 NaN
0.143 -0.277712424206361 -0.00899215822926734 0.78539767388689 NaN
0.144 -0.281427129200542 -0.00923021852366872 0.78539767388689 NaN
0.145 -0.285156333253211 -0.00947253443721455 0.785397673886889 NaN
0.146 -0.288899529268352 -0.0097191318014736 0.78539767388689 NaN
0.147 -0.29265619470427 -0.00997003666388466 0.78539767388689 NaN
0.148 -0.29642579148135 -0.0102252721247328 0.785397673886889 NaN
0.149 -0.300207763770912 -0.0104848615674971 0.78539767388689 NaN
0.15 -0.304001537456005 -0.0107488264612524 0.78539767388689 NaN
0.151 -0.307806518517709 -0.0110171850649941 0.785397673886891 NaN
0.152 -0.311622093493613 -0.011289958221435 0.78539767388689 NaN
0.153 -0.315447629054985 -0.0115671603355438 0.78539767388689 NaN
0.154 -0.319282472299476 -0.011848807754418 0.785397673886889 NaN
0.155 -0.323125950795272 -0.0121349136734025 0.785397673886889 NaN
0.156 -0.326977371499365 -0.0124254895909016 0.78539767388689 NaN
0.157 -0.330836018834031 -0.0127205460001446 0.785397673886889 NaN
0.158 -0.334701151003099 -0.0130200907866031 0.785397673886889 NaN
0.159 -0.338571996474255 -0.0133241292992501 0.78539767388689 NaN
0.16 -0.342447751562142 -0.0136326643691332 0.78539767388689 NaN
0.161 -0.346327578500718 -0.0139456969713949 0.78539767388689 NaN
0.162 -0.350210607454173 -0.0142632256971502 0.785397673886891 NaN
0.163 -0.354095938626867 -0.0145852461155174 0.78539767388689 NaN
0.164 -0.35798264358649 -0.0149117514130727 0.785397673886891 NaN
0.165 -0.361869766453337 -0.0152427319534161 0.78539767388689 NaN
0.166 -0.365756319795352 -0.015578175852907 0.78539767388689 NaN
0.167 -0.369641274967932 -0.0159180672212723 0.78539767388689 NaN
0.168 -0.37352355104275 -0.0162623876031645 0.785397673886891 NaN
0.169 -0.377402000160893 -0.0166111118394172 0.785397673886892 NaN
0.17 -0.381275396606765 -0.0169642125389594 0.78539767388689 NaN
0.171 -0.385142432164441 -0.0173216546370683 0.785397673886891 NaN
0.172 -0.389001718749436 -0.0176833996261597 0.785397673886891 NaN
0.173 -0.392851800802372 -0.0180494043339714 0.785397673886892 NaN
0.174 -0.396691168575084 -0.0184196172443071 0.78539767388689 NaN
0.175 -0.400518267970407 -0.0187939853767545 0.785397673886889 NaN
0.176 -0.404331492809052 -0.0191724513064784 0.785397673886891 NaN
0.177 -0.408129150885552 -0.019554947894015 0.78539767388689 NaN
0.178 -0.411909400127258 -0.0199414015879622 0.785397673886891 NaN
0.179 -0.415670158005007 -0.0203317239660006 0.785397673886889 NaN
0.18 -0.419408999516489 -0.0207258082210188 0.78539767388689 NaN
0.181 -0.423123069580044 -0.0211235260488683 0.78539767388689 NaN
0.182 -0.426809035719127 -0.0215247233761692 0.785397673886891 NaN
0.183 -0.430463111759815 -0.0219292197400087 0.78539767388689 NaN
0.184 -0.434081162699256 -0.0223368149694032 0.78539767388689 NaN
0.185 -0.437658894311859 -0.0227472921603279 0.785397673886891 NaN
0.186 -0.441192104867769 -0.023160433350202 0.78539767388689 NaN
0.187 -0.444676965912206 -0.0235760274636306 0.785397673886891 NaN
0.188 -0.4481102882164 -0.0239938888703021 0.785397673886891 NaN
0.189 -0.451489731046543 -0.0244138616402715 0.78539767388689 NaN
0.19 -0.454813922642005 -0.0248358320995702 0.78539767388689 NaN
0.191 -0.458082478662521 -0.025259728849143 0.785397673886889 NaN
0.192 -0.461295919092563 -0.0256855220335508 0.78539767388689 NaN
0.193 -0.464455506367701 -0.0261132181131566 0.78539767388689 NaN
0.194 -0.46756303477583 -0.0265428483770655 0.78539767388689 NaN
0.195 -0.470620604534852 -0.0269744620241857 0.78539767388689 NaN
0.196 -0.473630412621452 -0.0274081161024041 0.78539767388689 NaN
0.197 -0.476594583043451 -0.0278438662532985 0.785397673886891 NaN
0.198 -0.479515047652764 -0.0282817619689083 0.78539767388689 NaN
0.199 -0.482393479362018 -0.0287218423197976 0.785397673886891 NaN
0.2 -0.485231271979109 -0.029164134807798 0.78539767388689 NaN
0.201 -0.488029553459165 -0.0296086546373291 0.785397673886891 NaN
0.202 -0.490789221231484 -0.0300554080557312 0.78539767388689 NaN
0.203 -0.493510986056909 -0.030504391685333 0.785397673886889 NaN
0.204 -0.496195416120536 -0.0309555965171933 0.78539767388689 NaN
0.205 -0.498842976351082 -0.0314090076862956 0.785397673886891 NaN
0.206 -0.501454056770659 -0.0318646076622438 0.78539767388689 NaN
0.207 -0.504028994275941 -0.0323223758193148 0.78539767388689 NaN
0.208 -0.506568086205224 -0.032782290656518 0.785397673886889 NaN
0.209 -0.509071596790444 -0.033244328391837 0.785397673886889 NaN
0.21 -0.511539762407173 -0.0337084621490423 0.78539767388689 NaN
0.211 -0.513972792669649 -0.0341746658027433 0.785397673886891 NaN
0.212 -0.51637087213731 -0.0346429112778158 0.78539767388689 NaN
0.213 -0.518734161494339 -0.0351131675171462 0.785397673886891 NaN
0.214 -0.521062799272708 -0.0355854047628589 0.785397673886891 NaN
0.215 -0.523356903408272 -0.0360595886903694 0.785397673886891 NaN
0.216 -0.525616573711581 -0.0365356864955676 0.78539767388689 NaN
0.217 -0.527841893437509 -0.0370136631142803 0.785397673886891 NaN
0.218 -0.530032932067093 -0.0374934809869423 0.785397673886891 NaN
0.219 -0.532189746626155 -0.0379751044895046 0.78539767388689 NaN
0.22 -0.534312383717733 -0.038458494955934 0.78539767388689 NaN
0.221 -0.536400880712265 -0.0389436123280203 0.78539767388689 NaN
0.222 -0.538455266804021 -0.0394304175750352 0.785397673886891 NaN
0.223 -0.540475564558899 -0.0399188697335549 0.78539767388689 NaN
0.224 -0.542461789430768 -0.0404089271425723 0.785397673886892 NaN
0.225 -0.544413952373993 -0.0409005481397168 0.78539767388689 NaN
0.226 -0.546332059106809 -0.0413936885795054 0.785397673886891 NaN
0.227 -0.548216111276122 -0.0418883057410848 0.785397673886891 NaN
0.228 -0.550066107002982 -0.0423843552716386 0.78539767388689 NaN
0.229 -0.551882041527386 -0.0428817913681399 0.78539767388689 NaN
0.23 -0.553663907670365 -0.0433805693936817 0.78539767388689 NaN
0.231 -0.555411696590267 -0.0438806427760639 0.78539767388689 NaN
0.232 -0.557125397900753 -0.044381965289824 0.785397673886891 NaN
0.233 -0.558805000536257 -0.044884488936118 0.78539767388689 NaN
0.234 -0.560450492523203 -0.0453881673153895 0.785397673886891 NaN
0.235 -0.562061861954066 -0.0458929511692593 0.78539767388689 NaN
0.236 -0.563639097417335 -0.0463987932768875 0.78539767388689 NaN
0.237 -0.565182187531826 -0.0469056429923711 0.785397673886891 NaN
0.238 -0.566691122268997 -0.0474134516851926 0.785397673886889 NaN
0.239 -0.568165893047977 -0.0479221701772816 0.78539767388689 NaN
0.24 -0.569606492351859 -0.0484317481663103 0.785397673886889 NaN
0.241 -0.571012914731419 -0.0489421348561572 0.785397673886891 NaN
0.242 -0.572385156973593 -0.0494532796268725 0.785397673886891 NaN
0.243 -0.573723218281231 -0.0499651311161547 0.78539767388689 NaN
0.244 -0.575027100317627 -0.0504776393427968 0.785397673886892 NaN
0.245 -0.576296807378708 -0.0509907518844145 0.78539767388689 NaN
0.246 -0.577532347300899 -0.0515044174267388 0.785397673886891 NaN
0.247 -0.578733730999692 -0.0520185845990966 0.78539767388689 NaN
0.248 -0.579900973080078 -0.0525332004508159 0.78539767388689 NaN
0.249 -0.58103409207245 -0.0530482139799652 0.78539767388689 NaN
0.25 -0.582133110782535 -0.053563571433547 0.785397673886889 NaN
0.251 -0.583198056276471 -0.0540792220048724 0.78539767388689 NaN
0.252 -0.584228960233788 -0.0545951136879438 0.785397673886891 NaN
0.253 -0.585225859557873 -0.0551111925090895 0.785397673886889 NaN
0.254 -0.586188795952945 -0.0556274076959399 0.78539767388689 NaN
0.255 -0.587117815832031 -0.0561437074311649 0.78539767388689 NaN
0.256 -0.588012971977287 -0.0566600387472637 0.785397673886889 NaN
0.257 -0.588874321566408 -0.0571763497006186 0.78539767388689 NaN
0.258 -0.589701928405041 -0.0576925888890922 0.78539767388689 NaN
0.259 -0.590495861352425 -0.058208704847255 0.785397673886889 NaN
0.26 -0.591256195770621 -0.0587246450695469 0.78539767388689 NaN
0.261 -0.591983013294117 -0.0592403593110327 0.78539767388689 NaN
0.262 -0.592676401558308 -0.0597557971984075 0.78539767388689 NaN
0.263 -0.593336455572688 -0.0602709063042531 0.78539767388689 NaN
0.264 -0.593963276831438 -0.0607856376311738 0.78539767388689 NaN
0.265 -0.594556974331676 -0.0612999411616165 0.78539767388689 NaN
0.266 -0.595117664063553 -0.0618137669270287 0.78539767388689 NaN
0.267 -0.595645469926345 -0.0623270665330438 0.785397673886891 NaN
0.268 -0.596140523134517 -0.0628397922810103 0.78539767388689 NaN
0.269 -0.596602962930975 -0.0633518948524452 0.785397673886891 NaN
0.27 -0.597032936627873 -0.0638633270867717 0.785397673886892 NaN
0.271 -0.597430599067669 -0.0643740434649655 0.785397673886891 NaN
0.272 -0.597796114159187 -0.0648839960522437 0.78539767388689 NaN
0.273 -0.59812965342826 -0.0653931412855953 0.785397673886889 NaN
0.274 -0.5984313975565 -0.065901433729965 0.78539767388689 NaN
0.275 -0.598701535414176 -0.0664088297784256 0.78539767388689 NaN
0.276 -0.5989402655786 -0.0669152862237568 0.78539767388689 NaN
0.277 -0.599147795153673 -0.0674207604354758 0.78539767388689 NaN
0.278 -0.599324341342203 -0.067925212714692 0.785397673886889 NaN
0.279 -0.599470130281753 -0.0684286020333915 0.78539767388689 NaN
0.28 -0.599585398307287 -0.0689308898122855 0.78539767388689 NaN
0.281 -0.599670391975914 -0.0694320367480798 0.785397673886891 NaN
0.282 -0.599725367514762 -0.0699320072777484 0.78539767388689 NaN
0.283 -0.599750591539079 -0.0704307654160121 0.78539767388689 NaN
0.284 -0.599746341494657 -0.0709282767028059 0.785397673886892 NaN
0.285 -0.599712904850039 -0.0714245086304525 0.785397673886891 NaN
0.286 -0.599650579978713 -0.0719194286934854 0.78539767388689 NaN
0.287 -0.599559676185357 -0.0724130062312057 0.78539767388689 NaN
0.288 -0.599440513849973 -0.0729052136933395 0.785397673886891 NaN
0.289 -0.599293424214009 -0.0733960220562188 0.78539767388689 NaN
0.29 -0.599118750398395 -0.0738854074468474 0.785397673886891 NaN
0.291 -0.598916847086449 -0.0743733444274342 0.785397673886891 NaN
0.292 -0.598688080500673 -0.0748598119439728 0.78539767388689 NaN
0.293 -0.598432829428713 -0.0753447875862797 0.785397673886891 NaN
0.294 -0.598151484572292 -0.0758282548827646 0.785397673886891 NaN
0.295 -0.597844449255262 -0.0763101958309219 0.785397673886891 NaN
0.296 -0.59751213936018 -0.0767905961185447 0.78539767388689 NaN
0.297 -0.597154983638798 -0.0772694430344984 0.785397673886891 NaN
0.298 -0.596773423648806 -0.0777467264600098 0.785397673886889 NaN
0.299 -0.596367914282606 -0.0782224380195632 0.78539767388689 NaN
0.3 -0.595938923213572 -0.0786965715744586 0.78539767388689 NaN
0.301 -0.595486931979648 -0.0791691238143267 0.785397673886891 NaN
0.302 -0.595012435247682 -0.0796400941450884 0.78539767388689 NaN
0.303 -0.59451594174583 -0.0801094826526408 0.785397673886891 NaN
0.304 -0.593997973836726 -0.0805772949331141 0.78539767388689 NaN
0.305 -0.593459068221353 -0.081043536395882 0.78539767388689 NaN
0.306 -0.592899775867634 -0.081508217456488 0.78539767388689 NaN
0.307 -0.592320662391007 -0.0819713501789955 0.785397673886889 NaN
0.308 -0.591722307953257 -0.0824329507579508 0.785397673886891 NaN
0.309 -0.591105307770037 -0.0828930360667157 0.78539767388689 NaN
0.31 -0.590470272382086 -0.083351628795853 0.78539767388689 NaN
0.311 -0.589817827637194 -0.0838087541968374 0.78539767388689 NaN
0.312 -0.589148614987548 -0.0842644394785703 0.78539767388689 NaN
0.313 -0.588463291313369 -0.0847187166521321 0.78539767388689 NaN
0.314 -0.587762529536292 -0.0851716218283073 0.78539767388689 NaN
0.315 -0.587047018471913 -0.0856231923252939 0.785397673886889 NaN
0.316 -0.586317463440068 -0.0860734725031375 0.78539767388689 NaN
0.317 -0.585574585715585 -0.0865225072466176 0.78539767388689 NaN
0.318 -0.58481912306556 -0.0869703473218814 0.78539767388689 NaN
0.319 -0.584051829833619 -0.0874170475517105 0.78539767388689 NaN
0.32 -0.583273477632579 -0.0878626665228821 0.785397673886891 NaN
0.321 -0.58248485509357 -0.0883072668366932 0.785397673886891 NaN
0.322 -0.58168676797604 -0.0887509159600683 0.78539767388689 NaN
0.323 -0.580880039584056 -0.089193686240009 0.78539767388689 NaN
0.324 -0.580065511290839 -0.0896356535578694 0.785397673886891 NaN
0.325 -0.579244042010125 -0.0900769000144041 0.785397673886889 NaN
0.326 -0.578416508723951 -0.0905175105330996 0.78539767388689 NaN
0.327 -0.577583806951465 -0.0909575769331714 0.78539767388689 NaN
0.328 -0.576746850632044 -0.0913971957637277 0.78539767388689 NaN
0.329 -0.575906572797107 -0.0918364686779286 0.78539767388689 NaN
0.33 -0.575063924844166 -0.0922755025310611 0.78539767388689 NaN
0.331 -0.574219877863592 -0.0927144105242484 0.78539767388689 NaN
0.332 -0.573375421791361 -0.0931533105918119 0.78539767388689 NaN
0.333 -0.572531566225285 -0.0935923273421657 0.78539767388689 NaN
0.334 -0.571689339803913 -0.0940315903254492 0.78539767388689 NaN
0.335 -0.57084979057333 -0.0944712360854605 0.785397673886891 NaN
0.336 -0.570013986820863 -0.0949114069869301 0.78539767388689 NaN
0.337 -0.569183016109784 -0.0953522525506126 0.785397673886891 NaN
0.338 -0.568357986911418 -0.0957939275163795 0.78539767388689 NaN
0.339 -0.567540028465882 -0.0962365946102263 0.785397673886889 NaN
0.34 -0.566730291132204 -0.0966804226802557 0.785397673886891 NaN
0.341 -0.565929946716365 -0.0971255881726211 0.78539767388689 NaN
0.342 -0.565140188610016 -0.0975722740513694 0.785397673886891 NaN
0.343 -0.564362231278981 -0.098020672599621 0.785397673886891 NaN
0.344 -0.563597310439323 -0.098470982173488 0.78539767388689 NaN
0.345 -0.562846682163918 -0.0989234080331978 0.78539767388689 NaN
0.346 -0.562111623675267 -0.0993781647237261 0.785397673886889 NaN
0.347 -0.561393432973356 -0.0998354727866263 0.78539767388689 NaN
0.348 -0.560693430487969 -0.100295563510175 0.785397673886891 NaN
0.349 -0.560012959533849 -0.100758674973415 0.78539767388689 NaN
0.35 -0.559353388191547 -0.101225054705623 0.785397673886892 NaN
0.351 -0.558716109828888 -0.10169495918458 0.785397673886891 NaN
0.352 -0.558102544168027 -0.102168654741167 0.78539767388689 NaN
0.353 -0.55751413554604 -0.102646417644111 0.78539767388689 NaN
0.354 -0.556952352260746 -0.103128531946709 0.785397673886891 NaN
0.355 -0.556418683473543 -0.103615294046498 0.785397673886892 NaN
0.356 -0.555914637015558 -0.104107005841637 0.785397673886891 NaN
0.357 -0.555441736966292 -0.104603980822997 0.785397673886891 NaN
0.358 -0.55500152301964 -0.105106539907154 0.785397673886891 NaN
0.359 -0.55459555200892 -0.105615013357666 0.785397673886888 NaN
0.36 -0.554225401626544 -0.106129741495942 0.78539767388689 NaN
0.361 -0.553892673869997 -0.106651075763518 0.785397673886889 NaN
0.362 -0.553598999645513 -0.107179377254033 0.785397673886891 NaN
0.363 -0.553346038259391 -0.107715021461027 0.78539767388689 NaN
0.364 -0.55313547046676 -0.108258393949261 0.78539767388689 NaN
0.365 -0.552968979359631 -0.108809888463281 0.785397673886891 NaN
0.366 -0.552848218263514 -0.109369901502659 0.785397673886891 NaN
0.367 -0.552774762155213 -0.109938823041334 0.78539767388689 NaN
0.368 -0.552750043089667 -0.110517028310944 0.78539767388689 NaN
0.369 -0.552775274212271 -0.11110485965457 0.78539767388689 NaN
0.37 -0.552851366127756 -0.111702614213896 0.78539767388689 NaN
0.371 -0.552978845890257 -0.112310525553452 0.785397673886891 NaN
0.372 -0.553157785959645 -0.112928751588635 0.78539767388689 NaN
0.373 -0.553387754542956 -0.113557361923771 0.785397673886891 NaN
0.374 -0.553667793891628 -0.114196329979361 0.785397673886891 NaN
0.375 -0.553996432917725 -0.114845535099452 0.78539767388689 NaN
0.376 -0.554371734788014 -0.115504766647455 0.78539767388689 NaN
0.377 -0.554791377778795 -0.11617373694168 0.78539767388689 NaN
0.378 -0.555252762229538 -0.116852095959287 0.78539767388689 NaN
0.379 -0.555753134306724 -0.117539457968717 0.78539767388689 NaN
0.38 -0.556289714144393 -0.118235417486893 0.78539767388689 NaN
0.381 -0.556859818468586 -0.118939577415424 0.785397673886891 NaN
0.382 -0.557460966098885 -0.119651565718948 0.78539767388689 NaN
0.383 -0.55809095964645 -0.120371052999433 0.785397673886891 NaN
0.384 -0.55874793729347 -0.121097765845685 0.78539767388689 NaN
0.385 -0.559430396587383 -0.121831489168721 0.78539767388689 NaN
0.386 -0.560137190743746 -0.122572069927602 0.785397673886889 NaN
0.387 -0.560867502590615 -0.123319415110056 0.78539767388689 NaN
0.388 -0.561620803586812 -0.124073484095707 0.78539767388689 NaN
0.389 -0.5623968029426 -0.12483427985275 0.785397673886892 NaN
0.39 -0.563195394927465 -0.125601840135129 0.785397673886891 NaN
0.391 -0.564016608985691 -0.126376232435018 0.785397673886891 NaN
0.392 -0.564860565200559 -0.127157540010309 0.78539767388689 NaN
0.393 -0.565727439112514 -0.127945860179513 0.78539767388689 NaN
0.394 -0.566617434511012 -0.128741294735853 0.785397673886891 NaN
0.395 -0.567530765279323 -0.129543950852093 0.78539767388689 NaN
0.396 -0.56846764390143 -0.130353935637217 0.785397673886889 NaN
0.397 -0.569428275497355 -0.131171357650243 0.78539767388689 NaN
0.398 -0.57041285512681 -0.131996321770943 0.78539767388689 NaN
0.399 -0.57142156793059 -0.132828933855109 0.78539767388689 NaN
0.4 -0.572454590112314 -0.133669298673054 0.785397673886891 NaN
0.401 -0.57351208996636 -0.134517520090839 0.78539767388689 NaN
0.402 -0.574594228664577 -0.135373700702914 0.78539767388689 NaN
0.403 -0.575701161466535 -0.136237944366977 0.78539767388689 NaN
0.404 -0.576833036883498 -0.137110352649591 0.785397673886891 NaN
0.405 -0.577989997358215 -0.137991028478377 0.785397673886891 NaN
0.406 -0.57917217788768 -0.138880072930535 0.78539767388689 NaN
0.407 -0.580379706929328 -0.1397775871083 0.78539767388689 NaN
0.408 -0.581612704034248 -0.140683671587072 0.785397673886891 NaN
0.409 -0.582871280846961 -0.141598423944272 0.785397673886891 NaN
0.41 -0.584155540310917 -0.142521943084459 0.78539767388689 NaN
0.411 -0.585465576021538 -0.143454325092625 0.78539767388689 NaN
0.412 -0.586801472536946 -0.144395664953786 0.785397673886891 NaN
0.413 -0.58816330498643 -0.145346057337598 0.785397673886891 NaN
0.414 -0.589551138958502 -0.146305594260479 0.785397673886889 NaN
0.415 -0.590965030387408 -0.147274367227103 0.78539767388689 NaN
0.416 -0.592405025635321 -0.148252464481039 0.78539767388689 NaN
0.417 -0.59387116104719 -0.149239974035442 0.78539767388689 NaN
0.418 -0.595363463143254 -0.150236981981966 0.78539767388689 NaN
0.419 -0.596881948610062 -0.151243572169086 0.78539767388689 NaN
0.42 -0.598426623381358 -0.152259825994019 0.78539767388689 NaN
0.421 -0.599997483629191 -0.153285823941954 0.785397673886892 NaN
0.422 -0.601594514835136 -0.154321644414513 0.78539767388689 NaN
0.423 -0.603217691639032 -0.155367362507804 0.78539767388689 NaN
0.424 -0.604866978582297 -0.156423051068589 0.78539767388689 NaN
0.425 -0.606542328434155 -0.157488782532504 0.785397673886891 NaN
0.426 -0.608243683923197 -0.158564624659168 0.785397673886891 NaN
0.427 -0.609970975944887 -0.159650643342485 0.785397673886891 NaN
0.428 -0.611724124334984 -0.16074690207619 0.785397673886891 NaN
0.429 -0.613503037565419 -0.161853461688732 0.78539767388689 NaN
0.43 -0.615307612204708 -0.162970379231405 0.785397673886889 NaN
0.431 -0.617137733512649 -0.164097710298459 0.785397673886891 NaN
0.432 -0.618993274408793 -0.165235506717015 0.78539767388689 NaN
0.433 -0.620874096022592 -0.166383816428017 0.78539767388689 NaN
0.434 -0.622780046894329 -0.167542684887233 0.785397673886889 NaN
0.435 -0.624710963626993 -0.168712153837962 0.785397673886891 NaN
0.436 -0.62666667007788 -0.169892262661001 0.785397673886891 NaN
0.437 -0.628646977587896 -0.171083045749289 0.78539767388689 NaN
0.438 -0.630651684521227 -0.17228453447673 0.785397673886891 NaN
0.439 -0.632680576817848 -0.173496756105748 0.785397673886891 NaN
0.44 -0.634733427159129 -0.174719733726912 0.78539767388689 NaN
0.441 -0.636809995461347 -0.175953488274495 0.785397673886891 NaN
0.442 -0.638910028208266 -0.177198035145647 0.78539767388689 NaN
0.443 -0.641033258895943 -0.178453384298246 0.78539767388689 NaN
0.444 -0.643179407277291 -0.179719544867316 0.78539767388689 NaN
0.445 -0.645348180051838 -0.18099651874665 0.785397673886889 NaN
0.446 -0.647539269671369 -0.182284304132384 0.78539767388689 NaN
0.447 -0.649752355401558 -0.18358289530147 0.78539767388689 NaN
0.448 -0.651987101932509 -0.184892280172066 0.78539767388689 NaN
0.449 -0.654243160520527 -0.186212444844933 0.785397673886891 NaN
0.45 -0.656520167930057 -0.187543367336924 0.785397673886889 NaN
0.451 -0.658817746833552 -0.188885021684499 0.78539767388689 NaN
0.452 -0.661135505444861 -0.190237377652508 0.78539767388689 NaN
0.453 -0.663473037913132 -0.19160039945472 0.78539767388689 NaN
0.454 -0.665829923895081 -0.192974045584896 0.785397673886891 NaN
0.455 -0.668205728330002 -0.194358268786789 0.78539767388689 NaN
0.456 -0.670600001952299 -0.195753017854722 0.785397673886891 NaN
0.457 -0.673012280727549 -0.197158234030703 0.78539767388689 NaN
0.458 -0.675442085818597 -0.198573854773867 0.78539767388689 NaN
0.459 -0.677888923914275 -0.199999810247939 0.785397673886891 NaN
0.46 -0.680352286726353 -0.201436025126884 0.785397673886889 NaN
0.461 -0.682831651023136 -0.202882418635606 0.785397673886891 NaN
0.462 -0.685326478727643 -0.204338903584235 0.78539767388689 NaN
0.463 -0.687836216757313 -0.205805386787811 0.785397673886891 NaN
0.464 -0.690360296937999 -0.207281768300278 0.78539767388689 NaN
0.465 -0.692898136250983 -0.208767942979813 0.785397673886891 NaN
0.466 -0.695449136292307 -0.210263797798617 0.78539767388689 NaN
0.467 -0.69801268387789 -0.211769213671427 0.78539767388689 NaN
0.468 -0.700588150846073 -0.213284065806604 0.785397673886889 NaN
0.469 -0.703174894116417 -0.21480822228358 0.785397673886891 NaN
0.47 -0.705772255313367 -0.216341543759724 0.78539767388689 NaN
0.471 -0.708379561447035 -0.217883886091719 0.78539767388689 NaN
0.472 -0.710996124511728 -0.219435095738668 0.785397673886891 NaN
0.473 -0.713621241630164 -0.220995014427676 0.785397673886891 NaN
0.474 -0.716254195117163 -0.222563475538288 0.78539767388689 NaN
0.475 -0.718894252485306 -0.22414030620488 0.78539767388689 NaN
0.476 -0.721540666251453 -0.225725325148658 0.78539767388689 NaN
0.477 -0.724192674807543 -0.227318347483087 0.785397673886891 NaN
0.478 -0.726849501286069 -0.228919176415646 0.785397673886889 NaN
0.479 -0.729510354800129 -0.230527611483032 0.785397673886891 NaN
0.48 -0.732174429951969 -0.232143443826336 0.785397673886891 NaN
0.481 -0.734840906924041 -0.233766457000323 0.785397673886891 NaN
0.482 -0.737508952322877 -0.235396427227442 0.785397673886891 NaN
0.483 -0.740177718385083 -0.237033124571714 0.78539767388689 NaN
0.484 -0.742846343860174 -0.238676311264622 0.78539767388689 NaN
0.485 -0.745513953965583 -0.240325740419677 0.78539767388689 NaN
0.486 -0.748179660520497 -0.241981162047441 0.785397673886891 NaN
0.487 -0.750842562327947 -0.243642314690884 0.78539767388689 NaN
0.488 -0.753501745036498 -0.245308931784287 0.78539767388689 NaN
0.489 -0.756156281728205 -0.24698073848773 0.785397673886891 NaN
0.49 -0.75880523303791 -0.248657453428076 0.785397673886891 NaN
0.491 -0.761447647369524 -0.250338788493002 0.78539767388689 NaN
0.492 -0.764082561045258 -0.252024447473483 0.78539767388689 NaN
0.493 -0.76670899890115 -0.253714126140828 0.785397673886889 NaN
0.494 -0.769325974322109 -0.255407516521138 0.78539767388689 NaN
0.495 -0.771932489814587 -0.257104299406861 0.78539767388689 NaN
0.496 -0.774527537376661 -0.258804151729984 0.78539767388689 NaN
0.497 -0.777110098678706 -0.260506742621796 0.785397673886889 NaN
0.498 -0.779679145765994 -0.262211734800289 0.785397673886891 NaN
0.499 -0.782233641307534 -0.263918784774287 0.78539767388689 NaN
0.5 -0.784772539246796 -0.265627540057518 0.78539767388689 NaN
0.501 -0.787294785236037 -0.267337644711816 0.78539767388689 NaN
0.502 -0.789799316940463 -0.269048736346306 0.78539767388689 NaN
0.503 -0.792285064836535 -0.270760444070885 0.78539767388689 NaN
0.504 -0.794750952718502 -0.272472394162645 0.78539767388689 NaN
0.505 -0.797195898149516 -0.274184205639683 0.78539767388689 NaN
0.506 -0.799618813191554 -0.27589549062356 0.785397673886891 NaN
0.507 -0.802018604693014 -0.277605859227376 0.78539767388689 NaN
0.508 -0.804394175635467 -0.27931491311714 0.78539767388689 NaN
0.509 -0.806744425245725 -0.281022251205917 0.78539767388689 NaN
0.51 -0.809068249942082 -0.282727466858698 0.785397673886889 NaN
0.511 -0.81136454434993 -0.284430148765016 0.78539767388689 NaN
0.512 -0.813632201757897 -0.286129883436095 0.78539767388689 NaN
0.513 -0.815870115545619 -0.287826250667281 0.785397673886889 NaN
0.514 -0.818077179845836 -0.289518828006151 0.785397673886889 NaN
0.515 -0.820252290498814 -0.291207191510661 0.78539767388689 NaN
0.516 -0.822394346498793 -0.292890911673506 0.78539767388689 NaN
0.517 -0.82450225052261 -0.294569559419784 0.785397673886889 NaN
0.518 -0.826574910260957 -0.296242701135232 0.78539767388689 NaN
0.519 -0.828611239810667 -0.297909903463187 0.78539767388689 NaN
0.52 -0.830610160757939 -0.299570730956273 0.78539767388689 NaN
0.521 -0.832570603410573 -0.301224748988394 0.785397673886891 NaN
0.522 -0.834491508482113 -0.302871520310175 0.785397673886891 NaN
0.523 -0.83637182853022 -0.304510611855075 0.78539767388689 NaN
0.524 -0.838210529764565 -0.306141587626977 0.785397673886891 NaN
0.525 -0.840006593670439 -0.307764015423764 0.785397673886889 NaN
0.526 -0.841759018521678 -0.309377465930583 0.785397673886891 NaN
0.527 -0.843466821816112 -0.310981512684299 0.78539767388689 NaN
0.528 -0.845129041673721 -0.312575730729109 0.78539767388689 NaN
0.529 -0.846744739077784 -0.314159703516481 0.78539767388689 NaN
0.53 -0.848313000076272 -0.315733016723193 0.78539767388689 NaN
0.531 -0.849832938157666 -0.317295263634492 0.78539767388689 NaN
0.532 -0.851303697009546 -0.318846044496457 0.78539767388689 NaN
0.533 -0.852724453664167 -0.320384967825012 0.785397673886889 NaN
0.534 -0.854094422243141 -0.321911651893309 0.78539767388689 NaN
0.535 -0.855412857796108 -0.323425726492982 0.785397673886891 NaN
0.536 -0.856679060535389 -0.324926834312855 0.785397673886891 NaN
0.537 -0.857892380357641 -0.326414631396748 0.78539767388689 NaN
0.538 -0.859052221287985 -0.327888790102683 0.78539767388689 NaN
0.539 -0.860158046519137 -0.329349000707878 0.78539767388689 NaN
0.54 -0.861209383072146 -0.330794972743975 0.785397673886891 NaN
0.541 -0.862205827598003 -0.332226437277374 0.78539767388689 NaN
0.542 -0.863147052466646 -0.333643149532758 0.78539767388689 NaN
0.543 -0.864032813398474 -0.335044891025437 0.785397673886891 NaN
0.544 -0.864862959226857 -0.336431473548479 0.78539767388689 NaN
0.545 -0.86563744386614 -0.337802742178424 0.785397673886889 NaN
0.546 -0.866356340732809 -0.339158582569315 0.78539767388689 NaN
0.547 -0.867019859836014 -0.340498923947914 0.785397673886891 NaN
0.548 -0.867628367744409 -0.341823749936383 0.785397673886889 NaN
0.549 -0.868182407160624 -0.343133102282977 0.785397673886891 NaN
0.55 -0.868682718081186 -0.344427087729826 0.785397673886889 NaN
0.551 -0.869130254867843 -0.34570588711916 0.78539767388689 NaN
0.552 -0.869526200434 -0.346969756986808 0.785397673886891 NaN
0.553 -0.869871972140646 -0.348219036561977 0.78539767388689 NaN
0.554 -0.870169219640586 -0.349454142999602 0.78539767388689 NaN
0.555 -0.870419811102289 -0.350675569239253 0.78539767388689 NaN
0.556 -0.870625808619001 -0.351883878079861 0.785397673886891 NaN
0.557 -0.870789430558687 -0.353079686235637 0.785397673886889 NaN
0.558 -0.870913003736437 -0.3542636535179 0.785397673886889 NaN
0.559 -0.870998905650614 -0.355436458774789 0.78539767388689 NaN
0.56 -0.871049501438584 -0.356598784282813 0.785397673886889 NaN
0.561 -0.87106707729579 -0.357751289596538 0.78539767388689 NaN
0.562 -0.871053775987631 -0.358894592460176 0.78539767388689 NaN
0.563 -0.871011537588708 -0.360029246047866 0.78539767388689 NaN
0.564 -0.870942049591315 -0.361155725572926 0.78539767388689 NaN
0.565 -0.870846708624271 -0.36227441030818 0.785397673886891 NaN
0.566 -0.870726597768724 -0.363385580198061 0.785397673886891 NaN
0.567 -0.87058247775108 -0.364489406652173 0.78539767388689 NaN
0.568 -0.870414793958461 -0.365585959135831 0.785397673886891 NaN
0.569 -0.870223696819586 -0.366675208567374 0.785397673886891 NaN
0.57 -0.870009073659517 -0.367757036927004 0.78539767388689 NaN
0.571 -0.869770588372197 -0.368831252006906 0.785397673886889 NaN
0.572 -0.869507726459698 -0.369897600742811 0.78539767388689 NaN
0.573 -0.869219841661456 -0.370955785331129 0.78539767388689 NaN
0.574 -0.868906201652463 -0.37200547750137 0.78539767388689 NaN
0.575 -0.868566029016668 -0.373046331676134 0.78539767388689 NaN
0.576 -0.868198537924442 -0.374078000350383 0.78539767388689 NaN
0.577 -0.867802962372044 -0.375100141117652 0.785397673886891 NaN
0.578 -0.867378579590711 -0.376112424505269 0.78539767388689 NaN
0.579 -0.866924724091123 -0.37711454202316 0.78539767388689 NaN
0.58 -0.866440797833368 -0.378106204916182 0.785397673886889 NaN
0.581 -0.865926273761924 -0.379087149347397 0.785397673886891 NaN
0.582 -0.865380696049545 -0.380057135695552 0.78539767388689 NaN
0.583 -0.864803677371292 -0.381015947110233 0.78539767388689 NaN
0.584 -0.864194894239574 -0.381963387841257 0.785397673886891 NaN
0.585 -0.863554082473071 -0.38289928371144 0.78539767388689 NaN
0.586 -0.86288103053999 -0.383823476271938 0.785397673886889 NaN
0.587 -0.862175575594511 -0.384735826392193 0.78539767388689 NaN
0.588 -0.861437597683198 -0.385636208918835 0.78539767388689 NaN
0.589 -0.860667016440188 -0.386524510607202 0.78539767388689 NaN
0.59 -0.859863787461589 -0.387400633486179 0.785397673886889 NaN
0.591 -0.859027899668978 -0.388264489789573 0.78539767388689 NaN
0.592 -0.858159372996954 -0.389116004193125 0.785397673886889 NaN
0.593 -0.857258256404844 -0.389955111165893 0.785397673886891 NaN
0.594 -0.856324626238365 -0.390781755611166 0.78539767388689 NaN
0.595 -0.855358585639329 -0.39159589193148 0.785397673886891 NaN
0.596 -0.854360262373775 -0.392397484222846 0.785397673886889 NaN
0.597 -0.853329808540601 -0.393186507067421 0.785397673886891 NaN
0.598 -0.852267399667744 -0.393962942770434 0.78539767388689 NaN
0.599 -0.851173233516864 -0.394726782562718 0.785397673886889 NaN
0.6 -0.850047529834059 -0.395478027912894 0.78539767388689 NaN
0.601 -0.848890529790617 -0.396216687373446 0.785397673886889 NaN
0.602 -0.847702494999858 -0.396942778987885 0.78539767388689 NaN
0.603 -0.846483707306287 -0.397656329018854 0.785397673886889 NaN
0.604 -0.845234468815172 -0.3983573712939 0.78539767388689 NaN
0.605 -0.843955101016205 -0.399045950526175 0.78539767388689 NaN
0.606 -0.842645944518877 -0.399722116237287 0.78539767388689 NaN
0.607 -0.841307359079574 -0.40038592864223 0.785397673886889 NaN
0.608 -0.839939723548913 -0.401037455816056 0.785397673886889 NaN
0.609 -0.83854343456278 -0.401676773012733 0.78539767388689 NaN
0.61 -0.837118908003326 -0.40230396598248 0.78539767388689 NaN
0.611 -0.835666577595794 -0.402919127296182 0.78539767388689 NaN
0.612 -0.83418689494843 -0.403522356686022 0.78539767388689 NaN
0.613 -0.832680330075919 -0.404113764458822 0.78539767388689 NaN
0.614 -0.83114737039007 -0.404693468344857 0.78539767388689 NaN
0.615 -0.829588521050424 -0.405261594037671 0.78539767388689 NaN
0.616 -0.828004304774792 -0.405818276121586 0.78539767388689 NaN
0.617 -0.826395261660662 -0.406363657141941 0.78539767388689 NaN
0.618 -0.824761948716817 -0.406897888745657 0.78539767388689 NaN
0.619 -0.823104940228517 -0.407421130042443 0.78539767388689 NaN
0.62 -0.821424827342705 -0.407933548755181 0.78539767388689 NaN
0.621 -0.819722217876484 -0.408435322413689 0.785397673886891 NaN
0.622 -0.81799773599954 -0.408926633871746 0.78539767388689 NaN
0.623 -0.816252022564684 -0.409407678037002 0.78539767388689 NaN
0.624 -0.814485734354129 -0.409878656078128 0.785397673886889 NaN
0.625 -0.812699544489982 -0.410339776949009 0.78539767388689 NaN
0.626 -0.810894141811892 -0.410791260626777 0.785397673886889 NaN
0.627 -0.809070230944091 -0.411233333219111 0.785397673886889 NaN
0.628 -0.807228532137248 -0.411666230752489 0.785397673886891 NaN
0.629 -0.805369780607825 -0.412090196359898 0.78539767388689 NaN
0.63 -0.803494727347531 -0.412505482471362 0.78539767388689 NaN
0.631 -0.801604137765576 -0.412912350423916 0.78539767388689 NaN
0.632 -0.79969879244587 -0.413311069041342 0.785397673886889 NaN
0.633 -0.797779485848232 -0.413701915554441 0.785397673886891 NaN
0.634 -0.795847027135193 -0.414085175243698 0.78539767388689 NaN
0.635 -0.793902239454122 -0.414461143620801 0.785397673886891 NaN
0.636 -0.791945959176338 -0.414830122451137 0.78539767388689 NaN
0.637 -0.78997903653397 -0.415192422188631 0.78539767388689 NaN
0.638 -0.78800233470827 -0.415548362756478 0.78539767388689 NaN
0.639 -0.786016729750335 -0.415898269517037 0.78539767388689 NaN
0.64 -0.78402310997804 -0.416242478752375 0.78539767388689 NaN
0.641 -0.782022376178689 -0.416581333750678 0.78539767388689 NaN
0.642 -0.780015441096348 -0.416915185678724 0.78539767388689 NaN
0.643 -0.778003228454205 -0.417244393274679 0.78539767388689 NaN
0.644 -0.775986673691058 -0.417569323364424 0.78539767388689 NaN
0.645 -0.773966722601979 -0.41789035072449 0.78539767388689 NaN
0.646 -0.771944331410408 -0.418207857434305 0.78539767388689 NaN
0.647 -0.769920466477187 -0.418522233481017 0.78539767388689 NaN
0.648 -0.767896103202994 -0.418833876127089 0.78539767388689 NaN
0.649 -0.765872226467025 -0.419143190795824 0.785397673886889 NaN
0.65 -0.763849829384389 -0.419450587495659 0.785397673886891 NaN
0.651 -0.761829913338609 -0.419756485417158 0.78539767388689 NaN
0.652 -0.759813487256935 -0.420061311166929 0.785397673886889 NaN
0.653 -0.757801566985704 -0.42036549684556 0.78539767388689 NaN
0.654 -0.755795175133824 -0.420669480995618 0.78539767388689 NaN
0.655 -0.753795340148638 -0.420973709755155 0.78539767388689 NaN
0.656 -0.751803095884975 -0.421278633532444 0.78539767388689 NaN
0.657 -0.749819481195423 -0.421584711662043 0.78539767388689 NaN
0.658 -0.747845539239825 -0.42189240710371 0.78539767388689 NaN
0.659 -0.745882316229139 -0.4222021889212 0.785397673886889 NaN
0.66 -0.743930861883245 -0.422514531855109 0.785397673886889 NaN
0.661 -0.741992228173876 -0.422829915955844 0.78539767388689 NaN
0.662 -0.740067468197767 -0.423148825820667 0.78539767388689 NaN
0.663 -0.738157636248837 -0.423471750755343 0.78539767388689 NaN
0.664 -0.736263786783854 -0.423799184518602 0.78539767388689 NaN
0.665 -0.734386973393483 -0.424131625043832 0.785397673886891 NaN
0.666 -0.732528248428706 -0.424469574528268 0.78539767388689 NaN
0.667 -0.730688661960859 -0.424813537632858 0.78539767388689 NaN
0.668 -0.728869261087468 -0.425164022331163 0.785397673886891 NaN
0.669 -0.72707108895739 -0.425521540678026 0.785397673886891 NaN
0.67 -0.725295184244128 -0.425886604664567 0.78539767388689 NaN
0.671 -0.723542579707056 -0.426259731724444 0.78539767388689 NaN
0.672 -0.721814301881855 -0.426641437375562 0.78539767388689 NaN
0.673 -0.720111369638994 -0.427032241613194 0.78539767388689 NaN
0.674 -0.718434793695691 -0.427432662881351 0.78539767388689 NaN
0.675 -0.716785575148188 -0.427843221198856 0.78539767388689 NaN
0.676 -0.715164704751288 -0.428264436108938 0.78539767388689 NaN
0.677 -0.713573161788122 -0.428696827266146 0.78539767388689 NaN
0.678 -0.712011912962109 -0.429140911655576 0.785397673886889 NaN
0.679 -0.710481911449321 -0.429597205641449 0.78539767388689 NaN
0.68 -0.70898409534163 -0.430066224233308 0.78539767388689 NaN
0.681 -0.707519387390609 -0.430548477934266 0.785397673886891 NaN
0.682 -0.706088692859833 -0.431044475782676 0.78539767388689 NaN
0.683 -0.704692898913344 -0.431554721456769 0.785397673886889 NaN
0.684 -0.703332873129453 -0.432079714352685 0.78539767388689 NaN
0.685 -0.70200946251192 -0.43261994872374 0.78539767388689 NaN
0.686 -0.700723492135897 -0.433175913450808 0.78539767388689 NaN
0.687 -0.699475763672182 -0.433748090254596 0.785397673886891 NaN
0.688 -0.698267054022005 -0.434336953168373 0.78539767388689 NaN
0.689 -0.697098114504333 -0.434942969103155 0.785397673886891 NaN
0.69 -0.695969668644605 -0.435566595727279 0.785397673886889 NaN
0.691 -0.694882411311055 -0.436208280664579 0.785397673886891 NaN
0.692 -0.693837006795496 -0.436868460267838 0.785397673886891 NaN
0.693 -0.692834087934437 -0.437547561659026 0.78539767388689 NaN
0.694 -0.691874253918775 -0.438245997390088 0.785397673886891 NaN
0.695 -0.69095806908656 -0.438964167947221 0.78539767388689 NaN
0.696 -0.690086061245993 -0.439702458374838 0.785397673886891 NaN
0.697 -0.689258720036595 -0.440461241014878 0.78539767388689 NaN
0.698 -0.688476495205009 -0.441240868541098 0.785397673886889 NaN
0.699 -0.68773979526791 -0.442041678937984 0.78539767388689 NaN
0.7 -0.687048985076946 -0.442863991427614 0.78539767388689 NaN
0.701 -0.686404384424962 -0.443708103605016 0.78539767388689 NaN
0.702 -0.685806266755578 -0.444574295096932 0.78539767388689 NaN
0.703 -0.685254856175831 -0.44546282223874 0.78539767388689 NaN
0.704 -0.684750326682011 -0.446373917700155 0.78539767388689 NaN
0.705 -0.684292799852556 -0.44730779141311 0.785397673886891 NaN
0.706 -0.683882342438786 -0.448264626999442 0.785397673886889 NaN
0.707 -0.683518965357031 -0.449244579385893 0.78539767388689 NaN
0.708 -0.683202620331874 -0.45024777877863 0.785397673886891 NaN
0.709 -0.682933199048038 -0.451274322775495 0.78539767388689 NaN
0.71 -0.682710529310504 -0.452324276586092 0.78539767388689 NaN
0.711 -0.682534375116405 -0.453397676300425 0.78539767388689 NaN
0.712 -0.682404431155594 -0.454494520011091 0.78539767388689 NaN
0.713 -0.682320323986212 -0.455614772666171 0.785397673886889 NaN
0.714 -0.682281606854016 -0.45675835934905 0.78539767388689 NaN
0.715 -0.682287759146794 -0.457925168077953 0.78539767388689 NaN
0.716 -0.682338182998764 -0.459115043271201 0.785397673886889 NaN
0.717 -0.682432202336074 -0.460327790264422 0.785397673886889 NaN
0.718 -0.682569059641397 -0.461563168123356 0.78539767388689 NaN
0.719 -0.682747914349617 -0.462820892126892 0.78539767388689 NaN
0.72 -0.682967840957709 -0.464100630265398 0.785397673886891 NaN
0.721 -0.683227826487447 -0.465402001450542 0.785397673886889 NaN
0.722 -0.683526769242395 -0.466724576227799 0.78539767388689 NaN
0.723 -0.683863477486429 -0.468067873607788 0.78539767388689 NaN
0.724 -0.684236668549177 -0.469431361068352 0.785397673886891 NaN
0.725 -0.684644970658649 -0.470814455242067 0.78539767388689 NaN
0.726 -0.685086924472017 -0.472216523130631 0.785397673886889 NaN
0.727 -0.685560989335812 -0.473636881703707 0.785397673886891 NaN
0.728 -0.686065550735081 -0.475074804617814 0.785397673886889 NaN
0.729 -0.686598933023269 -0.476529527875324 0.785397673886889 NaN
0.73 -0.687159415181486 -0.478000256031166 0.78539767388689 NaN
0.731 -0.687745251185493 -0.479486175359641 0.78539767388689 NaN
0.732 -0.688354694680595 -0.480986464405442 0.785397673886891 NaN
0.733 -0.688986027090058 -0.48250031037962 0.785397673886889 NaN
0.734 -0.689637587473338 -0.48402692373128 0.78539767388689 NaN
0.735 -0.690307805920605 -0.485565558121229 0.78539767388689 NaN
0.736 -0.690995234172963 -0.487115524507769 0.78539767388689 NaN
0.737 -0.691698576173894 -0.488676211490825 0.785397673886889 NaN
0.738 -0.692416714304369 -0.490247095365082 0.78539767388689 NaN
0.739 -0.69314873055621 -0.491827757206 0.78539767388689 NaN
0.74 -0.69389392059544 -0.493417890298992 0.78539767388689 NaN
0.741 -0.694651801177921 -0.495017300415851 0.78539767388689 NaN
0.742 -0.695422109121493 -0.496625914089236 0.78539767388689 NaN
0.743 -0.696204790981845 -0.49824376636577 0.78539767388689 NaN
0.744 -0.696999988234456 -0.499870999803884 0.785397673886891 NaN
0.745 -0.697808013938168 -0.501507849488784 0.785397673886889 NaN
0.746 -0.698629323885858 -0.503154627407213 0.78539767388689 NaN
0.747 -0.699464487709126 -0.504811709527301 0.78539767388689 NaN
0.748 -0.700314154570097 -0.50647951600195 0.785397673886889 NaN
0.749 -0.701179022428254 -0.508158495289724 0.78539767388689 NaN
0.75 -0.702059806461691 -0.509849104888043 0.78539767388689 NaN
0.751 -0.702957213225412 -0.511551800761061 0.785397673886891 NaN
0.752 -0.703871915756251 -0.513267018801362 0.78539767388689 NaN
0.753 -0.704804535955806 -0.514995168009672 0.78539767388689 NaN
0.754 -0.705755629675783 -0.516736623139347 0.785397673886891 NaN
0.755 -0.706725678012215 -0.518491715103247 0.785397673886889 NaN
0.756 -0.707715081288542 -0.520260730555144 0.78539767388689 NaN
0.757 -0.708724157133775 -0.522043909881019 0.785397673886889 NaN
0.758 -0.709753142307304 -0.523841449039012 0.78539767388689 NaN
0.759 -0.710802194880056 -0.525653498321287 0.785397673886891 NaN
0.76 -0.711871399234634 -0.527480166274395 0.785397673886889 NaN
0.761 -0.712960771143121 -0.529321523004591 0.785397673886889 NaN
0.762 -0.714070262969939 -0.531177601606429 0.785397673886891 NaN
0.763 -0.715199769504509 -0.53304840377612 0.785397673886889 NaN
0.764 -0.716349132049258 -0.534933899522737 0.78539767388689 NaN
0.765 -0.717518142538975 -0.536834029395495 0.785397673886891 NaN
0.766 -0.718706548378034 -0.538748710123373 0.78539767388689 NaN
0.767 -0.719914053557296 -0.540677833311786 0.785397673886889 NaN
0.768 -0.721140322015439 -0.542621265089582 0.785397673886889 NaN
0.769 -0.7223849795206 -0.544578851922868 0.78539767388689 NaN
0.77 -0.723647614857078 -0.546550416803417 0.785397673886889 NaN
0.771 -0.724927781218486 -0.548535760338745 0.78539767388689 NaN
0.772 -0.726224997443073 -0.550534664582412 0.785397673886889 NaN
0.773 -0.727538749737663 -0.552546890537629 0.78539767388689 NaN
0.774 -0.728868491246375 -0.554572177156309 0.78539767388689 NaN
0.775 -0.730213645285722 -0.556610246031533 0.78539767388689 NaN
0.776 -0.73157360494662 -0.558660797749446 0.785397673886889 NaN
0.777 -0.732947735476112 -0.56072351464477 0.78539767388689 NaN
0.778 -0.734335375069671 -0.562798061056285 0.78539767388689 NaN
0.779 -0.73573583596407 -0.564884082556016 0.78539767388689 NaN
0.78 -0.737148407890505 -0.566981209354911 0.78539767388689 NaN
0.781 -0.738572356389444 -0.569089052450699 0.785397673886889 NaN
0.782 -0.74000692654691 -0.571207208950862 0.785397673886889 NaN
0.783 -0.741451344198098 -0.573335259637812 0.785397673886889 NaN
0.784 -0.742904816001661 -0.575472771245773 0.78539767388689 NaN
0.785 -0.744366532148403 -0.57761929524846 0.78539767388689 NaN
0.786 -0.745835666753975 -0.579774371919129 0.78539767388689 NaN
0.787 -0.747311378965018 -0.581937525746116 0.785397673886889 NaN
0.788 -0.748792814184183 -0.584108270956385 0.78539767388689 NaN
0.789 -0.75027910504737 -0.586286109062317 0.78539767388689 NaN
0.79 -0.751769371921476 -0.588470528739423 0.785397673886891 NaN
0.791 -0.753262724134451 -0.590661011194952 0.78539767388689 NaN
0.792 -0.754758259834893 -0.592857022619865 0.785397673886888 NaN
0.793 -0.756255068026859 -0.59505802065363 0.785397673886889 NaN
0.794 -0.757752228081261 -0.597263454548472 0.785397673886889 NaN
0.795 -0.75924881030499 -0.599472761698309 0.78539767388689 NaN
0.796 -0.760743876896851 -0.60168537014987 0.78539767388689 NaN
0.797 -0.76223648240194 -0.603900700267435 0.785397673886891 NaN
0.798 -0.763725673814849 -0.606118161425125 0.78539767388689 NaN
0.799 -0.765210491522407 -0.608337157401984 0.785397673886889 NaN
0.8 -0.766689970123458 -0.610557080925258 0.785397673886889 NaN
0.801 -0.768163137266941 -0.612777317817295 0.78539767388689 NaN
0.802 -0.769629016598869 -0.614997247770278 0.78539767388689 NaN
0.803 -0.771086626182832 -0.617216240527223 0.78539767388689 NaN
0.804 -0.772534980450715 -0.619433662156283 0.78539767388689 NaN
0.805 -0.773973089568955 -0.621648868248637 0.78539767388689 NaN
0.806 -0.775399961056586 -0.623861212200555 0.78539767388689 NaN
0.807 -0.776814599771291 -0.626070039196828 0.78539767388689 NaN
0.808 -0.778216008304546 -0.628274689467166 0.785397673886889 NaN
0.809 -0.779603188325501 -0.63047449968045 0.78539767388689 NaN
0.81 -0.780975140881658 -0.632668800227898 0.78539767388689 NaN
0.811 -0.782330866222441 -0.634856917354832 0.78539767388689 NaN
0.812 -0.783669365489147 -0.637038175796862 0.785397673886889 NaN
0.813 -0.784989640920371 -0.639211895768267 0.78539767388689 NaN
0.814 -0.786290697153532 -0.641377394454438 0.785397673886889 NaN
0.815 -0.787571540681403 -0.643533988271839 0.785397673886891 NaN
0.816 -0.788831181194705 -0.645680990914796 0.785397673886891 NaN
0.817 -0.790068632555561 -0.647817715963027 0.785397673886891 NaN
0.818 -0.791282913221845 -0.649943474714648 0.78539767388689 NaN
0.819 -0.792473046482606 -0.652057581296963 0.785397673886889 NaN
0.82 -0.793638062507399 -0.654159347092837 0.78539767388689 NaN
0.821 -0.794776997450329 -0.656248087341967 0.78539767388689 NaN
0.822 -0.795888895751553 -0.658323117726316 0.785397673886889 NaN
0.823 -0.796972809948505 -0.660383756738471 0.785397673886889 NaN
0.824 -0.798027801168692 -0.662429325649008 0.78539767388689 NaN
0.825 -0.79905294153909 -0.664459148513806 0.78539767388689 NaN
0.826 -0.800047312713043 -0.666472556247621 0.785397673886889 NaN
0.827 -0.801010008904257 -0.668468881484094 0.78539767388689 NaN
0.828 -0.801940136258315 -0.670447463042118 0.785397673886891 NaN
0.829 -0.802836813887034 -0.672407648065984 0.785397673886889 NaN
0.83 -0.803699175366702 -0.674348788123629 0.785397673886889 NaN
0.831 -0.804526368673763 -0.676270242880367 0.785397673886889 NaN
0.832 -0.805317558208895 -0.678171380654601 0.785397673886889 NaN
0.833 -0.806071924496489 -0.680051578730555 0.78539767388689 NaN
0.834 -0.806788665301332 -0.681910222399715 0.78539767388689 NaN
0.835 -0.807466997485469 -0.683746709360385 0.785397673886889 NaN
0.836 -0.808106156717444 -0.685560446714671 0.78539767388689 NaN
0.837 -0.808705398959859 -0.687350853836409 0.78539767388689 NaN
0.838 -0.809264001182256 -0.689117362068163 0.78539767388689 NaN
0.839 -0.809781262355739 -0.690859417375065 0.78539767388689 NaN
0.84 -0.810256503956474 -0.692576475951361 0.785397673886889 NaN
0.841 -0.810689072250029 -0.694268012832934 0.785397673886889 NaN
0.842 -0.811078336888298 -0.695933514626145 0.78539767388689 NaN
0.843 -0.811423694116575 -0.69757248600158 0.78539767388689 NaN
0.844 -0.811724566291037 -0.699184447715782 0.78539767388689 NaN
0.845 -0.811980402987166 -0.700768937011746 0.785397673886889 NaN
0.846 -0.812190682935 -0.702325510496136 0.78539767388689 NaN
0.847 -0.812354912931589 -0.703853741115758 0.78539767388689 NaN
0.848 -0.812472631368661 -0.705353225558645 0.78539767388689 NaN
0.849 -0.812543406338091 -0.706823574961099 0.78539767388689 NaN
0.85 -0.812566838666098 -0.708264425558293 0.78539767388689 NaN
0.851 -0.812542562601539 -0.709675432836473 0.78539767388689 NaN
0.852 -0.812470244819181 -0.711056275565936 0.785397673886889 NaN
0.853 -0.812349587617491 -0.712406653451584 0.78539767388689 NaN
0.854 -0.812180328948086 -0.713726290877344 0.785397673886889 NaN
0.855 -0.811962242298113 -0.715014936542364 0.78539767388689 NaN
0.856 -0.811695139282215 -0.716272361934804 0.785397673886889 NaN
0.857 -0.811378868761384 -0.717498364278421 0.785397673886889 NaN
0.858 -0.811013319190151 -0.718692767824393 0.78539767388689 NaN
0.859 -0.810598418203357 -0.71985541997494 0.78539767388689 NaN
0.86 -0.810134134190152 -0.720986198064786 0.78539767388689 NaN
0.861 -0.809620476264068 -0.722085003677387 0.785397673886889 NaN
0.862 -0.809057495708323 -0.723151768482578 0.78539767388689 NaN
0.863 -0.808445286098999 -0.72418644848895 0.78539767388689 NaN
0.864 -0.807783984492019 -0.725189033079491 0.785397673886889 NaN
0.865 -0.807073771854497 -0.726159536644946 0.78539767388689 NaN
0.866 -0.806314873176121 -0.727098003126409 0.785397673886891 NaN
0.867 -0.805507558368228 -0.728004506841233 0.785397673886891 NaN
0.868 -0.804652143015485 -0.728879151922953 0.785397673886889 NaN
0.869 -0.803748988589015 -0.729722070991954 0.785397673886889 NaN
0.87 -0.802798502292343 -0.730533427928365 0.785397673886891 NaN
0.871 -0.801801137768061 -0.731313415129678 0.78539767388689 NaN
0.872 -0.800757395351228 -0.732062257302214 0.78539767388689 NaN
0.873 -0.799667822587404 -0.732780207656366 0.785397673886889 NaN
0.874 -0.79853301296165 -0.733467551283112 0.785397673886891 NaN
0.875 -0.797353606789049 -0.734124600073298 0.78539767388689 NaN
0.876 -0.796130291094045 -0.73475169898039 0.785397673886891 NaN
0.877 -0.794863798753371 -0.735349220526561 0.78539767388689 NaN
0.878 -0.793554908164216 -0.735917567303445 0.785397673886891 NaN
0.879 -0.792204443302195 -0.736457171357924 0.78539767388689 NaN
0.88 -0.790813271297905 -0.73696849131246 0.78539767388689 NaN
0.881 -0.789382303827688 -0.737452015619865 0.785397673886891 NaN
0.882 -0.787912493080427 -0.737908257053404 0.785397673886891 NaN
0.883 -0.786404832965221 -0.738337757211687 0.78539767388689 NaN
0.884 -0.784860355512237 -0.738741080847875 0.78539767388689 NaN
0.885 -0.783280129789178 -0.739118817909832 0.785397673886891 NaN
0.886 -0.781665259481596 -0.739471581180528 0.78539767388689 NaN
0.887 -0.780016880036483 -0.739800003821942 0.785397673886889 NaN
0.888 -0.778336156097233 -0.740104742345613 0.78539767388689 NaN
0.889 -0.77662427714212 -0.740386465634577 0.785397673886891 NaN
0.89 -0.774882455075589 -0.740645863118519 0.78539767388689 NaN
0.891 -0.773111918773181 -0.740883636006697 0.785397673886888 NaN
0.892 -0.771313909514817 -0.741100496351096 0.78539767388689 NaN
0.893 -0.769489676482742 -0.741297167233479 0.78539767388689 NaN
0.894 -0.7676404699734 -0.741474375437908 0.78539767388689 NaN
0.895 -0.765767533905746 -0.741632847469568 0.78539767388689 NaN
0.896 -0.763872100952113 -0.741773310622236 0.785397673886889 NaN
0.897 -0.761955382841973 -0.741896485641043 0.78539767388689 NaN
0.898 -0.760018561547725 -0.742003078547433 0.78539767388689 NaN
0.899 -0.75806278207996 -0.742093783472594 0.78539767388689 NaN
0.9 -0.756089140034285 -0.742169269385725 0.78539767388689 NaN
0.901 -0.754098673919416 -0.74223017714045 0.78539767388689 NaN
0.902 -0.752092353069465 -0.742277114527518 0.785397673886889 NaN
0.903 -0.750071068886347 -0.742310646796426 0.785397673886891 NaN
0.904 -0.748035624692618 -0.742331294274454 0.78539767388689 NaN
0.905 -0.745986726497463 -0.742339525601509 0.78539767388689 NaN
0.906 -0.743924975431633 -0.742335747185083 0.785397673886891 NaN
0.907 -0.74185086208865 -0.742320306549002 0.785397673886889 NaN
0.908 -0.739764762888575 -0.742293484322932 0.78539767388689 NaN
0.909 -0.737666938110371 -0.742255493715638 0.785397673886889 NaN
0.91 -0.735557533765825 -0.742206479429452 0.785397673886891 NaN
0.911 -0.733436586551861 -0.742146520681734 0.78539767388689 NaN
0.912 -0.73130403149278 -0.74207563488891 0.78539767388689 NaN
0.913 -0.729159712138739 -0.741993781606036 0.785397673886891 NaN
0.914 -0.727003395428256 -0.741900870784401 0.785397673886891 NaN
0.915 -0.724834786927594 -0.741796773776468 0.78539767388689 NaN
0.916 -0.722653548544016 -0.741681330215769 0.78539767388689 NaN
0.917 -0.720459318767277 -0.741554363484205 0.78539767388689 NaN
0.918 -0.718251731131143 -0.741415690469712 0.78539767388689 NaN
0.919 -0.716030432493361 -0.741265130922755 0.785397673886889 NaN
0.92 -0.713795103188948 -0.74110252367844 0.78539767388689 NaN
0.921 -0.711545470923738 -0.740927733117241 0.78539767388689 NaN
0.922 -0.709281325068395 -0.740740661464891 0.78539767388689 NaN
0.923 -0.707002526898781 -0.740541248591665 0.78539767388689 NaN
0.924 -0.704709018305706 -0.740329488812256 0.78539767388689 NaN
0.925 -0.702400826364575 -0.740105427031985 0.785397673886889 NaN
0.926 -0.700078063380392 -0.739869158142632 0.78539767388689 NaN
0.927 -0.697740927730595 -0.739620832678002 0.78539767388689 NaN
0.928 -0.6953896993493 -0.739360652808528 0.785397673886891 NaN
0.929 -0.693024735589075 -0.739088868707792 0.78539767388689 NaN
0.93 -0.690646463854657 -0.738805775546942 0.785397673886891 NaN
0.931 -0.688255374662638 -0.738511708897631 0.78539767388689 NaN
0.932 -0.685852014535563 -0.738207040993221 0.78539767388689 NaN
0.933 -0.683436976912602 -0.737892172268584 0.785397673886889 NaN
0.934 -0.681010896591072 -0.7375675324945 0.78539767388689 NaN
0.935 -0.678574441465561 -0.737233569354476 0.78539767388689 NaN
0.936 -0.676128307805992 -0.736890753862809 0.78539767388689 NaN
0.937 -0.673673213576881 -0.736539567299423 0.785397673886891 NaN
0.938 -0.671209895781296 -0.736180504924068 0.785397673886889 NaN
0.939 -0.668739104490857 -0.735814068806206 0.785397673886891 NaN
0.94 -0.666261601776662 -0.735440770726912 0.78539767388689 NaN
0.941 -0.663778158585323 -0.73506112720891 0.78539767388689 NaN
0.942 -0.661289552023151 -0.734675658672139 0.78539767388689 NaN
0.943 -0.658796564849043 -0.734284887783482 0.78539767388689 NaN
0.944 -0.656299983488436 -0.733889340752192 0.78539767388689 NaN
0.945 -0.653800597483862 -0.733489545627523 0.78539767388689 NaN
0.946 -0.651299197805469 -0.73308602979574 0.78539767388689 NaN
0.947 -0.648796576325103 -0.732679321686191 0.78539767388689 NaN
0.948 -0.646293525875632 -0.732269950673844 0.78539767388689 NaN
0.949 -0.643790838102413 -0.731858443180519 0.78539767388689 NaN
0.95 -0.641289304763772 -0.731445327668696 0.78539767388689 NaN
0.951 -0.638789714236609 -0.731031127200325 0.785397673886891 NaN
0.952 -0.636292854169916 -0.730616366298411 0.785397673886891 NaN
0.953 -0.633799508536534 -0.730201565603059 0.785397673886889 NaN
0.954 -0.631310457913683 -0.729787243575486 0.785397673886889 NaN
0.955 -0.628826479100129 -0.729373915378043 0.78539767388689 NaN
0.956 -0.626348344174767 -0.728962092620941 0.78539767388689 NaN
0.957 -0.623876820519668 -0.728552284440314 0.785397673886889 NaN
0.958 -0.62141266886103 -0.728144994083981 0.785397673886891 NaN
0.959 -0.61895664499759 -0.727740720673355 0.78539767388689 NaN
0.96 -0.616509498193667 -0.727339961326423 0.78539767388689 NaN
0.961 -0.614071969371829 -0.726943204193438 0.78539767388689 NaN
0.962 -0.611644794075872 -0.726550935207113 0.78539767388689 NaN
0.963 -0.609228699060637 -0.726163634161234 0.78539767388689 NaN
0.964 -0.606824403112107 -0.72578177457963 0.785397673886889 NaN
0.965 -0.604432617396655 -0.725405825554783 0.78539767388689 NaN
0.966 -0.602054044934374 -0.725036250371329 0.78539767388689 NaN
0.967 -0.599689379823421 -0.724673506578504 0.785397673886891 NaN
0.968 -0.597339307854403 -0.72431804562051 0.78539767388689 NaN
0.969 -0.595004506445368 -0.723970313498463 0.78539767388689 NaN
0.97 -0.592685643857223 -0.723630750037502 0.785397673886889 NaN
0.971 -0.590383381187184 -0.7232997920907 0.78539767388689 NaN
0.972 -0.588098368822083 -0.72297786803999 0.78539767388689 NaN
0.973 -0.585831250092164 -0.722665402750899 0.78539767388689 NaN
0.974 -0.583582658681952 -0.722362815505538 0.785397673886889 NaN
0.975 -0.581353218546801 -0.722070517489346 0.785397673886891 NaN
0.976 -0.579143545312978 -0.721788917734901 0.78539767388689 NaN
0.977 -0.576954244159922 -0.721518418677201 0.78539767388689 NaN
0.978 -0.574785909800009 -0.721259414133547 0.78539767388689 NaN
0.979 -0.57263912658676 -0.72101229460588 0.78539767388689 NaN
0.98 -0.570514466672571 -0.720777442389497 0.78539767388689 NaN
0.981 -0.568412490205247 -0.720555231847687 0.785397673886891 NaN
0.982 -0.566333744772771 -0.720346032024935 0.78539767388689 NaN
0.983 -0.564278762073695 -0.720150199281725 0.785397673886891 NaN
0.984 -0.562248060945131 -0.719968086339752 0.785397673886889 NaN
0.985 -0.560242142308018 -0.719800030758906 0.78539767388689 NaN
0.986 -0.558261491316532 -0.719646364645641 0.785397673886889 NaN
0.987 -0.556306574491889 -0.719507404962112 0.785397673886891 NaN
0.988 -0.554377839084718 -0.71938345869741 0.78539767388689 NaN
0.989 -0.552475713268939 -0.719274820853499 0.78539767388689 NaN
0.99 -0.550600603728391 -0.71918177389322 0.785397673886889 NaN
0.991 -0.548752895572032 -0.719104584152082 0.785397673886891 NaN
0.992 -0.546932951992867 -0.719043507143485 0.785397673886889 NaN
0.993 -0.545141112227606 -0.718998780441763 0.785397673886889 NaN
0.994 -0.543377692534717 -0.718970629749007 0.785397673886889 NaN
0.995 -0.541642984986654 -0.718959263625333 0.78539767388689 NaN
0.996 -0.539937256600368 -0.718964875498755 0.78539767388689 NaN
0.997 -0.538260748936694 -0.718987641912966 0.78539767388689 NaN
0.998 -0.536613679001489 -0.719027724597884 0.785397673886889 NaN
0.999 -0.534996237160285 -0.719085266956007 0.78539767388689 NaN
1 -0.533408587967542 -0.719160396917782 0.78539767388689 NaN
