"Time, Y-Force, Work integrand, Mass, Mass error"
1e-05 -1.79357869618875e-09 -2.77194543430428e-11 0.785268036957841 NaN
0.001 -1.54778920867186e-05 -5.61540740541999e-11 0.78526803695784 NaN
0.002 -6.26678461358748e-05 -6.74874149743667e-10 0.78526803695784 NaN
0.003 -0.00013510869932904 -3.19720636446835e-09 0.785268036957841 NaN
0.004 -0.000231461889526025 -9.21429221972129e-09 0.78526803695784 NaN
0.005 -0.000354201902357938 -2.15439615429785e-08 0.78526803695784 NaN
0.006 -0.000504128727014973 -4.27684901014807e-08 0.78526803695784 NaN
0.007 -0.000680595211456457 -7.66952874952313e-08 0.78526803695784 NaN
0.008 -0.000883216242730202 -1.27248122240863e-07 0.78526803695784 NaN
0.009 -0.0011121299192484 -1.99114647012482e-07 0.78526803695784 NaN
0.01 -0.00136748523730098 -2.97719326424444e-07 0.78526803695784 NaN
0.011 -0.0016492361662486 -4.28709494004801e-07 0.78526803695784 NaN
0.012 -0.00195729563003805 -5.98436996908846e-07 0.78526803695784 NaN
0.013 -0.00229167691876429 -8.13754060365944e-07 0.78526803695784 NaN
0.014 -0.00265247959620734 -1.08189017949181e-06 0.78526803695784 NaN
0.015 -0.00303980875236418 -1.41099569644117e-06 0.78526803695784 NaN
0.016 -0.00345372683380209 -1.80947940848347e-06 0.785268036957841 NaN
0.017 -0.00389425700440921 -2.28637841394401e-06 0.78526803695784 NaN
0.018 -0.00436141287469046 -2.85132955552868e-06 0.78526803695784 NaN
0.019 -0.00485522615051456 -3.51430792033118e-06 0.78526803695784 NaN
0.02 -0.00537575598772452 -4.28575922208144e-06 0.78526803695784 NaN
0.021 -0.0059230788847952 -5.17694125825606e-06 0.78526803695784 NaN
0.022 -0.00649726949256947 -6.19968653340446e-06 0.78526803695784 NaN
0.023 -0.0070983851121798 -7.36594694190193e-06 0.78526803695784 NaN
0.024 -0.00772646363474177 -8.68873774044496e-06 0.78526803695784 NaN
0.025 -0.00838153385693403 -1.01811089513026e-05 0.785268036957841 NaN
0.026 -0.00906363144638094 -1.18565367122475e-05 0.78526803695784 NaN
0.027 -0.00977280925491492 -1.37296969289865e-05 0.78526803695784 NaN
0.028 -0.0105091364231808 -1.58153765231022e-05 0.78526803695784 NaN
0.029 -0.0112726872440531 -1.81286618689167e-05 0.78526803695784 NaN
0.03 -0.0120635277881631 -2.06856158181025e-05 0.78526803695784 NaN
0.031 -0.012881708241492 -2.350241278155e-05 0.78526803695784 NaN
0.032 -0.0137272648618379 -2.65962779206436e-05 0.78526803695784 NaN
0.033 -0.0146002289945392 -2.99845898475294e-05 0.785268036957841 NaN
0.034 -0.0155006371547659 -3.36843935545422e-05 0.785268036957841 NaN
0.035 -0.0164285366442295 -3.7715291483631e-05 0.78526803695784 NaN
0.036 -0.0173839844561007 -4.2095236891904e-05 0.78526803695784 NaN
0.037 -0.0183670411470961 -4.68445057803694e-05 0.78526803695784 NaN
0.038 -0.0193777639578683 -5.19822769450523e-05 0.78526803695784 NaN
0.039 -0.020416202278914 -5.75297691212135e-05 0.78526803695784 NaN
0.04 -0.0214823971711977 -6.35073041084236e-05 0.78526803695784 NaN
0.041 -0.0225763839724318 -6.99372453994073e-05 0.78526803695784 NaN
0.042 -0.0236981962555913 -7.68403381841434e-05 0.78526803695784 NaN
0.043 -0.0248478686899187 -8.42396172212819e-05 0.78526803695784 NaN
0.044 -0.0260254386365537 -9.21583123157248e-05 0.78526803695784 NaN
0.045 -0.0272309458029358 -0.000100619669494886 0.78526803695784 NaN
0.046 -0.02846443143702 -0.000109647481274961 0.78526803695784 NaN
0.047 -0.029725937120746 -0.000119266243198784 0.78526803695784 NaN
0.048 -0.0310155038811989 -0.000129501102860906 0.78526803695784 NaN
0.049 -0.0323331710192547 -0.000140377080681798 0.78526803695784 NaN
0.05 -0.0336789749929761 -0.000151920441640999 0.78526803695784 NaN
0.051 -0.035052948043211 -0.000164158083129871 0.78526803695784 NaN
0.052 -0.0364551172007879 -0.000177115814303598 0.78526803695784 NaN
0.053 -0.0378855038250283 -0.000190821491529878 0.78526803695784 NaN
0.054 -0.0393441244175667 -0.000205302984796959 0.78526803695784 NaN
0.055 -0.0408309923591558 -0.000220588311113986 0.78526803695784 NaN
0.056 -0.0423461203161414 -0.000236706087349778 0.78526803695784 NaN
0.057 -0.043889522585486 -0.00025368583021281 0.78526803695784 NaN
0.058 -0.0454612166785373 -0.000271556729888151 0.78526803695784 NaN
0.059 -0.0470612239855001 -0.000290349322373456 0.78526803695784 NaN
0.06 -0.0486895689620439 -0.000310093887894035 0.78526803695784 NaN
0.061 -0.0503462772294526 -0.000330821437326864 0.78526803695784 NaN
0.062 -0.0520313733255674 -0.000352564152455611 0.78526803695784 NaN
0.063 -0.0537448779239394 -0.000375353043583222 0.78526803695784 NaN
0.064 -0.0554868057381446 -0.000399221421838048 0.78526803695784 NaN
0.065 -0.0572571640479756 -0.000424201499647163 0.78526803695784 NaN
0.066 -0.059055952315245 -0.000450326171929617 0.78526803695784 NaN
0.067 -0.0608831626171395 -0.000477630205764363 0.78526803695784 NaN
0.068 -0.0627387808321912 -0.000506145875790342 0.785268036957841 NaN
0.069 -0.0646227883575605 -0.000535908934039425 0.78526803695784 NaN
0.07 -0.0665351637980362 -0.000566953305444516 0.785268036957841 NaN
0.071 -0.068475884308974 -0.000599314335511513 0.78526803695784 NaN
0.072 -0.0704449268521983 -0.000633027353311575 0.785268036957841 NaN
0.073 -0.072442268648413 -0.00066812834462581 0.78526803695784 NaN
0.074 -0.0744678875906471 -0.000704653743344349 0.785268036957841 NaN
0.075 -0.0765217621102172 -0.000742640359379361 0.78526803695784 NaN
0.076 -0.0786038710320166 -0.000782124321324743 0.78526803695784 NaN
0.077 -0.0807141933433396 -0.00082314408058835 0.78526803695784 NaN
0.078 -0.0828527078421466 -0.000865737251722852 0.78526803695784 NaN
0.079 -0.0850193927425722 -0.000909942093891455 0.78526803695784 NaN
0.08 -0.0872142250139597 -0.000955797097151504 0.78526803695784 NaN
0.081 -0.08943717979629 -0.00100334077437418 0.78526803695784 NaN
0.082 -0.0916882292368074 -0.00105261326518815 0.78526803695784 NaN
0.083 -0.0939673415826734 -0.00110365342394939 0.78526803695784 NaN
0.084 -0.0962744798048362 -0.0011565014961213 0.78526803695784 NaN
0.085 -0.0986096004031581 -0.00121119768716251 0.785268036957841 NaN
0.086 -0.100972652177031 -0.0012677817791424 0.785268036957841 NaN
0.087 -0.103363575585393 -0.00132629504492595 0.785268036957841 NaN
0.088 -0.105782301997738 -0.00138677822775877 0.785268036957841 NaN
0.089 -0.108228753921855 -0.00144927178742587 0.785268036957841 NaN
0.09 -0.110702845329768 -0.00151381744740239 0.785268036957841 NaN
0.091 -0.113204482764987 -0.00158045659759278 0.785268036957841 NaN
0.092 -0.115733566749235 -0.00164923064886812 0.785268036957841 NaN
0.093 -0.118289993622519 -0.0017201813140896 0.785268036957841 NaN
0.094 -0.120873657318069 -0.00179335067302409 0.785268036957841 NaN
0.095 -0.123484451408599 -0.00186878125138776 0.785268036957841 NaN
0.096 -0.126122270706734 -0.00194651460423982 0.78526803695784 NaN
0.097 -0.128787012549288 -0.00202659424532424 0.785268036957841 NaN
0.098 -0.131478577471027 -0.00210906266530136 0.785268036957841 NaN
0.099 -0.134196869482537 -0.00219396301419041 0.785268036957841 NaN
0.1 -0.136941795239157 -0.00228133849061271 0.785268036957841 NaN
0.101 -0.139713262825122 -0.00237123323279491 0.78526803695784 NaN
0.102 -0.142511179784448 -0.00246369070756691 0.785268036957841 NaN
0.103 -0.145335450620923 -0.0025587546856156 0.785268036957841 NaN
0.104 -0.148185973871579 -0.00265646974713905 0.785268036957841 NaN
0.105 -0.15106263925878 -0.00275687937665231 0.785268036957841 NaN
0.106 -0.153965324688873 -0.00286002798292614 0.785268036957841 NaN
0.107 -0.15689389388777 -0.00296595917029621 0.785268036957841 NaN
0.108 -0.159848194378682 -0.00307471710282782 0.785268036957841 NaN
0.109 -0.162828056459583 -0.00318634584847509 0.78526803695784 NaN
0.11 -0.165833292999918 -0.00330088819343044 0.785268036957841 NaN
0.111 -0.16886370024975 -0.00341838804842915 0.785268036957841 NaN
0.112 -0.171919059617144 -0.0035388877651787 0.785268036957841 NaN
0.113 -0.174999140123987 -0.00366243083207646 0.785268036957841 NaN
0.114 -0.178103701824756 -0.00378905943966538 0.785268036957841 NaN
0.115 -0.181232499216919 -0.00391881598795647 0.785268036957841 NaN
0.116 -0.184385285236157 -0.00405174331366985 0.785268036957841 NaN
0.117 -0.187561814542962 -0.00418788294370315 0.785268036957841 NaN
0.118 -0.190761846889737 -0.00432727800927106 0.785268036957841 NaN
0.119 -0.193985149330612 -0.00446997046277997 0.785268036957841 NaN
0.12 -0.197231497796422 -0.00461600242878373 0.785268036957841 NaN
0.121 -0.200500677637018 -0.0047654163935093 0.785268036957841 NaN
0.122 -0.203792482955975 -0.00491825484308129 0.785268036957841 NaN
0.123 -0.207106715090004 -0.00507456048578112 0.785268036957841 NaN
0.124 -0.210443180006454 -0.00523437545184203 0.785268036957841 NaN
0.125 -0.213801684950403 -0.00539774258233501 0.785268036957841 NaN
0.126 -0.217182034408589 -0.005564703935113 0.78526803695784 NaN
0.127 -0.220584025685887 -0.00573530118259633 0.785268036957841 NaN
0.128 -0.224007444095385 -0.00590957659537415 0.785268036957841 NaN
0.129 -0.227452058158308 -0.00608757100409281 0.78526803695784 NaN
0.13 -0.230917614928832 -0.00626932458524063 0.78526803695784 NaN
0.131 -0.234403835547923 -0.00645487762535238 0.785268036957841 NaN
0.132 -0.237910411313237 -0.00664426935812409 0.785268036957841 NaN
0.133 -0.241437000177953 -0.00683753658077715 0.785268036957841 NaN
0.134 -0.244983224186283 -0.00703471662462128 0.785268036957841 NaN
0.135 -0.248548667696559 -0.0072358450783189 0.785268036957841 NaN
0.136 -0.252132876568337 -0.00744095602627158 0.785268036957841 NaN
0.137 -0.255735358423317 -0.00765008184094418 0.785268036957841 NaN
0.138 -0.259355584312263 -0.0078632541464329 0.785268036957841 NaN
0.139 -0.262992991529067 -0.00808050217455332 0.785268036957841 NaN
0.14 -0.266646987652293 -0.00830185480954939 0.785268036957841 NaN
0.141 -0.270316956226997 -0.00852733799776353 0.785268036957841 NaN
0.142 -0.274002263193806 -0.00875697789803805 0.785268036957841 NaN
0.143 -0.277702264868663 -0.00899079829842286 0.785268036957841 NaN
0.144 -0.281416316272301 -0.00922882302544529 0.785268036957841 NaN
0.145 -0.285143780227541 -0.00947107411416799 0.785268036957841 NaN
0.146 -0.288884036470383 -0.00971757415687064 0.785268036957841 NaN
0.147 -0.29263649034443 -0.00996834435370335 0.785268036957841 NaN
0.148 -0.296400580628616 -0.0102234068624183 0.785268036957841 NaN
0.149 -0.30017578600461 -0.0104827834395649 0.785268036957841 NaN
0.15 -0.303961629530675 -0.0107464966581435 0.785268036957841 NaN
0.151 -0.307757680802617 -0.0110145698015677 0.785268036957841 NaN
0.152 -0.311563555218803 -0.0112870257411028 0.785268036957841 NaN
0.153 -0.315378910303664 -0.011563889767494 0.785268036957841 NaN
0.154 -0.319203438618949 -0.0118451859312899 0.785268036957841 NaN
0.155 -0.323036857501182 -0.012130940020854 0.785268036957841 NaN
0.156 -0.32687889554271 -0.0124211764723446 0.785268036957841 NaN
0.157 -0.330729276185903 -0.0127159196113476 0.785268036957841 NaN
0.158 -0.334587698986786 -0.013015192708866 0.785268036957841 NaN
0.159 -0.338453818713543 -0.0133190173056414 0.785268036957841 NaN
0.16 -0.34232722370597 -0.0136274113702742 0.785268036957841 NaN
0.161 -0.34620741329646 -0.0139403894393376 0.785268036957841 NaN
0.162 -0.350093776143121 -0.0142579626244327 0.785268036957841 NaN
0.163 -0.353985569543362 -0.0145801349120739 0.785268036957841 NaN
0.164 -0.357881901002442 -0.0149069045798771 0.785268036957841 NaN
0.165 -0.361781712797334 -0.0152382628344079 0.785268036957841 NaN
0.166 -0.365683769960906 -0.0155741926590648 0.785268036957841 NaN
0.167 -0.369586652727212 -0.0159146673988366 0.785268036957841 NaN
0.168 -0.373488753485232 -0.0162596525506956 0.785268036957841 NaN
0.169 -0.3773882785945 -0.0166091031258369 0.785268036957841 NaN
0.17 -0.381283255347915 -0.016962964590261 0.785268036957841 NaN
0.171 -0.385171543878802 -0.0173211723826855 0.785268036957841 NaN
0.172 -0.389050853565009 -0.0176836529486991 0.785268036957841 NaN
0.173 -0.392918764046563 -0.0180503230410561 0.785268036957841 NaN
0.174 -0.396772749603082 -0.0184210919109185 0.785268036957841 NaN
0.175 -0.400610206927833 -0.0187958606241487 0.785268036957841 NaN
0.176 -0.40442848501399 -0.0191745234300342 0.785268036957841 NaN
0.177 -0.408224916524479 -0.0195569696555961 0.785268036957841 NaN
0.178 -0.411996849899292 -0.0199430846029408 0.785268036957841 NaN
0.179 -0.415741681199707 -0.0203327500962132 0.785268036957841 NaN
0.18 -0.419456884873665 -0.0207258467648593 0.785268036957841 NaN
0.181 -0.423140042780974 -0.0211222551101199 0.785268036957841 NaN
0.182 -0.426788870760378 -0.0215218570614952 0.785268036957841 NaN
0.183 -0.430401242113246 -0.0219245362612105 0.785268036957841 NaN
0.184 -0.433975207654158 -0.0223301807521218 0.785268036957841 NaN
0.185 -0.437509011727726 -0.022738683260391 0.785268036957841 NaN
0.186 -0.441001104495497 -0.0231499412875735 0.785268036957841 NaN
0.187 -0.44445014973489 -0.0235638596825 0.785268036957841 NaN
0.188 -0.447855028735101 -0.0239803500341774 0.785268036957841 NaN
0.189 -0.451214840181366 -0.024399331888679 0.785268036957841 NaN
0.19 -0.454528896233774 -0.0248207314969191 0.785268036957841 NaN
0.191 -0.457796715358954 -0.0252444846096883 0.785268036957841 NaN
0.192 -0.461018011908861 -0.0256705332894773 0.785268036957841 NaN
0.193 -0.464192683424078 -0.0260988284967211 0.785268036957841 NaN
0.194 -0.467320795462013 -0.0265293281754054 0.785268036957841 NaN
0.195 -0.470402565149757 -0.0269619971211031 0.785268036957841 NaN
0.196 -0.47343834324011 -0.0273968065707854 0.785268036957841 NaN
0.197 -0.476428595755606 -0.0278337336602989 0.785268036957841 NaN
0.198 -0.47937388516678 -0.0282727603843161 0.785268036957841 NaN
0.199 -0.482274851716664 -0.0287138735426671 0.785268036957841 NaN
0.2 -0.485132195443207 -0.0291570637618013 0.785268036957841 NaN
0.201 -0.487946658680094 -0.0296023240533865 0.785268036957841 NaN
0.202 -0.490719009894244 -0.0300496496505146 0.785268036957841 NaN
0.203 -0.493450028510462 -0.0304990373413809 0.785268036957841 NaN
0.204 -0.496140491504828 -0.0309504851523565 0.785268036957841 NaN
0.205 -0.498791161209067 -0.0314039899587149 0.785268036957841 NaN
0.206 -0.501402774896523 -0.0318595500218155 0.785268036957841 NaN
0.207 -0.503976035979011 -0.0323171610596103 0.785268036957841 NaN
0.208 -0.506511606886054 -0.0327768177670505 0.785268036957841 NaN
0.209 -0.50901010344473 -0.0332385137206906 0.785268036957841 NaN
0.21 -0.511472090884033 -0.0337022389042521 0.785268036957841 NaN
0.211 -0.513898081300312 -0.0341679823621734 0.785268036957841 NaN
0.212 -0.516288532431853 -0.0346357294686799 0.785268036957841 NaN
0.213 -0.518643847553237 -0.0351054635535178 0.785268036957841 NaN
0.214 -0.520964376654773 -0.0355771645259181 0.785268036957841 NaN
0.215 -0.523250418356216 -0.036050810168638 0.785268036957841 NaN
0.216 -0.52550222266811 -0.0365263747735012 0.785268036957841 NaN
0.217 -0.527719994251619 -0.0370038312170449 0.785268036957841 NaN
0.218 -0.529903896318477 -0.0374831480010802 0.785268036957841 NaN
0.219 -0.532054054583706 -0.0379642933355499 0.785268036957841 NaN
0.22 -0.534170561492636 -0.0384472316948504 0.785268036957841 NaN
0.221 -0.536253480428464 -0.0389319262256055 0.785268036957841 NaN
0.222 -0.538302849851858 -0.0394183381025683 0.785268036957841 NaN
0.223 -0.540318687083176 -0.0399064269468164 0.785268036957841 NaN
0.224 -0.542300992063383 -0.0403961506448053 0.785268036957841 NaN
0.225 -0.54424975051351 -0.0408874658055518 0.785268036957841 NaN
0.226 -0.546164936920699 -0.0413803286691369 0.785268036957841 NaN
0.227 -0.548046517036507 -0.0418746937138645 0.785268036957841 NaN
0.228 -0.549894450054306 -0.0423705146107367 0.785268036957841 NaN
0.229 -0.551708690414975 -0.042867744221669 0.785268036957841 NaN
0.23 -0.553489189362351 -0.0433663352654438 0.785268036957841 NaN
0.231 -0.555235896068565 -0.0438662388241106 0.785268036957841 NaN
0.232 -0.556948758803991 -0.044367406148329 0.785268036957841 NaN
0.233 -0.558627725712163 -0.0448697874861404 0.785268036957841 NaN
0.234 -0.560272745530507 -0.0453733333096652 0.785268036957841 NaN
0.235 -0.561883768478467 -0.0458779926515303 0.785268036957841 NaN
0.236 -0.563460746641637 -0.0463837150755277 0.785268036957841 NaN
0.237 -0.565003634879125 -0.0468904492324062 0.785268036957841 NaN
0.238 -0.566512391408062 -0.0473981430969446 0.785268036957841 NaN
0.239 -0.56798697842814 -0.0479067454080545 0.785268036957841 NaN
0.24 -0.569427363009603 -0.048416204006298 0.785268036957841 NaN
0.241 -0.570833517613294 -0.0489264669284944 0.785268036957841 NaN
0.242 -0.572205420813251 -0.0494374818321771 0.785268036957841 NaN
0.243 -0.573543057959872 -0.0499491966812542 0.785268036957841 NaN
0.244 -0.574846421568981 -0.0504615600528098 0.785268036957841 NaN
0.245 -0.576115511832638 -0.0509745189845882 0.785268036957841 NaN
0.246 -0.57735033674376 -0.0514880227725217 0.785268036957841 NaN
0.247 -0.57855091223225 -0.0520020193480488 0.785268036957841 NaN
0.248 -0.57971726203177 -0.0525164572122992 0.785268036957841 NaN
0.249 -0.580849417425471 -0.0530312858494785 0.785268036957841 NaN
0.25 -0.58194741674613 -0.0535464540320422 0.785268036957841 NaN
0.251 -0.583011304828234 -0.0540619106254164 0.785268036957841 NaN
0.252 -0.584041132290137 -0.0545776058355033 0.785268036957841 NaN
0.253 -0.585036954744175 -0.0550934884416343 0.785268036957841 NaN
0.254 -0.585998832050699 -0.0556095082366291 0.785268036957841 NaN
0.255 -0.586926827447026 -0.0561256142963477 0.785268036957841 NaN
0.256 -0.587821006968573 -0.0566417560701754 0.785268036957841 NaN
0.257 -0.588681438770485 -0.0571578823591427 0.785268036957841 NaN
0.258 -0.589508192801446 -0.0576739425535387 0.785268036957841 NaN
0.259 -0.59030134055343 -0.0581898848450812 0.785268036957841 NaN
0.26 -0.591060955165669 -0.058705657781458 0.785268036957842 NaN
0.261 -0.591787111645807 -0.0592212095496974 0.785268036957842 NaN
0.262 -0.59247988743606 -0.0597364884778992 0.785268036957842 NaN
0.263 -0.593139363167981 -0.0602514423123312 0.785268036957841 NaN
0.264 -0.593765623697203 -0.0607660193648244 0.785268036957841 NaN
0.265 -0.594358759250498 -0.0612801674277929 0.785268036957841 NaN
0.266 -0.594918866670534 -0.0617938360736897 0.785268036957841 NaN
0.267 -0.595446050865211 -0.062306973345127 0.785268036957841 NaN
0.268 -0.595940426116001 -0.0628195290620016 0.785268036957841 NaN
0.269 -0.59640211752969 -0.0633314542365432 0.785268036957841 NaN
0.27 -0.596831262127254 -0.0638427000672938 0.785268036957841 NaN
0.271 -0.597228010013765 -0.0643532187045956 0.785268036957841 NaN
0.272 -0.597592525118018 -0.0648629642563831 0.785268036957841 NaN
0.273 -0.597924985870799 -0.0653718918100682 0.785268036957841 NaN
0.274 -0.598225585354326 -0.0658799576810454 0.785268036957841 NaN
0.275 -0.598494531338236 -0.0663871199422041 0.785268036957841 NaN
0.276 -0.598732045941006 -0.0668933382479636 0.785268036957841 NaN
0.277 -0.598938364919703 -0.0673985731845846 0.785268036957841 NaN
0.278 -0.599113736808019 -0.0679027870917552 0.785268036957841 NaN
0.279 -0.599258421740922 -0.0684059437924219 0.785268036957841 NaN
0.28 -0.599372690147714 -0.0689080078017693 0.785268036957841 NaN
0.281 -0.599456821284498 -0.0694089453488182 0.785268036957841 NaN
0.282 -0.599511101868949 -0.0699087231723639 0.785268036957841 NaN
0.283 -0.599535824552617 -0.0704073088111762 0.785268036957841 NaN
0.284 -0.599531286696983 -0.0709046710929211 0.785268036957841 NaN
0.285 -0.599497789188329 -0.0714007784989041 0.785268036957841 NaN
0.286 -0.599435635557815 -0.0718956006083591 0.785268036957841 NaN
0.287 -0.599345131498729 -0.0723891071086084 0.785268036957841 NaN
0.288 -0.599226584571518 -0.0728812687193753 0.785268036957841 NaN
0.289 -0.599080304338134 -0.0733720553930067 0.785268036957841 NaN
0.29 -0.598906603023132 -0.0738614389903236 0.785268036957841 NaN
0.291 -0.598705796381181 -0.0743493914604281 0.785268036957841 NaN
0.292 -0.598478204992584 -0.0748358844830656 0.785268036957841 NaN
0.293 -0.598224156023318 -0.0753208917579804 0.78526803695784 NaN
0.294 -0.597943985045979 -0.0758043883238358 0.785268036957841 NaN
0.295 -0.597638038341135 -0.0762863502905586 0.785268036957841 NaN
0.296 -0.597306675145143 -0.0767667561688953 0.785268036957841 NaN
0.297 -0.596950270163184 -0.0772455859514284 0.785268036957841 NaN
0.298 -0.596569215991687 -0.0777228225166179 0.785268036957841 NaN
0.299 -0.596163925436249 -0.0781984523516172 0.78526803695784 NaN
0.3 -0.595734833807638 -0.0786724637120314 0.78526803695784 NaN
0.301 -0.59528240090075 -0.0791448499327612 0.78526803695784 NaN
0.302 -0.594807112566164 -0.079615608017684 0.78526803695784 NaN
0.303 -0.59430948213106 -0.0800847386679331 0.785268036957841 NaN
0.304 -0.593790051229896 -0.0805522477902799 0.785268036957841 NaN
0.305 -0.593249390250261 -0.0810181450549481 0.78526803695784 NaN
0.306 -0.592688098398963 -0.0814824457683316 0.78526803695784 NaN
0.307 -0.592106803056024 -0.0819451697862979 0.78526803695784 NaN
0.308 -0.591506158738303 -0.082406341389355 0.78526803695784 NaN
0.309 -0.590886845726207 -0.0828659901407155 0.78526803695784 NaN
0.31 -0.590249567998487 -0.0833241501731593 0.785268036957841 NaN
0.311 -0.589595050863857 -0.083780859838658 0.78526803695784 NaN
0.312 -0.588924038383885 -0.0842361606794264 0.78526803695784 NaN
0.313 -0.588237290198795 -0.0846901000872407 0.78526803695784 NaN
0.314 -0.587535578543222 -0.0851427277960879 0.78526803695784 NaN
0.315 -0.586819684776191 -0.0855940956716386 0.78526803695784 NaN
0.316 -0.586090396121011 -0.0860442598464043 0.78526803695784 NaN
0.317 -0.585348502416324 -0.0864932779779838 0.78526803695784 NaN
0.318 -0.584594792978974 -0.0869412091615772 0.78526803695784 NaN
0.319 -0.583830053835466 -0.0873881148773788 0.78526803695784 NaN
0.32 -0.583055065333532 -0.0878340568532934 0.78526803695784 NaN
0.321 -0.582270600210271 -0.0882790981243378 0.785268036957841 NaN
0.322 -0.581477422265828 -0.0887233021278911 0.78526803695784 NaN
0.323 -0.580676285775742 -0.0891667333536704 0.78526803695784 NaN
0.324 -0.579867935530106 -0.0896094561361127 0.78526803695784 NaN
0.325 -0.579053107832017 -0.0900515360569799 0.78526803695784 NaN
0.326 -0.578232532143614 -0.0904930387835177 0.78526803695784 NaN
0.327 -0.577406933857906 -0.0909340321696303 0.78526803695784 NaN
0.328 -0.576577037744416 -0.0913745854167877 0.785268036957841 NaN
0.329 -0.575743572258582 -0.0918147698877466 0.78526803695784 NaN
0.33 -0.574907274877628 -0.0922546607013377 0.785268036957841 NaN
0.331 -0.574068897713486 -0.0926943367851727 0.785268036957841 NaN
0.332 -0.573229214132368 -0.0931338828526097 0.78526803695784 NaN
0.333 -0.572389025614278 -0.0935733886269249 0.78526803695784 NaN
0.334 -0.571549168961106 -0.0940129532127012 0.78526803695784 NaN
0.335 -0.570710523628276 -0.0944526834314709 0.78526803695784 NaN
0.336 -0.569874019046388 -0.0948926962301818 0.78526803695784 NaN
0.337 -0.569040641517517 -0.0953331207829747 0.78526803695784 NaN
0.338 -0.568211440607932 -0.0957740984189635 0.785268036957841 NaN
0.339 -0.567387534975517 -0.0962157848077267 0.78526803695784 NaN
0.34 -0.566570117043326 -0.0966583498999124 0.785268036957841 NaN
0.341 -0.565760456501226 -0.0971019800618157 0.78526803695784 NaN
0.342 -0.564959902694285 -0.0975468786666338 0.78526803695784 NaN
0.343 -0.564169885145705 -0.097993265633008 0.785268036957841 NaN
0.344 -0.563391912587119 -0.0984413783914093 0.78526803695784 NaN
0.345 -0.562627570319294 -0.0988914716096042 0.78526803695784 NaN
0.346 -0.561878515459297 -0.0993438171071485 0.78526803695784 NaN
0.347 -0.561146470624515 -0.0997987027086774 0.78526803695784 NaN
0.348 -0.560433215517449 -0.100256432693154 0.78526803695784 NaN
0.349 -0.559740577043906 -0.100717324548213 0.78526803695784 NaN
0.35 -0.559070417425572 -0.101181707923287 0.785268036957841 NaN
0.351 -0.558424621154438 -0.1016499244636 0.78526803695784 NaN
0.352 -0.557805080489785 -0.102122322983983 0.78526803695784 NaN
0.353 -0.557213679926223 -0.102599258609353 0.78526803695784 NaN
0.354 -0.556652279951709 -0.103081091072151 0.785268036957841 NaN
0.355 -0.556122700223905 -0.103568179202027 0.78526803695784 NaN
0.356 -0.555626702610611 -0.104060880796862 0.78526803695784 NaN
0.357 -0.555165974475253 -0.104559547283392 0.78526803695784 NaN
0.358 -0.55474211234044 -0.10506452360981 0.78526803695784 NaN
0.359 -0.554356606289972 -0.105576141824298 0.785268036957841 NaN
0.36 -0.554010825686304 -0.106094721468595 0.78526803695784 NaN
0.361 -0.553706006053854 -0.106620564590973 0.78526803695784 NaN
0.362 -0.553443237767649 -0.107153954685092 0.78526803695784 NaN
0.363 -0.553223456489363 -0.107695153422706 0.78526803695784 NaN
0.364 -0.553047435725086 -0.108244400274653 0.78526803695784 NaN
0.365 -0.552915781620159 -0.108801908722106 0.78526803695784 NaN
0.366 -0.552828929880472 -0.109367866258652 0.78526803695784 NaN
0.367 -0.552787145162419 -0.109942434403616 0.785268036957841 NaN
0.368 -0.552790522709843 -0.110525745755496 0.78526803695784 NaN
0.369 -0.552838992262519 -0.111117906666434 0.785268036957841 NaN
0.37 -0.552932324169422 -0.111718994868104 0.785268036957841 NaN
0.371 -0.553070137510996 -0.112329062966966 0.785268036957841 NaN
0.372 -0.553251910101641 -0.112948136558899 0.785268036957841 NaN
0.373 -0.553476989989548 -0.113576217748038 0.78526803695784 NaN
0.374 -0.553744608559531 -0.114213286051639 0.785268036957841 NaN
0.375 -0.554053894630429 -0.114859300384619 0.78526803695784 NaN
0.376 -0.554403889457176 -0.11551420162736 0.78526803695784 NaN
0.377 -0.554793562315712 -0.116177913648138 0.78526803695784 NaN
0.378 -0.555221826392567 -0.116850347288447 0.785268036957841 NaN
0.379 -0.555687554657781 -0.117531403164336 0.78526803695784 NaN
0.38 -0.556189595586956 -0.118220972333939 0.78526803695784 NaN
0.381 -0.556726788200999 -0.11891894078699 0.785268036957841 NaN
0.382 -0.55729797662761 -0.119625191970488 0.78526803695784 NaN
0.383 -0.557902023579894 -0.120339607268508 0.785268036957841 NaN
0.384 -0.558537822811737 -0.121062071390264 0.785268036957841 NaN
0.385 -0.5592043102764 -0.121792471743124 0.78526803695784 NaN
0.386 -0.559900474022426 -0.122530702512361 0.78526803695784 NaN
0.387 -0.560625362589458 -0.123276665491591 0.785268036957841 NaN
0.388 -0.561378092098116 -0.124030271667434 0.78526803695784 NaN
0.389 -0.562157851664862 -0.124791442846571 0.785268036957841 NaN
0.39 -0.562963907467851 -0.125560113070844 0.78526803695784 NaN
0.391 -0.563795605485188 -0.126336227862541 0.78526803695784 NaN
0.392 -0.564652372651035 -0.127119748099733 0.78526803695784 NaN
0.393 -0.565533716989151 -0.12791064654438 0.78526803695784 NaN
0.394 -0.566439226234412 -0.128708910782471 0.785268036957841 NaN
0.395 -0.567368565825763 -0.129514541700611 0.785268036957841 NaN
0.396 -0.568321475608786 -0.130327554230349 0.78526803695784 NaN
0.397 -0.569297766055297 -0.131147976167551 0.785268036957841 NaN
0.398 -0.570297313383246 -0.131975848011289 0.785268036957841 NaN
0.399 -0.571320054567182 -0.132811221848166 0.78526803695784 NaN
0.4 -0.572365981517402 -0.133654161774677 0.785268036957841 NaN
0.401 -0.573435135329459 -0.134504739932362 0.78526803695784 NaN
0.402 -0.574527599992195 -0.135363040460941 0.785268036957841 NaN
0.403 -0.575643496393826 -0.136229153080526 0.785268036957841 NaN
0.404 -0.576782976003103 -0.13710317615575 0.78526803695784 NaN
0.405 -0.577946214932638 -0.137985212917016 0.785268036957841 NaN
0.406 -0.579133408060963 -0.138875372544139 0.785268036957841 NaN
0.407 -0.580344763427841 -0.139773767328687 0.785268036957841 NaN
0.408 -0.581580496923415 -0.140680512729359 0.78526803695784 NaN
0.409 -0.582840827563816 -0.141595725551175 0.785268036957841 NaN
0.41 -0.584125972865922 -0.142519524186767 0.785268036957841 NaN
0.411 -0.585436144838232 -0.143452027092685 0.785268036957841 NaN
0.412 -0.586771546482681 -0.144393351522501 0.785268036957841 NaN
0.413 -0.588132368630777 -0.145343613523775 0.785268036957841 NaN
0.414 -0.589518787467893 -0.146302927863426 0.78526803695784 NaN
0.415 -0.590930962263163 -0.147271405291815 0.78526803695784 NaN
0.416 -0.592369033919069 -0.148249155263537 0.78526803695784 NaN
0.417 -0.593833123520633 -0.149236282734906 0.78526803695784 NaN
0.418 -0.595323331733854 -0.150232889346479 0.785268036957841 NaN
0.419 -0.596839738245784 -0.15123907342917 0.785268036957841 NaN
0.42 -0.598382401763887 -0.152254928679096 0.785268036957841 NaN
0.421 -0.599951360285482 -0.153280545102571 0.785268036957841 NaN
0.422 -0.60154663155839 -0.154316008317415 0.78526803695784 NaN
0.423 -0.603168213720199 -0.155361400259395 0.78526803695784 NaN
0.424 -0.604816086249201 -0.156416799208132 0.785268036957841 NaN
0.425 -0.606490210851791 -0.157482278844857 0.78526803695784 NaN
0.426 -0.608190532535161 -0.158557909327432 0.785268036957841 NaN
0.427 -0.609916980514616 -0.159643757448538 0.78526803695784 NaN
0.428 -0.611669469250794 -0.160739886810768 0.785268036957841 NaN
0.429 -0.613447899314136 -0.16184635650612 0.785268036957841 NaN
0.43 -0.615252158123401 -0.162963223281754 0.785268036957841 NaN
0.431 -0.617082120709908 -0.16409054030633 0.78526803695784 NaN
0.432 -0.618937650082614 -0.165228357695615 0.785268036957841 NaN
0.433 -0.620818597658017 -0.166376722253784 0.78526803695784 NaN
0.434 -0.622724803248182 -0.167535677534822 0.785268036957841 NaN
0.435 -0.624656095141243 -0.168705263767984 0.785268036957841 NaN
0.436 -0.626612289940211 -0.169885517917369 0.785268036957841 NaN
0.437 -0.628593192145173 -0.171076473402744 0.785268036957841 NaN
0.438 -0.630598593803258 -0.172278160010099 0.78526803695784 NaN
0.439 -0.632628273995743 -0.17349060311492 0.78526803695784 NaN
0.44 -0.634681998313884 -0.174713825205831 0.785268036957841 NaN
0.441 -0.636759518199857 -0.17594784395877 0.785268036957841 NaN
0.442 -0.638860570541464 -0.177192671975651 0.78526803695784 NaN
0.443 -0.640984877044848 -0.178448317712788 0.785268036957841 NaN
0.444 -0.643132143984428 -0.179714786013125 0.785268036957841 NaN
0.445 -0.645302061826333 -0.18099207519154 0.78526803695784 NaN
0.446 -0.647494305163086 -0.182280179404615 0.785268036957841 NaN
0.447 -0.649708532655891 -0.183579087411589 0.78526803695784 NaN
0.448 -0.651944387284333 -0.184888783314104 0.785268036957841 NaN
0.449 -0.654201496626655 -0.186209245040477 0.78526803695784 NaN
0.45 -0.65647947334591 -0.187540447051589 0.78526803695784 NaN
0.451 -0.65877791576825 -0.188882357128204 0.78526803695784 NaN
0.452 -0.661096408601393 -0.190234939122712 0.78526803695784 NaN
0.453 -0.663434523698554 -0.191598151181113 0.78526803695784 NaN
0.454 -0.66579182087219 -0.192971947484406 0.785268036957841 NaN
0.455 -0.668167848709778 -0.194356277079274 0.785268036957841 NaN
0.456 -0.670562145334075 -0.195751084546339 0.78526803695784 NaN
0.457 -0.672974239095011 -0.197156309757346 0.78526803695784 NaN
0.458 -0.675403649141334 -0.198571888704964 0.78526803695784 NaN
0.459 -0.677849885818028 -0.199997752040647 0.785268036957841 NaN
0.46 -0.680312450827583 -0.201433827482912 0.78526803695784 NaN
0.461 -0.682790837364508 -0.202880037117585 0.785268036957841 NaN
0.462 -0.685284529775207 -0.204336297899374 0.78526803695784 NaN
0.463 -0.687793003122356 -0.205802523605091 0.78526803695784 NaN
0.464 -0.690315722500998 -0.207278622368685 0.78526803695784 NaN
0.465 -0.692852142191606 -0.208764496699892 0.78526803695784 NaN
0.466 -0.695401704423124 -0.210260043548 0.78526803695784 NaN
0.467 -0.697963838154963 -0.211765154132383 0.78526803695784 NaN
0.468 -0.700537957696601 -0.213279713031008 0.785268036957841 NaN
0.469 -0.703123461146042 -0.21480359831831 0.78526803695784 NaN
0.47 -0.705719728850166 -0.216336680511062 0.78526803695784 NaN
0.471 -0.708326121951671 -0.2178788220989 0.78526803695784 NaN
0.472 -0.710941980841375 -0.219429877790096 0.78526803695784 NaN
0.473 -0.713566623912847 -0.220989694103277 0.78526803695784 NaN
0.474 -0.716199346395679 -0.222558107226983 0.78526803695784 NaN
0.475 -0.718839419436994 -0.224134945825298 0.78526803695784 NaN
0.476 -0.721486089468904 -0.225720027221482 0.78526803695784 NaN
0.477 -0.724138577971875 -0.227313160261724 0.78526803695784 NaN
0.478 -0.726796081339868 -0.228914143934476 0.78526803695784 NaN
0.479 -0.729457771442471 -0.230522766961337 0.78526803695784 NaN
0.48 -0.732122796187684 -0.232138808524279 0.78526803695784 NaN
0.481 -0.734790280827222 -0.23376203830528 0.78526803695784 NaN
0.482 -0.737459329232299 -0.23539221717796 0.78526803695784 NaN
0.483 -0.740129025736784 -0.237029096947881 0.78526803695784 NaN
0.484 -0.742798437212891 -0.23867242115112 0.78526803695784 NaN
0.485 -0.745466615310347 -0.240321925338746 0.78526803695784 NaN
0.486 -0.748132598926506 -0.241977337739756 0.785268036957841 NaN
0.487 -0.750795416809885 -0.243638380453984 0.78526803695784 NaN
0.488 -0.753454090169255 -0.245304769153289 0.78526803695784 NaN
0.489 -0.756107635300525 -0.246976214658862 0.78526803695784 NaN
0.49 -0.75875506609868 -0.248652422511388 0.78526803695784 NaN
0.491 -0.761395396384681 -0.250333094611715 0.78526803695784 NaN
0.492 -0.764027642116172 -0.252017929592148 0.78526803695784 NaN
0.493 -0.766650823078436 -0.253706622011869 0.78526803695784 NaN
0.494 -0.769263964484237 -0.255398865184204 0.78526803695784 NaN
0.495 -0.771866098029774 -0.25709434881271 0.78526803695784 NaN
0.496 -0.774456262457296 -0.258792761758825 0.78526803695784 NaN
0.497 -0.777033503813412 -0.260493789495654 0.78526803695784 NaN
0.498 -0.77959687510866 -0.262197116169625 0.78526803695784 NaN
0.499 -0.782145435461839 -0.263902423602543 0.78526803695784 NaN
0.5 -0.784678248906214 -0.265609390442541 0.78526803695784 NaN
0.501 -0.7871943826089 -0.267317693047284 0.78526803695784 NaN
0.502 -0.789692904731961 -0.269027003338237 0.78526803695784 NaN
0.503 -0.792172881905856 -0.270736989129379 0.78526803695784 NaN
0.504 -0.794633376412796 -0.272447313670559 0.78526803695784 NaN
0.505 -0.797073443123904 -0.274157633451213 0.78526803695784 NaN
0.506 -0.799492126289924 -0.275867599208993 0.78526803695784 NaN
0.507 -0.80188845627367 -0.277576852794012 0.78526803695784 NaN
0.508 -0.804261446271704 -0.279285028793231 0.78526803695784 NaN
0.509 -0.806610089237921 -0.280991751383121 0.78526803695784 NaN
0.51 -0.808933354965 -0.282696634520849 0.78526803695784 NaN
0.511 -0.811230187601172 -0.28439928193055 0.78526803695784 NaN
0.512 -0.813499503509979 -0.286099285155387 0.78526803695784 NaN
0.513 -0.815740189747249 -0.287796223141959 0.78526803695784 NaN
0.514 -0.81795110308169 -0.289489663912861 0.78526803695784 NaN
0.515 -0.820131069775325 -0.291179162345404 0.78526803695784 NaN
0.516 -0.822278886188296 -0.292864260155331 0.78526803695784 NaN
0.517 -0.824393320079286 -0.294544488884858 0.78526803695784 NaN
0.518 -0.8264731129839 -0.296219367951399 0.78526803695784 NaN
0.519 -0.828516983287441 -0.297888406384662 0.78526803695784 NaN
0.52 -0.830523630381329 -0.299551103935617 0.78526803695784 NaN
0.521 -0.83249173969676 -0.301206953615881 0.785268036957841 NaN
0.522 -0.834419988519983 -0.302855442676082 0.785268036957841 NaN
0.523 -0.836307052828829 -0.304496052878365 0.78526803695784 NaN
0.524 -0.838151614781675 -0.306128266544961 0.785268036957841 NaN
0.525 -0.839952370977114 -0.307751566383585 0.78526803695784 NaN
0.526 -0.841708041186554 -0.309365438774456 0.78526803695784 NaN
0.527 -0.843417377837557 -0.310969376292894 0.785268036957841 NaN
0.528 -0.845079175549355 -0.312562882510766 0.78526803695784 NaN
0.529 -0.846692281121859 -0.314145473491844 0.78526803695784 NaN
0.53 -0.848255603560422 -0.315716681378743 0.78526803695784 NaN
0.531 -0.849768123879216 -0.317276058166856 0.78526803695784 NaN
0.532 -0.851228904790798 -0.318823178208381 0.78526803695784 NaN
0.533 -0.85263710002893 -0.32035764207637 0.785268036957841 NaN
0.534 -0.853991962918195 -0.321879079130403 0.78526803695784 NaN
0.535 -0.855292854434406 -0.323387149978118 0.785268036957841 NaN
0.536 -0.856539250234486 -0.324881550179769 0.78526803695784 NaN
0.537 -0.857730746706163 -0.32636201177262 0.785268036957841 NaN
0.538 -0.858867065988242 -0.3278283045537 0.785268036957841 NaN
0.539 -0.859948059609152 -0.329280238987346 0.78526803695784 NaN
0.54 -0.86097371076787 -0.330717667301822 0.785268036957841 NaN
0.541 -0.861944135495527 -0.332140482615922 0.785268036957841 NaN
0.542 -0.862859581986188 -0.333548621425788 0.785268036957841 NaN
0.543 -0.863720428720244 -0.334942062296853 0.78526803695784 NaN
0.544 -0.864527180976307 -0.336320824919363 0.785268036957841 NaN
0.545 -0.865280466096669 -0.337684970492567 0.78526803695784 NaN
0.546 -0.865981027086093 -0.339034597727284 0.785268036957841 NaN
0.547 -0.866629715081613 -0.340369844076683 0.78526803695784 NaN
0.548 -0.867227480677098 -0.341690880180186 0.78526803695784 NaN
0.549 -0.867775363885033 -0.342997909383348 0.785268036957841 NaN
0.55 -0.868274483344792 -0.344291162836883 0.785268036957841 NaN
0.551 -0.868726024704087 -0.345570897704308 0.785268036957841 NaN
0.552 -0.869131228261465 -0.346837391498591 0.785268036957841 NaN
0.553 -0.869491376185842 -0.348090940332977 0.785268036957841 NaN
0.554 -0.869807779489203 -0.34933185240265 0.785268036957841 NaN
0.555 -0.870081764859053 -0.350560446634347 0.785268036957841 NaN
0.556 -0.87031466149286 -0.351777044860342 0.78526803695784 NaN
0.557 -0.870507788420814 -0.352981971666188 0.78526803695784 NaN
0.558 -0.870662441993268 -0.354175546979536 0.785268036957841 NaN
0.559 -0.870779884201498 -0.35535808357363 0.78526803695784 NaN
0.56 -0.870861331645905 -0.356529883199583 0.78526803695784 NaN
0.561 -0.870907945360587 -0.357691233567177 0.785268036957841 NaN
0.562 -0.870920821881158 -0.358842403349651 0.785268036957841 NaN
0.563 -0.870900985046671 -0.359983640834678 0.78526803695784 NaN
0.564 -0.870849379452337 -0.3611151715681 0.785268036957841 NaN
0.565 -0.870766864774954 -0.362237194835265 0.78526803695784 NaN
0.566 -0.870654211644234 -0.363349882783177 0.785268036957841 NaN
0.567 -0.870512098727288 -0.364453378937573 0.785268036957841 NaN
0.568 -0.870341111097217 -0.365547798144575 0.78526803695784 NaN
0.569 -0.870141739978481 -0.366633224131027 0.785268036957841 NaN
0.57 -0.869914383574735 -0.367709711640908 0.785268036957841 NaN
0.571 -0.869659349251326 -0.368777285352726 0.785268036957841 NaN
0.572 -0.869376856647827 -0.369835940780983 0.785268036957841 NaN
0.573 -0.86906704185918 -0.370885646347095 0.785268036957841 NaN
0.574 -0.868729962477367 -0.371926343384581 0.78526803695784 NaN
0.575 -0.868365603400866 -0.372957949471995 0.785268036957841 NaN
0.576 -0.867973883331823 -0.373980358140259 0.78526803695784 NaN
0.577 -0.867554661707886 -0.374993444378801 0.78526803695784 NaN
0.578 -0.867107746175138 -0.375997063061309 0.785268036957841 NaN
0.579 -0.866632900058274 -0.376991054440517 0.785268036957841 NaN
0.58 -0.866129850343003 -0.377975245557212 0.78526803695784 NaN
0.581 -0.865598295341728 -0.378949452470957 0.785268036957841 NaN
0.582 -0.865037912366061 -0.379913483712424 0.78526803695784 NaN
0.583 -0.864448365105184 -0.380867141966748 0.78526803695784 NaN
0.584 -0.863829311058703 -0.381810227886384 0.78526803695784 NaN
0.585 -0.863180408504588 -0.382742540810191 0.785268036957841 NaN
0.586 -0.862501322976109 -0.38366388221521 0.78526803695784 NaN
0.587 -0.861791732647617 -0.384574057969016 0.78526803695784 NaN
0.588 -0.861051333446272 -0.385472879178135 0.78526803695784 NaN
0.589 -0.860279843841866 -0.386360164981735 0.78526803695784 NaN
0.59 -0.859477009799699 -0.387235742547737 0.78526803695784 NaN
0.591 -0.858642608314257 -0.388099451437761 0.78526803695784 NaN
0.592 -0.857776449287045 -0.388951141902791 0.785268036957841 NaN
0.593 -0.856878379381285 -0.389790677020486 0.78526803695784 NaN
0.594 -0.855948283691961 -0.39061793474328 0.78526803695784 NaN
0.595 -0.85498608494752 -0.391432805452586 0.78526803695784 NaN
0.596 -0.853991744972243 -0.392235193948485 0.785268036957841 NaN
0.597 -0.852965266952863 -0.393025021293434 0.78526803695784 NaN
0.598 -0.85190669468823 -0.393802223004082 0.78526803695784 NaN
0.599 -0.850816111396661 -0.394566749837112 0.78526803695784 NaN
0.6 -0.849693640269475 -0.39531856692685 0.785268036957841 NaN
0.601 -0.848539444321656 -0.396057656347566 0.785268036957841 NaN
0.602 -0.847353723878928 -0.396784012886623 0.78526803695784 NaN
0.603 -0.846136714185215 -0.397497646470464 0.78526803695784 NaN
0.604 -0.844888684063014 -0.398198579284587 0.78526803695784 NaN
0.605 -0.843609934140329 -0.398886846653211 0.78526803695784 NaN
0.606 -0.842300798310032 -0.399562497921871 0.78526803695784 NaN
0.607 -0.840961640229542 -0.400225594162657 0.78526803695784 NaN
0.608 -0.83959285182083 -0.400876208560121 0.785268036957841 NaN
0.609 -0.838194855613361 -0.401514427704974 0.78526803695784 NaN
0.61 -0.836768101370035 -0.402140349380244 0.78526803695784 NaN
0.611 -0.835313061310534 -0.402754081402769 0.785268036957841 NaN
0.612 -0.833830229072325 -0.403355741501489 0.78526803695784 NaN
0.613 -0.832320120217498 -0.40394545702496 0.78526803695784 NaN
0.614 -0.830783271541532 -0.404523365045598 0.78526803695784 NaN
0.615 -0.829220239798223 -0.405089612783198 0.78526803695784 NaN
0.616 -0.827631600760468 -0.405644355830177 0.78526803695784 NaN
0.617 -0.826017947434944 -0.406187758570309 0.78526803695784 NaN
0.618 -0.824379889688522 -0.406719993719766 0.78526803695784 NaN
0.619 -0.822718052813035 -0.407241242695555 0.78526803695784 NaN
0.62 -0.821033075667841 -0.40775169255853 0.78526803695784 NaN
0.621 -0.81932561107371 -0.408251540280423 0.78526803695784 NaN
0.622 -0.817596325438668 -0.408740987225672 0.78526803695784 NaN
0.623 -0.815845897375787 -0.409220244812744 0.78526803695784 NaN
0.624 -0.814075016414316 -0.409689528972686 0.78526803695784 NaN
0.625 -0.812284382677076 -0.410149062149721 0.78526803695784 NaN
0.626 -0.810474706189212 -0.410599073694471 0.78526803695784 NaN
0.627 -0.808646706166825 -0.411039797897257 0.78526803695784 NaN
0.628 -0.806801111767784 -0.411471475937334 0.78526803695784 NaN
0.629 -0.804938661806774 -0.411894355052998 0.785268036957841 NaN
0.63 -0.803060103301736 -0.412308687946025 0.785268036957841 NaN
0.631 -0.801166192124168 -0.412714732999952 0.78526803695784 NaN
0.632 -0.799257694250783 -0.413112755753711 0.78526803695784 NaN
0.633 -0.797335385126595 -0.413503026679988 0.78526803695784 NaN
0.634 -0.795400050486365 -0.413885824991199 0.78526803695784 NaN
0.635 -0.793452483700228 -0.414261432988797 0.78526803695784 NaN
0.636 -0.79149349031528 -0.414630142442228 0.785268036957841 NaN
0.637 -0.789523890779542 -0.41499225235509 0.78526803695784 NaN
0.638 -0.787544516498722 -0.415348069988323 0.78526803695784 NaN
0.639 -0.785556210115252 -0.415697909171094 0.78526803695784 NaN
0.64 -0.783559828641965 -0.41604209241469 0.78526803695784 NaN
0.641 -0.781556245075089 -0.416380952385806 0.78526803695784 NaN
0.642 -0.779546348443964 -0.416714830177183 0.78526803695784 NaN
0.643 -0.777531044167934 -0.417044077496308 0.78526803695784 NaN
0.644 -0.775511254619646 -0.417369056501785 0.78526803695784 NaN
0.645 -0.773487919589034 -0.417690139099147 0.78526803695784 NaN
0.646 -0.77146199647325 -0.418007707921342 0.78526803695784 NaN
0.647 -0.769434460222758 -0.418322156915717 0.78526803695784 NaN
0.648 -0.767406302816757 -0.418633890315482 0.78526803695784 NaN
0.649 -0.765378532995567 -0.418943323377609 0.78526803695784 NaN
0.65 -0.763352175544623 -0.419250881508643 0.78526803695784 NaN
0.651 -0.761328270393662 -0.419557000278579 0.78526803695784 NaN
0.652 -0.759307871382034 -0.419862125934959 0.78526803695784 NaN
0.653 -0.757292044657042 -0.420166712815503 0.78526803695784 NaN
0.654 -0.755281866900332 -0.420471224493656 0.78526803695784 NaN
0.655 -0.753278423244216 -0.420776132044059 0.78526803695784 NaN
0.656 -0.751282805111348 -0.42108191317852 0.78526803695784 NaN
0.657 -0.7492961080845 -0.421389052104424 0.78526803695784 NaN
0.658 -0.747319429505023 -0.421698037762176 0.78526803695784 NaN
0.659 -0.745353866235153 -0.422009362848682 0.78526803695784 NaN
0.66 -0.743400512360938 -0.422323523725978 0.78526803695784 NaN
0.661 -0.741460456691979 -0.422641017859221 0.78526803695784 NaN
0.662 -0.739534780879069 -0.422962344792073 0.785268036957841 NaN
0.663 -0.737624557305887 -0.423288003028599 0.78526803695784 NaN
0.664 -0.735730847313719 -0.423618491659295 0.78526803695784 NaN
0.665 -0.733854699620914 -0.423954307261086 0.78526803695784 NaN
0.666 -0.731997149262957 -0.42429594522058 0.785268036957841 NaN
0.667 -0.730159216753762 -0.424643897857609 0.78526803695784 NaN
0.668 -0.728341907539126 -0.424998655960853 0.78526803695784 NaN
0.669 -0.726546211744281 -0.425360706078956 0.78526803695784 NaN
0.67 -0.724773104303617 -0.425730532939248 0.785268036957841 NaN
0.671 -0.723023545427081 -0.426108618246397 0.78526803695784 NaN
0.672 -0.721298481380494 -0.42649544127266 0.78526803695784 NaN
0.673 -0.719598845618662 -0.42689148006968 0.78526803695784 NaN
0.674 -0.717925560229751 -0.427297210693232 0.78526803695784 NaN
0.675 -0.716279537249591 -0.427713108903339 0.78526803695784 NaN
0.676 -0.714661680410139 -0.428139651163348 0.78526803695784 NaN
0.677 -0.713072886593994 -0.428577313786922 0.78526803695784 NaN
0.678 -0.711514047719833 -0.42902657571251 0.78526803695784 NaN
0.679 -0.709986052456214 -0.429487918334073 0.785268036957841 NaN
0.68 -0.708489787509393 -0.429961826345349 0.78526803695784 NaN
0.681 -0.707026138918148 -0.430448787725383 0.78526803695784 NaN
0.682 -0.705595992916873 -0.430949296175607 0.78526803695784 NaN
0.683 -0.704200236499981 -0.431463848711163 0.78526803695784 NaN
0.684 -0.702839757529384 -0.431992948340587 0.78526803695784 NaN
0.685 -0.701515444406593 -0.432537102029285 0.78526803695784 NaN
0.686 -0.700228185295505 -0.433096821477602 0.78526803695784 NaN
0.687 -0.698978866429556 -0.433672622306272 0.78526803695784 NaN
0.688 -0.697768370269538 -0.434265022248334 0.78526803695784 NaN
0.689 -0.696597572775864 -0.434874541344811 0.78526803695784 NaN
0.69 -0.695467340257588 -0.435501699615593 0.785268036957841 NaN
0.691 -0.694378525536257 -0.436147014740552 0.78526803695784 NaN
0.692 -0.693331963541753 -0.436811000907812 0.78526803695784 NaN
0.693 -0.692328466648689 -0.437494165917842 0.78526803695784 NaN
0.694 -0.691368818997449 -0.43819700788132 0.78526803695784 NaN
0.695 -0.690453771289698 -0.438920013850557 0.78526803695784 NaN
0.696 -0.689584034373048 -0.439663655383316 0.78526803695784 NaN
0.697 -0.68876027319738 -0.440428385388255 0.78526803695784 NaN
0.698 -0.687983100620763 -0.441214635702328 0.78526803695784 NaN
0.699 -0.687253070873123 -0.442022812494717 0.78526803695784 NaN
0.7 -0.686570673254022 -0.442853294075804 0.78526803695784 NaN
0.701 -0.685936325796524 -0.443706425876757 0.78526803695784 NaN
0.702 -0.685350369797806 -0.444582518705306 0.78526803695784 NaN
0.703 -0.684813063947223 -0.445481845126815 0.78526803695784 NaN
0.704 -0.684324579583532 -0.44640463524347 0.78526803695784 NaN
0.705 -0.683884996511876 -0.447351076710917 0.78526803695784 NaN
0.706 -0.683494299213509 -0.44832130973435 0.78526803695784 NaN
0.707 -0.68315237361926 -0.449315426673382 0.78526803695784 NaN
0.708 -0.682859005061987 -0.45033346949145 0.78526803695784 NaN
0.709 -0.682613877110768 -0.45137542949047 0.78526803695784 NaN
0.71 -0.682416571730436 -0.452441245399889 0.78526803695784 NaN
0.711 -0.682266569775289 -0.453530805060792 0.78526803695784 NaN
0.712 -0.682163252505552 -0.454643943830052 0.78526803695784 NaN
0.713 -0.682105903321594 -0.455780446423818 0.78526803695784 NaN
0.714 -0.682093712384438 -0.45694004720476 0.78526803695784 NaN
0.715 -0.682125781788441 -0.458122433166991 0.78526803695784 NaN
0.716 -0.682201131653144 -0.459327247045591 0.78526803695784 NaN
0.717 -0.682318704846914 -0.460554088362359 0.78526803695784 NaN
0.718 -0.682477373711002 -0.461802517555008 0.78526803695784 NaN
0.719 -0.682675949533657 -0.463072058312365 0.78526803695784 NaN
0.72 -0.682913192189765 -0.464362205498662 0.78526803695784 NaN
0.721 -0.683187817201363 -0.465672425527945 0.78526803695784 NaN
0.722 -0.683498504128029 -0.467002162032025 0.78526803695784 NaN
0.723 -0.683843910172856 -0.468350842745673 0.78526803695784 NaN
0.724 -0.684222680847313 -0.469717883628532 0.78526803695784 NaN
0.725 -0.684633455967943 -0.47110269430769 0.78526803695784 NaN
0.726 -0.685074877628066 -0.472504679473952 0.785268036957841 NaN
0.727 -0.685545603944755 -0.47392324814074 0.78526803695784 NaN
0.728 -0.686044320185806 -0.475357817886447 0.78526803695784 NaN
0.729 -0.686569746943464 -0.476807821520154 0.785268036957841 NaN
0.73 -0.687120648568538 -0.478272709152151 0.78526803695784 NaN
0.731 -0.687695840390094 -0.479751953573531 0.78526803695784 NaN
0.732 -0.688294195072706 -0.481245053736541 0.78526803695784 NaN
0.733 -0.68891464920958 -0.482751538200635 0.78526803695784 NaN
0.734 -0.68955620945703 -0.484270969355116 0.78526803695784 NaN
0.735 -0.690217957630593 -0.485802945292567 0.78526803695784 NaN
0.736 -0.690899054815177 -0.487347103610412 0.785268036957841 NaN
0.737 -0.691598744251377 -0.488903122412621 0.785268036957841 NaN
0.738 -0.692316352592127 -0.490470720853051 0.78526803695784 NaN
0.739 -0.693051290559658 -0.492049662231098 0.78526803695784 NaN
0.74 -0.693803052573547 -0.493639750920118 0.78526803695784 NaN
0.741 -0.694571215905698 -0.49524083473711 0.78526803695784 NaN
0.742 -0.69535543883959 -0.496852803601665 0.78526803695784 NaN
0.743 -0.696155457770102 -0.498475588194346 0.78526803695784 NaN
0.744 -0.69697108329355 -0.500109158265523 0.78526803695784 NaN
0.745 -0.697802195940906 -0.501753520563121 0.78526803695784 NaN
0.746 -0.698648740978755 -0.503408716485399 0.78526803695784 NaN
0.747 -0.699510722851438 -0.505074819163917 0.78526803695784 NaN
0.748 -0.700388198880704 -0.506751930470972 0.78526803695784 NaN
0.749 -0.701281272995627 -0.508440177711635 0.78526803695784 NaN
0.75 -0.70219008904134 -0.510139709981837 0.785268036957841 NaN
0.751 -0.703114823693798 -0.511850695115596 0.78526803695784 NaN
0.752 -0.704055679267827 -0.513573314350967 0.78526803695784 NaN
0.753 -0.705012876658514 -0.515307760796741 0.785268036957841 NaN
0.754 -0.70598664836639 -0.517054234156488 0.78526803695784 NaN
0.755 -0.706977231457211 -0.518812936746818 0.785268036957841 NaN
0.756 -0.707984861023019 -0.520584070753236 0.78526803695784 NaN
0.757 -0.709009763943782 -0.522367834535677 0.785268036957841 NaN
0.758 -0.710052152710197 -0.524164418216609 0.78526803695784 NaN
0.759 -0.711112220168935 -0.525974001793773 0.785268036957841 NaN
0.76 -0.712190133889254 -0.527796752062072 0.785268036957841 NaN
0.761 -0.713286031647793 -0.529632818782722 0.785268036957841 NaN
0.762 -0.71440001718088 -0.531482332563254 0.78526803695784 NaN
0.763 -0.715532156275484 -0.533345403778507 0.785268036957841 NaN
0.764 -0.71668247391704 -0.53522211856045 0.785268036957841 NaN
0.765 -0.717850951287554 -0.537112538391498 0.785268036957841 NaN
0.766 -0.719037523633723 -0.53901669927029 0.785268036957841 NaN
0.767 -0.720242078766864 -0.540934608365168 0.785268036957841 NaN
0.768 -0.721464456025865 -0.542866245820142 0.785268036957841 NaN
0.769 -0.722704445410273 -0.54481156157652 0.785268036957841 NaN
0.77 -0.723961787371202 -0.546770476981131 0.785268036957841 NaN
0.771 -0.725236172999043 -0.548742883762954 0.785268036957841 NaN
0.772 -0.726527244595172 -0.550728643921431 0.785268036957841 NaN
0.773 -0.727834596218335 -0.552727590269462 0.785268036957841 NaN
0.774 -0.729157775438865 -0.554739526895839 0.785268036957841 NaN
0.775 -0.730496285091282 -0.556764230147163 0.78526803695784 NaN
0.776 -0.731849582637525 -0.558801447374485 0.78526803695784 NaN
0.777 -0.733217086952108 -0.560850901933438 0.785268036957841 NaN
0.778 -0.734598181280308 -0.562912292409708 0.785268036957841 NaN
0.779 -0.735992200967032 -0.564985287741066 0.785268036957841 NaN
0.78 -0.73739844537096 -0.567069533700717 0.785268036957841 NaN
0.781 -0.738816189239396 -0.569164657882759 0.785268036957841 NaN
0.782 -0.740244684242429 -0.571270269561643 0.785268036957841 NaN
0.783 -0.741683155717169 -0.573385959232178 0.785268036957841 NaN
0.784 -0.743130796310372 -0.575511294023192 0.785268036957841 NaN
0.785 -0.744586769647964 -0.577645821929265 0.785268036957841 NaN
0.786 -0.746050221818258 -0.579789075834727 0.785268036957841 NaN
0.787 -0.747520285953122 -0.58194057616105 0.785268036957841 NaN
0.788 -0.748996077566271 -0.584099828673872 0.785268036957841 NaN
0.789 -0.750476700100005 -0.586266328471731 0.785268036957841 NaN
0.79 -0.751961246896414 -0.588439558533124 0.785268036957841 NaN
0.791 -0.753448799020642 -0.590618990594631 0.785268036957841 NaN
0.792 -0.754938430758476 -0.592804087234242 0.785268036957841 NaN
0.793 -0.756429209467141 -0.594994302278302 0.785268036957841 NaN
0.794 -0.75792019453641 -0.597189079829308 0.785268036957841 NaN
0.795 -0.759410440302579 -0.599387856179668 0.785268036957841 NaN
0.796 -0.760898997777363 -0.601590060397483 0.785268036957841 NaN
0.797 -0.762384916714534 -0.603795116141983 0.785268036957841 NaN
0.798 -0.763867244947789 -0.606002441053074 0.785268036957841 NaN
0.799 -0.765345029542539 -0.608211446755838 0.785268036957841 NaN
0.8 -0.766817313506371 -0.610421538754534 0.785268036957841 NaN
0.801 -0.768283135957118 -0.612632114785512 0.785268036957841 NaN
0.802 -0.769741534611696 -0.614842566851887 0.785268036957841 NaN
0.803 -0.771191546083188 -0.617052280168318 0.785268036957841 NaN
0.804 -0.772632205332884 -0.619260635472336 0.785268036957841 NaN
0.805 -0.774062545569712 -0.621467007125413 0.785268036957841 NaN
0.806 -0.775481597899037 -0.623670765102838 0.785268036957841 NaN
0.807 -0.776888390381174 -0.625871272713342 0.785268036957841 NaN
0.808 -0.778281948388663 -0.628067887011067 0.785268036957841 NaN
0.809 -0.779661295816049 -0.630259960209492 0.785268036957841 NaN
0.81 -0.781025450292607 -0.632446836122547 0.785268036957841 NaN
0.811 -0.782373425603765 -0.634627851824656 0.785268036957841 NaN
0.812 -0.783704234295208 -0.636802337422659 0.785268036957841 NaN
0.813 -0.785016885864311 -0.638969619575955 0.785268036957841 NaN
0.814 -0.78631038679413 -0.641129018990484 0.785268036957841 NaN
0.815 -0.787583742002311 -0.643279851544665 0.785268036957841 NaN
0.816 -0.788835955843394 -0.645421428736608 0.785268036957841 NaN
0.817 -0.790066031631901 -0.647553058594627 0.785268036957841 NaN
0.818 -0.79127297351679 -0.649674044639733 0.78526803695784 NaN
0.819 -0.792455788305487 -0.651783689683985 0.785268036957841 NaN
0.82 -0.793613486142183 -0.653881293118762 0.785268036957841 NaN
0.821 -0.794745081729446 -0.655966154576741 0.785268036957841 NaN
0.822 -0.795849595347689 -0.658037573857887 0.785268036957841 NaN
0.823 -0.796926054884107 -0.66009485165223 0.785268036957841 NaN
0.824 -0.797973497492757 -0.662137292075732 0.785268036957841 NaN
0.825 -0.798990971155967 -0.664164202231812 0.785268036957841 NaN
0.826 -0.799977535941837 -0.666174894577874 0.785268036957841 NaN
0.827 -0.800932265840149 -0.668168686857 0.785268036957841 NaN
0.828 -0.801854250653401 -0.670144903444325 0.785268036957841 NaN
0.829 -0.802742597704917 -0.672102878038923 0.785268036957841 NaN
0.83 -0.803596432865755 -0.674041952290288 0.785268036957841 NaN
0.831 -0.804414901824654 -0.675961478583453 0.785268036957841 NaN
0.832 -0.805197170937241 -0.677860819931807 0.785268036957841 NaN
0.833 -0.805942428777775 -0.679739351070934 0.785268036957841 NaN
0.834 -0.806649886908274 -0.681596459503158 0.785268036957841 NaN
0.835 -0.80731878074391 -0.683431545615329 0.785268036957841 NaN
0.836 -0.807948369701627 -0.685244024399182 0.785268036957841 NaN
0.837 -0.808537937301024 -0.687033323536809 0.785268036957841 NaN
0.838 -0.809086791295038 -0.688798886092681 0.785268036957841 NaN
0.839 -0.809594263866988 -0.690540169312809 0.785268036957841 NaN
0.84 -0.810059711347738 -0.692256645123693 0.78526803695784 NaN
0.841 -0.810482514216016 -0.693947800907132 0.785268036957841 NaN
0.842 -0.810862076328764 -0.695613137994043 0.785268036957841 NaN
0.843 -0.811197824937561 -0.697252173571142 0.785268036957841 NaN
0.844 -0.811489209955002 -0.698864438575116 0.785268036957841 NaN
0.845 -0.811735703718924 -0.700449479174019 0.785268036957841 NaN
0.846 -0.811936800624005 -0.702006855698786 0.785268036957841 NaN
0.847 -0.812092016764652 -0.703536143263599 0.785268036957841 NaN
0.848 -0.812200890489698 -0.705036931893304 0.785268036957841 NaN
0.849 -0.812262981258254 -0.706508825880174 0.785268036957841 NaN
0.85 -0.812277870807108 -0.707951445846961 0.785268036957841 NaN
0.851 -0.812245164740897 -0.709364427593099 0.785268036957841 NaN
0.852 -0.812164492300416 -0.710747421477257 0.785268036957841 NaN
0.853 -0.81203550710243 -0.712100097174362 0.785268036957841 NaN
0.854 -0.811857888960045 -0.713422140673631 0.78526803695784 NaN
0.855 -0.811631345770564 -0.714713256697344 0.785268036957841 NaN
0.856 -0.811355614998627 -0.715973170757023 0.785268036957841 NaN
0.857 -0.811030466128146 -0.717201628458261 0.785268036957841 NaN
0.858 -0.810655703379245 -0.718398399182997 0.785268036957841 NaN
0.859 -0.810231167607713 -0.719563274955082 0.785268036957841 NaN
0.86 -0.809756739528892 -0.720696075270094 0.78526803695784 NaN
0.861 -0.809232341680154 -0.721796646766374 0.78526803695784 NaN
0.862 -0.808657939536154 -0.722864860626622 0.785268036957841 NaN
0.863 -0.80803354935474 -0.723900621575345 0.78526803695784 NaN
0.864 -0.807359240319965 -0.724903868746269 0.785268036957841 NaN
0.865 -0.806635132349774 -0.725874570714508 0.78526803695784 NaN
0.866 -0.805861400127649 -0.726812730474682 0.785268036957841 NaN
0.867 -0.805038279292707 -0.727718389962016 0.78526803695784 NaN
0.868 -0.80416606773069 -0.728591630130775 0.785268036957841 NaN
0.869 -0.803245125944224 -0.729432570528574 0.785268036957841 NaN
0.87 -0.802275878811039 -0.730241369348424 0.785268036957841 NaN
0.871 -0.801258816296946 -0.731018226708347 0.785268036957841 NaN
0.872 -0.800194494774732 -0.73176338294839 0.78526803695784 NaN
0.873 -0.799083538312556 -0.732477121161291 0.78526803695784 NaN
0.874 -0.797926639599971 -0.733159766210861 0.78526803695784 NaN
0.875 -0.796724554559407 -0.733811685091583 0.785268036957841 NaN
0.876 -0.795478101315062 -0.734433284298881 0.78526803695784 NaN
0.877 -0.794188160230694 -0.735025009763748 0.78526803695784 NaN
0.878 -0.792855667884266 -0.735587341411572 0.78526803695784 NaN
0.879 -0.791481618056929 -0.73612079491603 0.78526803695784 NaN
0.88 -0.790067059848098 -0.736625925594344 0.78526803695784 NaN
0.881 -0.788613086710685 -0.737103318335153 0.78526803695784 NaN
0.882 -0.787120827593879 -0.737553582375035 0.78526803695784 NaN
0.883 -0.785591452167063 -0.737977354593768 0.78526803695784 NaN
0.884 -0.784026158862306 -0.738375291501034 0.78526803695784 NaN
0.885 -0.782426165169094 -0.738748065094589 0.78526803695784 NaN
0.886 -0.780792706451874 -0.739096365943202 0.785268036957841 NaN
0.887 -0.779127030098053 -0.739420895354752 0.78526803695784 NaN
0.888 -0.777430387782118 -0.739722359659079 0.785268036957841 NaN
0.889 -0.775704023739842 -0.740001465494458 0.78526803695784 NaN
0.89 -0.773949169310625 -0.740258918067202 0.78526803695784 NaN
0.891 -0.772167034727555 -0.740495415461917 0.78526803695784 NaN
0.892 -0.770358807592606 -0.740711646159798 0.78526803695784 NaN
0.893 -0.768525649254651 -0.740908288736339 0.78526803695784 NaN
0.894 -0.766668686530249 -0.74108600872545 0.78526803695784 NaN
0.895 -0.7647889959832 -0.741245444369689 0.785268036957841 NaN
0.896 -0.762887598825854 -0.741387204408868 0.78526803695784 NaN
0.897 -0.760965467239486 -0.741511873500693 0.785268036957841 NaN
0.898 -0.759023526668227 -0.74162001253559 0.785268036957841 NaN
0.899 -0.757062642371013 -0.741712152443901 0.785268036957841 NaN
0.9 -0.755083611561081 -0.741788786996316 0.78526803695784 NaN
0.901 -0.753087165442435 -0.741850374747411 0.78526803695784 NaN
0.902 -0.75107397853807 -0.741897342609156 0.785268036957841 NaN
0.903 -0.749044668597902 -0.741930085511345 0.785268036957841 NaN
0.904 -0.746999779815911 -0.741948959931908 0.78526803695784 NaN
0.905 -0.744939783296463 -0.741954282106137 0.78526803695784 NaN
0.906 -0.742865093299909 -0.741946336954279 0.785268036957841 NaN
0.907 -0.740776069658474 -0.741925376737317 0.78526803695784 NaN
0.908 -0.738673017288332 -0.741891622759975 0.78526803695784 NaN
0.909 -0.736556195125099 -0.741845270767101 0.785268036957841 NaN
0.91 -0.734425811872532 -0.741786486941513 0.785268036957841 NaN
0.911 -0.732282023383259 -0.741715409120478 0.785268036957841 NaN
0.912 -0.73012494823778 -0.741632151665762 0.785268036957841 NaN
0.913 -0.727954679260726 -0.741536813056567 0.785268036957841 NaN
0.914 -0.725771281359683 -0.74142947476831 0.785268036957841 NaN
0.915 -0.723574791561012 -0.741310203877262 0.785268036957841 NaN
0.916 -0.721365228226097 -0.741179055779929 0.785268036957841 NaN
0.917 -0.719142600257751 -0.741036080175316 0.785268036957841 NaN
0.918 -0.71690691175032 -0.74088132246915 0.78526803695784 NaN
0.919 -0.714658166342334 -0.740714828152563 0.78526803695784 NaN
0.92 -0.712396372827852 -0.740536644746971 0.785268036957841 NaN
0.921 -0.710121550637404 -0.740346826336899 0.785268036957841 NaN
0.922 -0.707833734076077 -0.740145436029452 0.78526803695784 NaN
0.923 -0.70553297686022 -0.739932548155227 0.785268036957841 NaN
0.924 -0.70321935717998 -0.739708250753816 0.78526803695784 NaN
0.925 -0.700892982160214 -0.739472649751222 0.78526803695784 NaN
0.926 -0.69855398995213 -0.739225868678225 0.78526803695784 NaN
0.927 -0.696202551465954 -0.738968052584994 0.78526803695784 NaN
0.928 -0.693838871934311 -0.738699366903712 0.78526803695784 NaN
0.929 -0.691463194111943 -0.738420000314319 0.78526803695784 NaN
0.93 -0.689075800578133 -0.738130166213672 0.78526803695784 NaN
0.931 -0.686677015462241 -0.737830102716482 0.78526803695784 NaN
0.932 -0.684267204657937 -0.737520073927453 0.78526803695784 NaN
0.933 -0.681846775241554 -0.737200370007686 0.785268036957841 NaN
0.934 -0.679416174993488 -0.736871305792468 0.78526803695784 NaN
0.935 -0.676975891299881 -0.736533221059314 0.78526803695784 NaN
0.936 -0.674526450214641 -0.736186480062564 0.78526803695784 NaN
0.937 -0.672068415422064 -0.735831469768714 0.78526803695784 NaN
0.938 -0.669602386405604 -0.735468600069604 0.78526803695784 NaN
0.939 -0.667128996273454 -0.735098302284655 0.78526803695784 NaN
0.94 -0.664648909398245 -0.734721027094228 0.78526803695784 NaN
0.941 -0.662162818754358 -0.734337242901524 0.78526803695784 NaN
0.942 -0.659671442914417 -0.733947434856511 0.78526803695784 NaN
0.943 -0.657175523530665 -0.733552103069651 0.78526803695784 NaN
0.944 -0.65467582205699 -0.733151759012979 0.78526803695784 NaN
0.945 -0.652173117475605 -0.732746926405087 0.785268036957841 NaN
0.946 -0.649668202736889 -0.732338137403656 0.785268036957841 NaN
0.947 -0.647161882719083 -0.731925931719021 0.78526803695784 NaN
0.948 -0.644654971104952 -0.731510854144165 0.78526803695784 NaN
0.949 -0.642148287668539 -0.731093453054532 0.785268036957841 NaN
0.95 -0.6396426560856 -0.730674279714534 0.78526803695784 NaN
0.951 -0.637138901545396 -0.730253885314848 0.785268036957841 NaN
0.952 -0.634637848774273 -0.729832820702918 0.78526803695784 NaN
0.953 -0.632140320109126 -0.729411634525168 0.78526803695784 NaN
0.954 -0.629647134047296 -0.728990872660113 0.78526803695784 NaN
0.955 -0.627159103516068 -0.728571076831939 0.785268036957841 NaN
0.956 -0.62467703492031 -0.728152783802536 0.78526803695784 NaN
0.957 -0.622201726960061 -0.727736525247467 0.78526803695784 NaN
0.958 -0.619733969981869 -0.727322826960627 0.78526803695784 NaN
0.959 -0.617274545309616 -0.726912207807153 0.78526803695784 NaN
0.96 -0.614824225183425 -0.726505181772186 0.78526803695784 NaN
0.961 -0.612383772048743 -0.726102254260863 0.78526803695784 NaN
0.962 -0.609953939268244 -0.725703926371677 0.78526803695784 NaN
0.963 -0.607535470498014 -0.725310692138073 0.78526803695784 NaN
0.964 -0.605129099919418 -0.724923037946661 0.78526803695784 NaN
0.965 -0.602735552520875 -0.724541445763823 0.78526803695784 NaN
0.966 -0.600355543986581 -0.72416639062982 0.78526803695784 NaN
0.967 -0.597989780754565 -0.723798341081508 0.78526803695784 NaN
0.968 -0.59563896029947 -0.723437761227672 0.78526803695784 NaN
0.969 -0.593303770896274 -0.723085108357681 0.78526803695784 NaN
0.97 -0.59098489173949 -0.722740834650221 0.78526803695784 NaN
0.971 -0.588682992879975 -0.722405386961172 0.78526803695784 NaN
0.972 -0.586398734910534 -0.722079206522738 0.78526803695784 NaN
0.973 -0.584132768905112 -0.721762728424532 0.78526803695784 NaN
0.974 -0.581885735824937 -0.721456381673803 0.78526803695784 NaN
0.975 -0.579658266342882 -0.721160590188394 0.78526803695784 NaN
0.976 -0.577450979956881 -0.720875769384262 0.78526803695784 NaN
0.977 -0.575264484546695 -0.720602328704304 0.78526803695784 NaN
0.978 -0.573099375499294 -0.720340670098799 0.78526803695784 NaN
0.979 -0.570956234760181 -0.720091185655669 0.78526803695784 NaN
0.98 -0.568835630097205 -0.71985425978973 0.78526803695784 NaN
0.981 -0.566738113832523 -0.719630267138742 0.78526803695784 NaN
0.982 -0.564664222136889 -0.719419571172313 0.78526803695784 NaN
0.983 -0.562614473803832 -0.719222524966117 0.78526803695784 NaN
0.984 -0.560589369281341 -0.719039469245889 0.78526803695784 NaN
0.985 -0.558589389709667 -0.718870732209898 0.78526803695784 NaN
0.986 -0.556614995972627 -0.718716628501487 0.78526803695784 NaN
0.987 -0.554666627752153 -0.718577459344483 0.78526803695784 NaN
0.988 -0.552744703025207 -0.718453511052926 0.78526803695784 NaN
0.989 -0.550849617124061 -0.718345055001475 0.78526803695784 NaN
0.99 -0.548981742492325 -0.718252347150418 0.78526803695784 NaN
0.991 -0.547141427977509 -0.718175628030903 0.78526803695784 NaN
0.992 -0.545328998915912 -0.718115122929687 0.78526803695784 NaN
0.993 -0.543544756802699 -0.718071041231226 0.78526803695784 NaN
0.994 -0.541788979357304 -0.71804357611563 0.78526803695784 NaN
0.995 -0.540061920761059 -0.718032906885386 0.78526803695784 NaN
0.996 -0.538363811736502 -0.71803919708697 0.78526803695784 NaN
0.997 -0.536694860046893 -0.718062595796417 0.78526803695784 NaN
0.998 -0.535055250714255 -0.718103238341045 0.78526803695784 NaN
0.999 -0.533445146826635 -0.71816124634183 0.78526803695784 NaN
1 -0.531864689569981 -0.71823672759207 0.78526803695784 NaN
