"Time, Y-Force, Work integrand, Mass, Mass error"
0 -4.5075054799781337e-14 -7.6163939028745432e-41 0.78526803695784 NaN
0.04 -4.64619984565257e-07 -4.17164856064122e-11 0.785268036957833 NaN
0.08 -2.86945679005526e-05 -8.34594002002896e-13 0.785268036957829 1.4138141021583e-14
0.12 -0.00031047317387918 -1.24959221298992e-08 0.785268036957829 1.35726153807197e-14
0.16 -0.00161267073179241 -3.35457241699837e-07 0.785268036957829 1.37139967909355e-14
0.2 -0.00549287919371562 -3.7675746749198e-06 0.785268036957829 1.38553782011513e-14
0.24 -0.0139895731179684 -2.38645272303402e-05 0.785268036957828 1.45622852522305e-14
0.28 -0.0281861353468132 -9.62190236263581e-05 0.785268036957828 1.47036666624463e-14
0.32 -0.0454555262656034 -0.000256118309924174 0.785268036957828 1.47036666624463e-14
0.36 -0.0561275206937608 -0.000423839999387194 0.785268036957828 1.47036666624463e-14
0.4 -0.0411044050591938 -0.000300115365757183 0.785268036957829 1.4138141021583e-14
0.44 0.0275262705397322 9.66224470986489e-05 0.785268036957828 1.47036666624463e-14
0.48 0.180935303479527 -0.00197506961004422 0.785268036957828 1.52691923033096e-14
0.52 0.442256988065584 -0.0168209516929773 0.785268036957827 1.55519551237413e-14
0.56 0.810572232535954 -0.0665209928121345 0.785268036957827 1.55519551237413e-14
0.6 1.24374012492347 -0.17948158718676 0.785268036957827 1.58347179441729e-14
0.64 1.64655213007158 -0.364750207360827 0.785268036957827 1.61174807646046e-14
0.68 1.87234114564159 -0.569718648192043 0.785268036957827 1.62588621748204e-14
0.72 1.74460174199184 -0.657103067916632 0.785268036957827 1.56933365339571e-14
0.76 1.09919113313927 -0.462243375787842 0.785268036957828 1.47036666624463e-14
0.8 -0.157881060303208 0.0367720366531796 0.785268036957828 1.48450480726621e-14
0.84 -1.98469716550019 0.516747575986212 0.785268036957828 1.4986429482878e-14
0.88 -4.1498040613186 0.306099333008659 0.785268036957828 1.45622852522305e-14
0.92 -6.23048885470706 -1.19966207528264 0.785268036957829 1.38553782011513e-14
0.96 -7.68898810526201 -3.87733868339707 0.785268036957828 1.47036666624463e-14
1 -7.9822419573042 -6.57279027130898 0.785268036957829 1.38553782011513e-14
1.04 -6.6847170294618 -7.53100460608231 0.785268036957829 1.37139967909355e-14
1.08 -3.76158229141581 -5.47802867230709 0.785268036957829 1.4138141021583e-14
1.12 0.137053467076144 -0.876259392744224 0.785268036957829 1.35726153807197e-14
1.16 3.87768629536098 4.0012099521245 0.785268036957829 1.3289852560288e-14
1.2 6.38220446387396 6.6918620916373 0.785268036957829 1.31484711500722e-14
1.24 7.20006025491563 6.34884708649318 0.785268036957829 1.34312339705038e-14
1.28 7.0211409892014 3.95006058330664 0.785268036957829 1.38553782011513e-14
1.32 6.89270531194193 0.702968622838344 0.785268036957829 1.35726153807197e-14
1.36 7.15629316861898 -2.72671909065574 0.785268036957829 1.4138141021583e-14
1.4 7.89676030594101 -6.55884660186565 0.785268036957828 1.45622852522305e-14
1.44 8.66125653823071 -11.0721148794291 0.785268036957828 1.48450480726621e-14
1.48 7.47190638165222 -12.1210956901387 0.785268036957828 1.47036666624463e-14
1.52 4.61659790981108 -8.74456561315921 0.785268036957829 1.4138141021583e-14
1.56 1.06041516900311 -3.65471023881594 0.785268036957829 1.37139967909355e-14
1.6 -2.60225619609327 2.34932190265261 0.785268036957829 1.4138141021583e-14
1.64 -4.65908831203968 6.37827810406063 0.785268036957829 1.38553782011513e-14
1.68 -6.04347340994244 8.36589467858404 0.785268036957829 1.31484711500722e-14
1.72 -6.96109643482309 8.79352719943318 0.78526803695783 1.2441564098993e-14
1.76 -6.96101268638526 7.12036851827941 0.78526803695783 1.2441564098993e-14
1.8 -7.27376732918071 3.61432429272622 0.78526803695783 1.20174198683455e-14
1.84 -7.85635430368497 -0.494886395129887 0.785268036957831 1.1593275637698e-14
1.88 -8.3462184805748 -4.15385087115077 0.78526803695783 1.28657083296405e-14
1.92 -8.83962410512538 -9.65831774132164 0.785268036957829 1.39967596113671e-14
1.96 -7.96112969425317 -12.6362814567201 0.785268036957828 1.44209038420146e-14
2 -6.68599067048304 -11.8624080623261 0.785268036957828 1.4986429482878e-14
2.04 -4.28298144613207 -8.80246905529898 0.785268036957827 1.55519551237413e-14
2.08 -0.541034757242858 -3.62659199165187 0.785268036957827 1.55519551237413e-14
2.12 2.55315260170219 3.26148046799248 0.785268036957827 1.58347179441729e-14
2.16 5.49142879649966 8.54490594890179 0.785268036957828 1.51278108930938e-14
2.2 7.4388065268692 10.46664360426 0.785268036957828 1.52691923033096e-14
2.24 6.60996393907014 9.46334643189415 0.785268036957828 1.47036666624463e-14
2.28 6.49931376300598 7.40759291629155 0.785268036957829 1.39967596113671e-14
2.32 6.35414341984819 3.22838635122757 0.785268036957828 1.47036666624463e-14
2.36 6.63281384375748 -0.244403036117432 0.785268036957828 1.48450480726621e-14
2.4 8.56598719623257 -4.34175702171758 0.785268036957828 1.47036666624463e-14
2.44 11.4360121816706 -12.8159731550061 0.785268036957828 1.44209038420146e-14
2.48 10.841593553672 -16.3591089138915 0.785268036957828 1.51278108930938e-14
2.52 7.28836822748746 -12.6032715693017 0.785268036957829 1.38553782011513e-14
2.56 2.71924855656831 -6.71986011646466 0.785268036957829 1.31484711500722e-14
2.6 -3.52667562890154 3.95076268855348 0.785268036957829 1.30070897398563e-14
2.64 -4.80324514350862 8.04301141893996 0.78526803695783 1.28657083296405e-14
2.68 -4.77712029239056 6.89797836226697 0.78526803695783 1.28657083296405e-14
2.72 -4.54900968328174 6.13996711304472 0.785268036957829 1.31484711500722e-14
2.76 -3.91210666714035 7.41286980011691 0.785268036957829 1.3289852560288e-14
2.8 -4.65877788773642 5.85220520277681 0.785268036957829 1.34312339705038e-14
2.84 -7.96047606352654 3.83442195918622 0.785268036957829 1.3289852560288e-14
2.88 -8.73016778371468 -0.00964763978432335 0.785268036957829 1.39967596113671e-14
2.92 -11.402569477825 -5.73415751542793 0.785268036957829 1.35726153807197e-14
2.96 -10.3492266498686 -11.7870717411746 0.78526803695783 1.27243269194247e-14
3 -7.59772982994799 -11.7736725414802 0.785268036957829 1.3289852560288e-14
3.04 -7.18047873119121 -12.3108296565529 0.785268036957829 1.30070897398563e-14
3.08 -2.72676474479401 -5.84090024240005 0.78526803695783 1.18760384581297e-14
3.12 1.16360019961412 1.00356330806029 0.78526803695783 1.17346570479139e-14
3.16 2.59991667588192 4.3144195916622 0.785268036957831 1.14518942274822e-14
3.2 5.13041290387304 7.90849665750617 0.785268036957831 1.06036057661872e-14
3.24 5.17091501714247 7.74806302428037 0.785268036957831 1.08863685866189e-14
3.28 5.05560065007546 7.536529731731 0.785268036957831 1.07449871764031e-14
3.32 6.28107732555161 6.72274300709586 0.785268036957831 1.10277499968347e-14
3.36 6.57122323975607 3.68819209845646 0.785268036957831 1.1593275637698e-14
3.4 7.46692900897107 0.315852027029839 0.785268036957831 1.11691314070505e-14
3.44 9.3790797471243 -4.53937264464101 0.785268036957831 1.06036057661872e-14
3.48 12.1370289756169 -12.0296268118228 0.785268036957831 1.04622243559714e-14
3.52 11.172519890123 -15.3645088480987 0.785268036957831 1.06036057661872e-14
3.56 7.80607307605655 -12.9097707884223 0.785268036957831 1.13105128172664e-14
3.6 3.50055574658549 -7.27928543282336 0.785268036957831 1.14518942274822e-14
3.64 -3.99269393359148 5.00354020238847 0.785268036957831 1.14518942274822e-14
3.68 -5.35129015242964 8.39225178587582 0.785268036957831 1.11691314070505e-14
3.72 -5.28256127197013 7.52447809874907 0.785268036957832 1.03208429457556e-14
3.76 -4.93520282636922 6.02612463851273 0.785268036957831 1.04622243559714e-14
3.8 -2.38631863360523 4.95289194673884 0.785268036957831 1.04622243559714e-14
3.84 -4.14123159062366 5.72071031234622 0.785268036957832 1.03208429457556e-14
3.88 -6.05700973261667 3.94945676834537 0.785268036957832 NaN
3.92 -7.75886559660877 0.687702943546752 0.785268036957831 1.06036057661872e-14
3.96 -11.9336369763808 -4.79241327947577 0.785268036957831 1.04622243559714e-14
4 -12.6389900335082 -11.4252298059503 0.785268036957831 1.04622243559714e-14
4.04 -10.2440530603319 -13.7774149398205 0.785268036957832 NaN
4.08 -7.51420648161939 -12.6466026675218 0.785268036957832 1.01794615355397e-14
4.12 -2.67965533042067 -5.88030258270306 0.785268036957832 1.01794615355397e-14
4.16 3.03320648982389 3.05140449361205 0.785268036957832 NaN
4.2 4.38048388883933 6.49414312725372 0.785268036957833 NaN
4.24 4.65091624224071 6.90918137647774 0.785268036957832 NaN
4.28 4.06265485403951 5.3729793078451 0.785268036957832 1.00380801253239e-14
4.32 2.31872842758151 4.77301509900522 0.785268036957832 1.00380801253239e-14
4.36 4.87394306210136 6.21177876955981 0.785268036957832 NaN
4.4 6.04530468426513 4.41807843270348 0.785268036957832 NaN
4.44 7.94394546793923 1.00699315120522 0.785268036957832 NaN
4.48 11.5297624071784 -3.96678779059998 0.785268036957832 1.03208429457556e-14
4.52 13.8468396636658 -12.203220450775 0.785268036957831 1.07449871764031e-14
4.56 11.8326065617698 -16.3315083412385 0.78526803695783 1.17346570479139e-14
4.6 8.32754253688191 -12.7858350165326 0.78526803695783 1.21588012785614e-14
4.64 2.30615712797407 -5.37431891125528 0.785268036957829 1.35726153807197e-14
4.68 -5.2792123548611 6.95823614126825 0.785268036957829 1.37139967909355e-14
4.72 -6.19564480073233 10.1869847894278 0.785268036957829 1.37139967909355e-14
4.76 -4.40334968918965 5.86987741647905 0.785268036957829 1.37139967909355e-14
4.8 -2.79999873600877 2.65801650206874 0.785268036957829 1.4138141021583e-14
4.84 -0.434812180077752 2.58044364568874 0.785268036957828 1.42795224317988e-14
4.88 -3.13273305189505 5.39439055767974 0.785268036957828 1.47036666624463e-14
4.92 -5.78251587423252 3.9222983795252 0.785268036957828 1.45622852522305e-14
4.96 -9.44065911703204 1.65284638895558 0.785268036957828 1.54105737135254e-14
5 -15.7396463179695 -4.81900665944441 0.785268036957828 1.4986429482878e-14
5.04 -11.9778269832189 -10.4422865710802 0.785268036957828 1.52691923033096e-14
5.08 -11.7446783234922 -14.2666796001792 0.785268036957828 1.48450480726621e-14
5.12 -6.11918339285996 -10.3825633898814 0.785268036957828 1.51278108930938e-14
5.16 -1.03174121521579 -3.42804486675819 0.785268036957829 1.4138141021583e-14
5.2 2.41303112625379 3.2542057685357 0.785268036957828 1.44209038420146e-14
5.24 4.93612468819711 7.20265700444567 0.785268036957828 1.4986429482878e-14
5.28 3.12288456489211 4.13280745908464 0.785268036957828 1.42795224317988e-14
5.32 1.89904744611788 2.54889491697066 0.785268036957829 1.39967596113671e-14
5.36 2.6744598893352 4.51273797860938 0.785268036957829 1.3289852560288e-14
5.4 3.57176391618677 4.89680537534319 0.785268036957829 1.31484711500722e-14
5.44 6.76701957302088 5.37382499752707 0.785268036957829 1.35726153807197e-14
5.48 8.94257805596573 1.97886373529061 0.785268036957828 1.45622852522305e-14
5.52 12.0219042708455 -3.22028267619748 0.785268036957828 1.47036666624463e-14
5.56 14.202193691073 -10.9965384329587 0.785268036957828 1.45622852522305e-14
5.6 12.2394370622943 -15.611662166147 0.785268036957829 1.37139967909355e-14
5.64 8.55593159978357 -12.5690735644077 0.785268036957829 1.34312339705038e-14
5.68 0.385699093139698 -3.35318736298936 0.785268036957829 1.37139967909355e-14
5.72 -5.13367854416648 6.40265109970619 0.785268036957829 1.38553782011513e-14
5.76 -6.46353414731015 10.6119337570314 0.785268036957829 1.39967596113671e-14
5.8 -3.78233690996936 3.87188626169739 0.785268036957828 1.4986429482878e-14
5.84 -0.320451186946049 -0.66574330292716 0.785268036957828 1.42795224317988e-14
5.88 0.331319007706052 1.41146358854096 0.785268036957828 1.51278108930938e-14
5.92 -1.92042668257535 4.18677245658346 0.785268036957828 1.4986429482878e-14
5.96 -5.09454301472235 3.94918275684177 0.785268036957828 1.54105737135254e-14
6 -11.5501348454796 2.99781287572929 0.785268036957828 1.44209038420146e-14
6.04 -16.5036491009441 -3.64651048814696 0.785268036957829 1.4138141021583e-14
6.08 -13.632878823114 -9.9110715664063 0.785268036957829 1.35726153807197e-14
6.12 -10.4741092319189 -12.695166070526 0.785268036957829 1.34312339705038e-14
6.16 -5.28379339783015 -8.94137167953116 0.785268036957828 1.42795224317988e-14
6.2 0.286054796171451 -1.47780143641886 0.785268036957829 1.37139967909355e-14
6.24 3.92265060219206 5.49632776409419 0.785268036957829 1.39967596113671e-14
6.28 3.20470402004337 4.21991697311614 0.785268036957829 1.38553782011513e-14
6.32 1.40395210929822 1.050028722208 0.785268036957829 1.34312339705038e-14
6.36 -1.12930047956907 -2.07257405404341 0.785268036957829 1.38553782011513e-14
6.4 0.407617661543397 1.19649519527353 0.785268036957829 1.39967596113671e-14
6.44 4.39316106119041 6.09970048989363 0.785268036957829 1.37139967909355e-14
6.48 8.01584764591036 6.86360682650767 0.785268036957828 1.47036666624463e-14
6.52 11.4480127262764 3.49774486521945 0.785268036957829 1.37139967909355e-14
6.56 13.2303620859369 -2.37163707730291 0.785268036957829 1.39967596113671e-14
6.6 13.5568132256855 -9.39277085450302 0.785268036957829 1.34312339705038e-14
6.64 12.1294329244075 -13.9202165741265 0.785268036957829 1.38553782011513e-14
6.68 6.43312490785774 -9.70614421826307 0.785268036957829 1.39967596113671e-14
6.72 -1.00172295831403 -1.59757811056193 0.785268036957829 1.4138141021583e-14
6.76 -5.08067390676448 5.80453445549956 0.785268036957829 1.38553782011513e-14
6.8 -4.45077824002882 6.88588175258783 0.785268036957829 1.30070897398563e-14
6.84 -0.823328773535507 -0.99839421918556 0.78526803695783 1.28657083296405e-14
6.88 1.87737236305092 -3.21067247942367 0.785268036957829 1.34312339705038e-14
6.92 0.868529575266942 1.32664634677008 0.785268036957829 1.31484711500722e-14
6.96 -2.73997741491934 4.22624883614636 0.78526803695783 1.28657083296405e-14
7 -7.43599759046731 5.97595203180477 0.78526803695783 1.2441564098993e-14
7.04 -13.3639893859232 4.63434995300524 0.78526803695783 1.18760384581297e-14
7.08 -17.0090590091655 -2.31755951288998 0.785268036957831 1.1593275637698e-14
7.12 -12.9285014875722 -8.29027252634484 0.785268036957831 1.13105128172664e-14
7.16 -8.52667542188643 -9.59360771627896 0.785268036957831 1.11691314070505e-14
7.2 -3.55389245015479 -6.44248398992615 0.785268036957831 1.1593275637698e-14
7.24 2.20413793097189 1.09419760854862 0.78526803695783 1.17346570479139e-14
7.28 2.75592427319858 2.89118229801454 0.785268036957831 1.1593275637698e-14
7.32 1.05890136968631 0.373363414893192 0.785268036957831 1.1593275637698e-14
7.36 -1.04707978271649 -3.39553064082665 0.785268036957831 1.1593275637698e-14
7.4 -3.80327076264606 -6.21597643155136 0.78526803695783 1.20174198683455e-14
7.44 1.02602091063794 2.13574381463756 0.78526803695783 1.20174198683455e-14
7.48 6.10504887361999 8.16798997272314 0.78526803695783 1.18760384581297e-14
7.52 10.0036914005971 9.21287572280819 0.78526803695783 1.20174198683455e-14
7.56 12.8111938501884 4.98875776202518 0.78526803695783 1.2441564098993e-14
7.6 12.3239537871102 -1.13634807355947 0.78526803695783 1.20174198683455e-14
7.64 13.0148598090277 -7.75633481303144 0.785268036957831 1.14518942274822e-14
7.68 9.47023839407759 -10.5899957423312 0.78526803695783 1.20174198683455e-14
7.72 4.72493897257534 -8.05824690854622 0.78526803695783 1.18760384581297e-14
7.76 0.261357090370341 -3.61747418923105 0.78526803695783 1.20174198683455e-14
7.8 -4.48703384152945 5.7700810297161 0.78526803695783 1.27243269194247e-14
7.84 -0.871783201868102 0.66196990767586 0.785268036957829 1.30070897398563e-14
7.88 1.23521944788014 -4.04515144377379 0.785268036957829 1.37139967909355e-14
7.92 1.55431157606981 -2.12931332158412 0.785268036957829 1.38553782011513e-14
7.96 1.11423840462028 -0.366898221293618 0.78526803695783 1.25829455092088e-14
8 -5.19407491623028 6.40567748340323 0.785268036957829 1.31484711500722e-14
8.04 -9.22228472225155 8.17729370125091 0.78526803695783 1.23001826887772e-14
8.08 -13.6243444080294 6.00179352730856 0.78526803695783 1.23001826887772e-14
8.12 -18.050321035733 -0.891607033215764 0.78526803695783 1.2441564098993e-14
8.16 -10.4089579883892 -5.78429723295014 0.785268036957831 1.11691314070505e-14
8.2 -6.74493482232094 -7.52677567377496 0.785268036957831 1.1593275637698e-14
8.24 -2.26036087751974 -4.81830614564493 0.785268036957831 1.11691314070505e-14
8.28 1.57194755742418 -0.576504624314028 0.785268036957831 1.14518942274822e-14
8.32 0.00499453686446269 -1.46921274360829 0.785268036957831 1.14518942274822e-14
8.36 -1.6350793759929 -4.32813787709792 0.78526803695783 1.17346570479139e-14
8.4 -3.42334297723427 -7.4131391481616 0.78526803695783 1.20174198683455e-14
8.44 -3.06003455586825 -5.11709792133735 0.78526803695783 1.20174198683455e-14
8.48 3.14946119911317 4.96756134929023 0.785268036957831 1.11691314070505e-14
8.52 8.44799647171436 11.5266628708627 0.78526803695783 1.21588012785614e-14
8.56 12.2944758725806 11.7340342989816 0.78526803695783 1.25829455092088e-14
8.6 11.7496737340338 5.51985514275639 0.785268036957831 1.1593275637698e-14
8.64 10.5315207760275 -0.0767196636010031 0.78526803695783 1.23001826887772e-14
8.68 10.3246534919586 -5.40735471087058 0.78526803695783 1.18760384581297e-14
8.72 7.18177979909365 -8.2202814354289 0.785268036957831 1.14518942274822e-14
8.76 5.06643566054462 -8.55038480255113 0.785268036957831 1.11691314070505e-14
8.8 2.02619101951151 -4.78079094899533 0.78526803695783 1.17346570479139e-14
8.84 -0.849674631502085 0.803054216258485 0.78526803695783 1.17346570479139e-14
8.88 1.61646380081507 -3.99235403991628 0.78526803695783 1.17346570479139e-14
8.92 1.32137097962315 -3.43517956259289 0.78526803695783 1.23001826887772e-14
8.96 0.390356724946859 -0.991560258108276 0.785268036957831 1.10277499968347e-14
9 -1.40909359977578 1.35273715493924 0.78526803695783 1.17346570479139e-14
9.04 -6.64122856872989 8.76199521486254 0.785268036957831 1.07449871764031e-14
9.08 -9.2140459737391 9.30078256288045 0.785268036957832 NaN
9.12 -12.898981274152 6.83930075968221 0.785268036957831 1.07449871764031e-14
9.16 -13.6935687601209 0.498736508767025 0.785268036957831 1.08863685866189e-14
9.2 -9.08883163472678 -4.31977508826365 0.785268036957831 1.11691314070505e-14
9.24 -6.0549071197996 -6.40622672672988 0.785268036957831 1.13105128172664e-14
9.28 -1.91490737968583 -4.46386528194533 0.785268036957832 1.03208429457556e-14
9.32 -2.16001041802782 -5.4422246038597 0.785268036957831 1.04622243559714e-14
9.36 -2.2932102711069 -5.10049185576459 0.785268036957832 NaN
9.4 -3.86100505132058 -8.09770858290234 0.785268036957832 1.03208429457556e-14
9.44 -4.63263418297396 -9.65574967494488 0.785268036957832 NaN
9.48 -0.0131004323224143 -0.503915974781846 0.785268036957832 NaN
9.52 4.90519407409839 7.65176952273139 0.785268036957832 NaN
9.56 10.1509022168007 13.7525015915407 0.785268036957832 1.00380801253239e-14
9.6 11.3227614780814 11.6767896086629 0.785268036957832 NaN
9.64 9.82359432162555 5.6043628127834 0.785268036957832 NaN
9.68 8.19816048979856 0.640963396103184 0.785268036957832 NaN
9.72 7.33405234639109 -3.39269482818488 0.785268036957833 NaN
9.76 7.3340134906251 -7.62875321935356 0.785268036957833 NaN
9.8 6.61806058249439 -9.67494313805741 0.785268036957833 NaN
9.84 5.24494210266726 -8.35780603171794 0.785268036957833 NaN
9.88 3.77048769153792 -7.35694344812858 0.785268036957832 NaN
9.92 1.74135765672182 -4.68898886533328 0.785268036957833 NaN
9.96 -0.134181138985561 -0.692461178017107 0.785268036957833 NaN
10 -1.89432535551708 1.6050019850843 0.785268036957834 NaN
10.04 -4.22485530310953 5.59059486874882 0.785268036957834 NaN
10.08 -6.1525043125572 8.92501430708032 0.785268036957834 NaN
10.12 -7.91868606466065 8.98985818029475 0.785268036957834 NaN
10.16 -10.8769237379005 6.72047403361407 0.785268036957834 NaN
10.2 -10.7605210831286 1.34720382984927 0.785268036957833 NaN
10.24 -8.65052208171982 -3.35216914048811 0.785268036957833 NaN
10.28 -7.29925562516604 -6.79547629477444 0.785268036957832 NaN
10.32 -4.45362124262098 -7.65877509840495 0.785268036957833 NaN
10.36 -4.58934321570188 -8.54453212472941 0.785268036957832 NaN
10.4 -4.19459282325743 -7.5578440068573 0.785268036957832 NaN
10.44 -3.68139879111872 -7.81716813226121 0.785268036957833 NaN
10.48 -2.37267714719285 -5.41510825004104 0.785268036957833 NaN
10.52 2.05562393308339 3.06739448130279 0.785268036957834 NaN
10.56 6.24737910054822 9.20273758226601 0.785268036957834 NaN
10.6 8.88744681318092 12.0429945297442 0.785268036957835 NaN
10.64 9.33433085186914 10.5463418932346 0.785268036957835 NaN
10.68 7.81645537781752 5.40344198765728 0.785268036957834 NaN
10.72 6.23871843422834 1.07075364500621 0.785268036957834 NaN
10.76 7.23884889611606 -2.57948550408045 0.785268036957834 NaN
10.8 8.68614427715286 -7.7416803554502 0.785268036957835 NaN
10.84 9.65941435972749 -12.4367828482634 0.785268036957835 NaN
10.88 7.97149630737442 -12.5239317429604 0.785268036957835 NaN
10.92 4.8948772830237 -9.61140733765348 0.785268036957835 NaN
10.96 -0.0102199282730264 -1.52046036408555 0.785268036957834 NaN
11 -2.85607941863396 4.06393225719877 0.785268036957835 NaN
11.04 -3.46836312195481 4.492151540856 0.785268036957835 NaN
11.08 -4.39830706922777 6.41669576803042 0.785268036957835 NaN
11.12 -3.92291313300049 6.201466159054 0.785268036957835 NaN
11.16 -5.46646257171203 6.6245002358059 0.785268036957835 NaN
11.2 -8.32088876558137 6.02580044528449 0.785268036957835 NaN
11.24 -9.62995785061405 2.11479166304728 0.785268036957834 NaN
11.28 -11.4872717654337 -3.22057620681535 0.785268036957835 NaN
11.32 -9.14500387305905 -7.56368803024948 0.785268036957835 NaN
11.36 -6.98328495014797 -9.72094161768615 0.785268036957835 NaN
11.4 -5.43451177331499 -8.79250440785635 0.785268036957836 NaN
11.44 -3.56694504920089 -6.53670589725009 0.785268036957837 NaN
11.48 -2.1673089468253 -5.54406977172719 0.785268036957836 NaN
11.52 -0.0806992885791786 -1.38406843114726 0.785268036957837 NaN
11.56 2.22983425939943 2.76067991298083 0.785268036957836 NaN
11.6 4.42707262213613 5.75508504233788 0.785268036957836 NaN
11.64 6.6979404099149 9.63573659150865 0.785268036957837 NaN
11.68 7.36703495724643 9.32664695889092 0.785268036957837 NaN
11.72 7.16059011435858 5.72908484394952 0.785268036957837 NaN
11.76 7.10735786936333 1.8335670001975 0.785268036957838 NaN
11.8 8.364842217268 -1.99824859094826 0.785268036957837 NaN
11.84 10.6639099219135 -8.2341126431938 0.785268036957838 NaN
11.88 11.3867691555905 -14.1100323398057 0.785268036957838 NaN
11.92 8.39966578733013 -12.8746478333855 0.785268036957838 NaN
11.96 3.51690583523823 -6.76497802763509 0.785268036957837 NaN
12 -2.40462566209405 2.78017291780877 0.785268036957838 NaN
12.04 -3.67929765338386 5.58358033608499 0.785268036957837 NaN
12.08 -2.89323218130122 3.75107438163796 0.785268036957838 NaN
12.12 -2.11513778982417 2.32047610662699 0.785268036957838 NaN
12.16 -1.14123502122087 1.87231612048532 0.785268036957838 NaN
12.2 -3.9900458909916 5.42323170204468 0.785268036957838 NaN
12.24 -7.8095626751317 6.50616028220707 0.785268036957838 NaN
12.28 -12.1964868900184 3.64722328512437 0.785268036957838 NaN
12.32 -13.5492609956806 -2.58723748502548 0.785268036957838 NaN
12.36 -10.8476164366962 -7.52576171207296 0.785268036957838 NaN
12.4 -7.03997237468022 -8.74343678574416 0.785268036957839 NaN
12.44 -3.60410870429617 -6.44349293919841 0.785268036957839 NaN
12.48 -1.68977906105686 -4.48700458229351 0.785268036957839 NaN
12.52 -0.72276857082126 -2.77907989839666 0.785268036957839 NaN
12.56 -0.825772082475268 -2.89106400437164 0.785268036957839 NaN
12.6 -0.569162857376448 -2.404108797848 0.785268036957839 NaN
12.64 1.64342790551586 2.2095821174058 0.785268036957839 NaN
12.68 5.33447426776838 7.93297298199444 0.785268036957839 NaN
12.72 7.9847169456194 10.1059599989245 0.785268036957839 NaN
12.76 8.84063010986844 7.66260453239497 0.785268036957839 NaN
12.8 8.89100996212568 3.02952527257468 0.785268036957839 NaN
12.84 9.09757731778588 -1.32030654097261 0.785268036957839 NaN
12.88 10.6049877187112 -7.31463034274986 0.785268036957839 NaN
12.92 9.99541447691417 -11.7591807907637 0.785268036957839 NaN
12.96 7.14856305467436 -10.2934942988731 0.785268036957838 NaN
13 2.35871274610248 -5.05339238189647 0.785268036957839 NaN
13.04 -1.56252711588906 0.840691034148276 0.785268036957839 NaN
13.08 -1.85556267033479 2.37072771796939 0.785268036957839 NaN
13.12 -0.894665388443456 -0.202966151455372 0.785268036957839 NaN
13.16 -0.378810759153368 -0.600036380986279 0.785268036957839 NaN
13.2 -1.35112320219337 2.49195734291553 0.785268036957839 NaN
13.24 -4.79386203381767 6.54543816356786 0.785268036957838 NaN
13.28 -9.27196258890498 8.18916091902355 0.785268036957838 NaN
13.32 -13.8684592451882 5.25818602550131 0.785268036957838 NaN
13.36 -13.7343525719045 -1.38244880053945 0.785268036957838 NaN
13.4 -9.80647984481463 -5.96014853346833 0.785268036957839 NaN
13.44 -5.0119441498063 -6.7303385855103 0.785268036957838 NaN
13.48 -2.12196882508267 -4.72442720760274 0.785268036957838 NaN
13.52 -1.51510879877479 -3.35061043637437 0.785268036957838 NaN
13.56 -2.70468503484571 -5.83608664749936 0.785268036957838 NaN
13.6 -3.95370604232517 -8.71203722344579 0.785268036957837 NaN
13.64 -2.55270823992243 -5.51915118954258 0.785268036957837 NaN
13.68 1.29054323090267 1.12284114986156 0.785268036957838 NaN
13.72 7.16454748158769 10.1041059979002 0.785268036957838 NaN
13.76 10.3645426080735 13.5646688067744 0.785268036957837 NaN
13.8 9.95394940517523 9.48495630719494 0.785268036957837 NaN
13.84 8.33311374898608 3.45345429138856 0.785268036957837 NaN
13.88 7.21100828477862 -0.427552157953301 0.785268036957837 NaN
13.92 8.17345149376608 -5.02856140528099 0.785268036957836 NaN
13.96 8.92564139938187 -10.107160105707 0.785268036957836 NaN
14 7.62611268514034 -10.9360903470318 0.785268036957836 NaN
14.04 5.13604831900289 -8.83674023697205 0.785268036957835 NaN
14.08 1.26015798456104 -3.33358539667606 0.785268036957835 NaN
14.12 -0.58170826405532 0.0125386310876587 0.785268036957835 NaN
14.16 -1.22213780014394 0.725222328045374 0.785268036957835 NaN
14.2 -2.55441311958579 3.02790598891371 0.785268036957834 NaN
14.24 -2.78456053696713 3.71640911761088 0.785268036957834 NaN
14.28 -5.33055540103246 7.1172241884745 0.785268036957834 NaN
14.32 -8.43657897288154 8.48966526775189 0.785268036957835 NaN
14.36 -11.9175555938138 5.65707805939279 0.785268036957835 NaN
14.4 -11.8627877574662 -0.151436621588994 0.785268036957835 NaN
14.44 -8.89008800431398 -4.6945300855205 0.785268036957835 NaN
14.48 -5.52957244099231 -6.71647583235097 0.785268036957835 NaN
14.52 -3.28068828278211 -5.73877624854435 0.785268036957835 NaN
14.56 -3.9813503615954 -7.21375880921645 0.785268036957836 NaN
14.6 -4.50515010835893 -9.08661580840713 0.785268036957836 NaN
14.64 -4.49262433907986 -9.54954205523643 0.785268036957836 NaN
14.68 -1.60255087444948 -4.08765665247276 0.785268036957835 NaN
14.72 3.1706679915753 4.25434058314787 0.785268036957835 NaN
14.76 8.37919716575627 12.3006759976877 0.785268036957835 NaN
14.8 10.1592549361008 13.6517876675736 0.785268036957835 NaN
14.84 8.26602302851397 8.58466643910277 0.785268036957835 NaN
14.88 6.57529963037453 3.43356887213492 0.785268036957836 NaN
14.92 5.11125205002495 0.179494747174427 0.785268036957836 NaN
14.96 7.9528101497391 -4.11449103545607 0.785268036957835 NaN
15 10.4191354616317 -10.6650440663736 0.785268036957835 NaN
15.04 10.8371150556149 -13.9623497895355 0.785268036957835 NaN
15.08 7.34189705212182 -11.4770839843913 0.785268036957835 NaN
15.12 1.99246384479329 -4.96564407835054 0.785268036957836 NaN
15.16 -2.53473084573916 3.26226689463168 0.785268036957836 NaN
15.2 -3.5848425755311 4.81266784368514 0.785268036957836 NaN
15.24 -3.24162343205635 3.47357035839099 0.785268036957835 NaN
15.28 -2.29306905052829 2.91640374338504 0.785268036957836 NaN
15.32 -2.91966786867435 4.73507008807556 0.785268036957836 NaN
15.36 -6.41055668384966 7.3544015593838 0.785268036957837 NaN
15.4 -10.183195162314 5.82152009254908 0.785268036957838 NaN
15.44 -12.8472471875783 0.961965566389851 0.785268036957838 NaN
15.48 -11.3192679080525 -4.69768382789524 0.785268036957838 NaN
15.52 -6.66769665092752 -7.27063867427715 0.785268036957839 NaN
15.56 -4.5129480634979 -7.070915370306 0.785268036957838 NaN
15.6 -3.8347774560675 -6.56193870547338 0.785268036957839 NaN
15.64 -3.50759975694435 -7.02468558164222 0.785268036957839 NaN
15.68 -3.37551221741187 -7.72644340497158 0.78526803695784 NaN
15.72 -1.21604578302518 -3.46608673455125 0.78526803695784 NaN
15.76 2.18253895655954 2.42284569490613 0.785268036957839 NaN
15.8 6.59591979716474 9.10205742186913 0.785268036957839 NaN
15.84 8.41512500859273 11.9931841027977 0.785268036957839 NaN
15.88 7.9137811802815 9.0846741739231 0.785268036957839 NaN
15.92 6.86012336323254 4.15361823418999 0.785268036957839 NaN
15.96 5.97388138123177 0.762010399534417 0.78526803695784 NaN
16 8.58922523596918 -3.47077859258554 0.78526803695784 NaN
16.04 11.7197010829971 -10.9063240117 0.78526803695784 NaN
16.08 11.4313139783198 -13.9585568817146 0.78526803695784 NaN
16.12 6.53870035693998 -10.3234720549173 0.78526803695784 NaN
16.16 0.997546340084745 -2.92140060578229 0.78526803695784 NaN
16.2 -3.92081740392027 5.78052784136174 0.785268036957841 NaN
16.24 -2.58034633771095 2.77817061793146 0.785268036957841 NaN
16.28 -1.77340555669965 1.22897028862938 0.785268036957842 NaN
16.32 -0.157608354942195 -0.776835271334771 0.785268036957842 NaN
16.36 -1.79742910122703 2.99235563992096 0.785268036957841 NaN
16.4 -6.38634625695113 7.87539156400523 0.785268036957842 NaN
16.44 -10.9557614821065 7.23485733554532 0.785268036957841 NaN
16.48 -15.4724729234365 2.41435862087485 0.78526803695784 NaN
16.52 -11.4502893252841 -3.76681618476181 0.78526803695784 NaN
16.56 -6.63445617994301 -6.38789511024814 0.78526803695784 NaN
16.6 -2.69438077948153 -4.59253146316531 0.78526803695784 NaN
16.64 -2.43705355727635 -4.9648651222308 0.78526803695784 NaN
16.68 -3.49061719068185 -7.21630396958423 0.785268036957839 NaN
16.72 -4.626510493493 -9.65033260625517 0.785268036957838 NaN
16.76 -3.33107116224624 -7.44006123359663 0.785268036957838 NaN
16.8 0.198405658225334 -0.799034951678265 0.785268036957839 NaN
16.84 6.32860473516159 9.21607780638844 0.785268036957839 NaN
16.88 9.66053771629235 13.9827940873735 0.785268036957839 NaN
16.92 9.00629884475651 10.6322332477174 0.785268036957839 NaN
16.96 7.74622806256959 5.27171597079603 0.78526803695784 NaN
17 5.32822118604715 1.17844706559903 0.78526803695784 NaN
17.04 8.39929614716435 -2.67593351888487 0.785268036957839 NaN
17.08 10.3410392746383 -8.74091873434889 0.785268036957839 NaN
17.12 10.9443014535713 -12.388861841338 0.785268036957839 NaN
17.16 6.51060631464191 -9.9094735416547 0.785268036957839 NaN
17.2 2.0039910639761 -5.03606178017974 0.785268036957839 NaN
17.24 -2.93955793460017 3.93132142658379 0.785268036957839 NaN
17.28 -1.2562990674715 0.329114915679798 0.785268036957839 NaN
17.32 -1.29561188570835 0.186742880982212 0.785268036957839 NaN
17.36 -0.678297979642632 0.415462396143108 0.785268036957839 NaN
17.4 -2.5094936091863 4.34078667847208 0.785268036957839 NaN
17.44 -6.95346817084211 8.87653477992082 0.785268036957839 NaN
17.48 -11.8775240795071 8.57419175015545 0.785268036957839 NaN
17.52 -15.5130657950149 3.64117374426252 0.785268036957839 NaN
17.56 -9.58785683562013 -2.39875381387604 0.785268036957839 NaN
17.6 -5.09182257803333 -4.71460809606379 0.785268036957839 NaN
17.64 -2.12836582934618 -3.82221180124069 0.785268036957839 NaN
17.68 -4.01245027558379 -6.66742706050715 0.785268036957839 NaN
17.72 -5.87340137116574 -11.2299553662228 0.785268036957839 NaN
17.76 -7.17660934585835 -14.51165446924 0.78526803695784 NaN
17.8 -3.82649717432794 -8.35970261664126 0.785268036957839 NaN
17.84 1.613118405104 1.32556316938135 0.785268036957838 NaN
17.88 9.19819587905403 13.8086799211599 0.785268036957838 NaN
17.92 9.82210795146204 14.9200961273258 0.785268036957838 NaN
17.96 8.56728808647483 10.7579463274066 0.785268036957838 NaN
18 5.03207076671521 3.85460554400167 0.785268036957838 NaN
18.04 3.67674165951845 1.31768940640067 0.785268036957838 NaN
18.08 7.60977011189681 -1.65856484799262 0.785268036957837 NaN
18.12 11.2519751878913 -8.22785735295854 0.785268036957837 NaN
18.16 12.9186127715221 -13.9768470877768 0.785268036957838 NaN
18.2 8.67693797659876 -12.5852704221285 0.785268036957838 NaN
18.24 3.17852169839464 -7.01687891028452 0.785268036957838 NaN
18.28 -3.36038814898648 3.66355157997979 0.785268036957837 NaN
18.32 -2.44884446645094 2.65777332567784 0.785268036957838 NaN
18.36 -2.59161117557987 2.51351373408347 0.785268036957838 NaN
18.4 0.12382691895257 -1.11874826143623 0.785268036957838 NaN
18.44 -1.88225905073926 3.88930281994546 0.785268036957838 NaN
18.48 -5.53275629555499 7.76476028191078 0.785268036957838 NaN
18.52 -11.1239675385534 8.74617131114121 0.785268036957837 NaN
18.56 -14.2489308706126 4.64200660526736 0.785268036957837 NaN
18.6 -10.0060229136476 -1.57290378909394 0.785268036957837 NaN
18.64 -5.21177183417355 -4.38930259367259 0.785268036957837 NaN
18.68 -4.26375373896457 -5.48337929928434 0.785268036957837 NaN
18.72 -5.03847619494904 -8.28268377486885 0.785268036957837 NaN
18.76 -6.59039553688181 -12.1610762683784 0.785268036957837 NaN
18.8 -6.80546666832087 -13.6850853886437 0.785268036957838 NaN
18.84 -2.28443207946999 -5.76628314273153 0.785268036957837 NaN
18.88 2.1421346159311 2.46003113880053 0.785268036957838 NaN
18.92 9.84164760351829 14.1113813967308 0.785268036957837 NaN
18.96 7.95311645021324 12.4950579282799 0.785268036957838 NaN
19 7.22348512788781 9.81154070940365 0.785268036957838 NaN
19.04 1.67384378849239 1.85725150068049 0.785268036957839 NaN
19.08 5.58812574180471 2.23904355864605 0.785268036957839 NaN
19.12 8.40476554004517 -0.944726689107311 0.785268036957839 NaN
19.16 16.5205752806898 -9.81277410372424 0.785268036957839 NaN
19.2 12.0529792374551 -12.6165998161522 0.785268036957839 NaN
19.24 7.83728883893701 -11.8198123365304 0.78526803695784 NaN
19.28 1.52321786642585 -4.61384802762329 0.785268036957839 NaN
19.32 -2.48937062299545 2.63906101833338 0.78526803695784 NaN
19.36 -1.12282729153063 0.401612018186385 0.785268036957839 NaN
19.4 -1.00925520508464 0.322319409576533 0.785268036957839 NaN
19.44 4.72988936519929 -9.01278591342646 0.785268036957839 NaN
19.48 -2.01379069693134 3.29613002059518 0.785268036957839 NaN
19.52 -6.19077883775194 8.46160445938186 0.78526803695784 NaN
19.56 -16.1597577965499 12.8393536953929 0.78526803695784 NaN
19.6 -13.18943080441 5.72567873150882 0.78526803695784 NaN
19.64 -9.6166949937209 -0.612391598132519 0.78526803695784 NaN
19.68 -1.50078538432248 -1.422271025779 0.78526803695784 NaN
19.72 -4.60874731128175 -5.83463232355724 0.78526803695784 NaN
19.76 -5.13648676439148 -9.32895300815287 0.78526803695784 NaN
19.8 -11.321018576453 -16.865082934464 0.78526803695784 NaN
19.84 -5.66515675062903 -11.0040530771303 0.78526803695784 NaN
19.88 -2.87893612337511 -6.73599873104793 0.78526803695784 NaN
19.92 2.57551019951046 4.32835612672362 0.785268036957841 NaN
19.96 7.4237835819639 11.889276675322 0.785268036957841 NaN
20 7.26219863306762 10.9932894783633 0.78526803695784 NaN
20.04 7.17822037618553 10.0820894742472 0.785268036957839 NaN
20.08 1.98581183422816 2.17187683602599 0.78526803695784 NaN
20.12 6.1030862429075 2.96190213022626 0.785268036957839 NaN
20.16 9.02622912109044 -0.169103505118461 0.78526803695784 NaN
20.2 15.2617932117094 -7.73732216501771 0.78526803695784 NaN
20.24 10.9027633366367 -11.2454655868023 0.785268036957839 NaN
20.28 7.8593341762273 -11.4441278923283 0.78526803695784 NaN
20.32 -2.75802585297589 4.33027943609649 0.78526803695784 NaN
20.36 0.0093593489280496 -1.29420750050361 0.785268036957839 NaN
20.4 -0.672095590366756 -0.352536639963488 0.785268036957839 NaN
20.44 0.654619620552631 -2.67577330472794 0.78526803695784 NaN
20.48 1.00492280203793 -3.36458526705309 0.785268036957839 NaN
20.52 -2.64913979024407 3.42093765550804 0.785268036957839 NaN
20.56 -6.48309860833299 9.11858714227018 0.785268036957839 NaN
20.6 -13.903679320985 12.8498238622347 0.785268036957839 NaN
20.64 -11.2831722944393 5.98190309026639 0.785268036957839 NaN
20.68 -8.73829956313912 0.230207544658083 0.78526803695784 NaN
20.72 -4.38644556293303 -2.57617698836085 0.78526803695784 NaN
20.76 -5.4088351784272 -6.94324755227135 0.785268036957839 NaN
20.8 -6.85989479945634 -10.786865454711 0.785268036957839 NaN
20.84 -10.6497186140874 -15.069093044048 0.78526803695784 NaN
20.88 -5.14937450860671 -9.86180300322762 0.78526803695784 NaN
20.92 -2.33854201165698 -5.85445848792209 0.78526803695784 NaN
20.96 6.84368911180365 10.8241661643219 0.78526803695784 NaN
21 5.60932486276087 7.97053196411387 0.785268036957839 NaN
21.04 6.750864565001 9.83819070358863 0.785268036957839 NaN
21.08 4.55048405950656 7.48134704173938 0.785268036957839 NaN
21.12 3.22663134243811 3.9708617498856 0.785268036957839 NaN
21.16 6.1927678904344 3.48713717403808 0.785268036957839 NaN
21.2 9.77825943856812 0.73307225316644 0.785268036957839 NaN
21.24 14.7343512649521 -6.37410371404829 0.78526803695784 NaN
21.28 11.6867922001761 -11.1477405114915 0.785268036957839 NaN
21.32 8.23441903749291 -10.7926694815078 0.78526803695784 NaN
21.36 -0.0342376396803992 0.55091830568999 0.78526803695784 NaN
21.4 -0.578846232330386 -0.960276508704981 0.78526803695784 NaN
21.44 -1.45300481963538 0.27301620054513 0.78526803695784 NaN
21.48 3.96614673704351 -9.01078770713733 0.785268036957841 NaN
21.52 1.06479415265798 -4.63468056163849 0.78526803695784 NaN
21.56 -1.09920557178874 1.1401442120369 0.78526803695784 NaN
21.6 -6.31414513190429 10.3489644525531 0.78526803695784 NaN
21.64 -12.3787906161768 12.9167651165313 0.78526803695784 NaN
21.68 -11.9182403609392 6.76839850241636 0.78526803695784 NaN
21.72 -10.1196478987837 1.1102781551739 0.78526803695784 NaN
21.76 -5.00062169647367 -2.56930105266487 0.785268036957841 NaN
21.8 -4.79077355592644 -6.17175262557084 0.785268036957841 NaN
21.84 -6.74949963612136 -8.99950820558606 0.78526803695784 NaN
21.88 -9.13930201793371 -11.7975529360454 0.78526803695784 NaN
21.92 -5.50221845076709 -11.0753770166279 0.78526803695784 NaN
21.96 -3.35630390795202 -8.2385991162523 0.78526803695784 NaN
22 3.8183155076276 5.33976583152793 0.785268036957841 NaN
22.04 4.71649893081183 5.51044209528199 0.785268036957841 NaN
22.08 6.94264944130011 10.6940806809593 0.785268036957841 NaN
22.12 4.67261437618097 8.24377127326995 0.785268036957841 NaN
22.16 3.75517487352556 4.74352216666264 0.785268036957841 NaN
22.2 5.93567457912461 3.73539973348954 0.785268036957841 NaN
22.24 9.61668657065797 1.62448554186904 0.78526803695784 NaN
22.28 14.0290362551836 -4.78921825292354 0.78526803695784 NaN
22.32 12.0980743676632 -10.2171565995666 0.785268036957839 NaN
22.36 7.54156443656965 -9.26115190116463 0.785268036957838 NaN
22.4 0.966551441276761 -0.700569142789635 0.785268036957839 NaN
22.44 -0.21509928845257 -2.66957001158101 0.785268036957839 NaN
22.48 0.0316823001197614 -3.37991962468513 0.785268036957839 NaN
22.52 3.4646524112113 -7.80512462685808 0.785268036957839 NaN
22.56 1.42586116417386 -5.93796679703697 0.785268036957839 NaN
22.6 -0.652188009522961 1.43560649606838 0.785268036957838 NaN
22.64 -7.29502619560368 12.8838639305183 0.785268036957838 NaN
22.68 -12.952952620291 13.6560932393059 0.785268036957837 NaN
22.72 -11.838492686508 7.23141574024375 0.785268036957838 NaN
22.76 -9.69379220282033 1.98463891573284 0.785268036957837 NaN
22.8 -2.46015279317815 -1.38191568124293 0.785268036957837 NaN
22.84 -4.95305712002181 -5.49847804445601 0.785268036957837 NaN
22.88 -7.37072113696671 -8.43547930299504 0.785268036957837 NaN
22.92 -11.499386223537 -14.4926085357835 0.785268036957837 NaN
22.96 -7.62793164199538 -15.4310483075316 0.785268036957837 NaN
23 -3.12552238032335 -8.01827813231275 0.785268036957836 NaN
23.04 2.99693568389041 3.79855977702552 0.785268036957836 NaN
23.08 7.0453357427196 9.30250856366774 0.785268036957837 NaN
23.12 6.64105575292616 11.4003741382434 0.785268036957837 NaN
23.16 4.58364391533245 8.65503620733904 0.785268036957837 NaN
23.2 1.28007243247058 1.99502312530288 0.785268036957837 NaN
23.24 4.69981598877489 3.49869858073617 0.785268036957837 NaN
23.28 9.65684512550161 2.45649199032899 0.785268036957837 NaN
23.32 16.8270314961332 -4.14237798653852 0.785268036957838 NaN
23.36 12.5973887490861 -9.59211420884789 0.785268036957838 NaN
23.4 8.0629507684052 -9.23919252583284 0.785268036957838 NaN
23.44 1.59212584797427 -2.0376935926075 0.785268036957838 NaN
23.48 -1.10367626285021 -2.1603676210329 0.785268036957838 NaN
23.52 0.817147285584469 -4.26376147127606 0.785268036957838 NaN
23.56 2.94424056558949 -6.64051856553172 0.785268036957838 NaN
23.6 2.25250110410545 -6.84157355708832 0.785268036957838 NaN
23.64 -0.259456498925719 1.67411099002013 0.785268036957838 NaN
23.68 -6.6948689532755 11.8523948631774 0.785268036957838 NaN
23.72 -13.0739467896195 13.713198829957 0.785268036957838 NaN
23.76 -11.6200716426809 8.04178373963293 0.785268036957838 NaN
23.8 -8.39541590923966 2.68924990098832 0.785268036957838 NaN
23.84 -2.61545756479802 -1.03804939170843 0.785268036957838 NaN
23.88 -6.67537195991418 -5.38173585454363 0.785268036957838 NaN
23.92 -7.99159763923383 -8.62525698801623 0.785268036957838 NaN
23.96 -12.9046992075452 -16.822303134627 0.785268036957838 NaN
24 -6.05707129099152 -13.0934344665778 0.785268036957838 NaN
24.04 -2.49748654413002 -7.25110188557536 0.785268036957838 NaN
24.08 5.57163514454644 8.71448461797857 0.785268036957838 NaN
24.12 5.59000834155544 8.05214833185721 0.785268036957838 NaN
24.16 4.4842979254119 8.35232321831498 0.785268036957838 NaN
24.2 3.11256923214408 6.84164571620231 0.785268036957838 NaN
24.24 2.4267043408378 3.06837756996815 0.785268036957838 NaN
24.28 6.33510777391555 4.98706329260317 0.785268036957838 NaN
24.32 11.3638286704791 3.77432010087992 0.785268036957838 NaN
24.36 14.7340068466694 -2.35775978479333 0.785268036957838 NaN
24.4 11.181228593779 -7.57652971591553 0.785268036957837 NaN
24.44 6.62118249244683 -7.07874897084827 0.785268036957837 NaN
24.48 0.843531136650523 -1.94079124776091 0.785268036957837 NaN
24.52 0.982872513171285 -5.487523027079 0.785268036957838 NaN
24.56 2.73976187594097 -7.05569476776076 0.785268036957838 NaN
24.6 5.96969539933398 -12.1742027564495 0.785268036957838 NaN
24.64 1.4118476809475 -4.67646016060164 0.785268036957837 NaN
24.68 -1.45437603643366 3.66898677177629 0.785268036957838 NaN
24.72 -8.93386021657608 14.1813845248622 0.785268036957838 NaN
24.76 -10.7974507457739 11.8938197876812 0.785268036957838 NaN
24.8 -10.4239896759438 8.66569340990128 0.785268036957838 NaN
24.84 -6.17273768304754 2.64159548201556 0.785268036957838 NaN
24.88 -4.53715025350022 -0.698781437916408 0.785268036957838 NaN
24.92 -6.93327859611815 -4.57430734209678 0.785268036957838 NaN
24.96 -10.5108489315657 -10.4725004909629 0.785268036957838 NaN
25 -10.647177601773 -15.0534389702808 0.785268036957839 NaN
25.04 -5.78107439089262 -12.704088336005 0.78526803695784 NaN
25.08 -2.15012878181039 -5.75412648751336 0.78526803695784 NaN
25.12 3.93497248645237 6.23469826372678 0.78526803695784 NaN
25.16 3.6780185497677 5.44501654529676 0.785268036957841 NaN
25.2 3.6523759335201 7.43675471564721 0.78526803695784 NaN
25.24 0.8635904071556 1.59581295177325 0.785268036957841 NaN
25.28 3.91749240068918 4.53301525221789 0.78526803695784 NaN
25.32 6.91908790030862 6.14282797527175 0.785268036957841 NaN
25.36 11.5182372602994 4.94579652091285 0.785268036957841 NaN
25.4 12.4096601472892 -0.870298620555327 0.785268036957842 NaN
25.44 10.0890990051363 -5.57423725119545 0.785268036957842 NaN
25.48 5.90673854531052 -6.14887151793343 0.785268036957842 NaN
25.52 4.06346013787763 -7.39917751946898 0.785268036957842 NaN
25.56 2.3064522217206 -7.14018136431168 0.785268036957842 NaN
25.6 4.2214387586092 -8.74807889108926 0.785268036957842 NaN
25.64 3.66288411010596 -7.60549130363406 0.785268036957843 NaN
25.68 -0.00897191786573254 -1.1429561931223 0.785268036957842 NaN
25.72 -2.14615271580283 4.46181809364362 0.785268036957843 NaN
25.76 -8.16106170629244 11.8152340756479 0.785268036957843 NaN
25.8 -8.18046372742841 9.3751341691016 0.785268036957842 NaN
25.84 -9.14942846282267 8.73976430166179 0.785268036957842 NaN
25.88 -6.30169822985598 3.3738930772228 0.785268036957842 NaN
25.92 -6.83203624851738 -0.184728808198848 0.785268036957842 NaN
25.96 -8.49660528748008 -4.38061763948824 0.785268036957841 NaN
26 -10.9132051068633 -10.578413933038 0.785268036957842 NaN
26.04 -9.46267913879482 -14.2043660999004 0.785268036957842 NaN
26.08 -4.256735371209 -9.29014692248216 0.785268036957842 NaN
26.12 -1.5023501563697 -3.02910922059251 0.785268036957842 NaN
26.16 2.70399145564965 4.06527121969128 0.785268036957841 NaN
26.2 1.51508003789782 2.15921395666113 0.785268036957841 NaN
26.24 2.00111522253068 3.79553842884853 0.785268036957841 NaN
26.28 1.92772100505833 2.19486415349603 0.785268036957842 NaN
26.32 5.16767548770572 6.31787227401862 0.785268036957841 NaN
26.36 8.46032301565889 8.49383656841394 0.785268036957841 NaN
26.4 11.0710627676098 5.61530847005633 0.785268036957841 NaN
26.44 11.4014854625598 0.253636707273186 0.785268036957842 NaN
26.48 8.82827811967059 -4.17808211075536 0.785268036957842 NaN
26.52 6.21471554044123 -6.73264622064535 0.785268036957842 NaN
26.56 4.90820411309867 -8.09376187162542 0.785268036957842 NaN
26.6 4.21203323975849 -8.31776326618049 0.785268036957841 NaN
26.64 4.56376967141806 -8.2760307002504 0.785268036957842 NaN
26.68 3.01943734893266 -6.71118597076661 0.785268036957842 NaN
26.72 -0.233901347770541 -0.71043824128031 0.785268036957842 NaN
26.76 -2.44509871599562 3.60358054960243 0.785268036957841 NaN
26.8 -6.95898301301318 9.2169317040722 0.785268036957842 NaN
26.84 -6.95271806544205 9.08642100019084 0.785268036957841 NaN
26.88 -8.24589447140234 8.98152482891116 0.785268036957841 NaN
26.92 -6.87654404800857 4.1583813165359 0.785268036957841 NaN
26.96 -7.96022512137329 0.563552178572736 0.785268036957842 NaN
27 -9.11190029039109 -3.95019529510712 0.785268036957842 NaN
27.04 -9.97219263435188 -9.61556578238156 0.785268036957842 NaN
27.08 -8.1210427749227 -11.5982734994693 0.785268036957841 NaN
27.12 -4.24825295728898 -7.75159203581832 0.785268036957842 NaN
27.16 -2.86342031762419 -5.5023292970654 0.785268036957842 NaN
27.2 0.586047956944935 -0.253958962387466 0.785268036957842 NaN
27.24 0.103774096871391 -0.73342014579448 0.785268036957842 NaN
27.28 2.06891333076391 2.76797625488434 0.785268036957842 NaN
27.32 3.22982614715569 4.1791413256008 0.785268036957841 NaN
27.36 5.87112570733246 8.30947394135695 0.785268036957841 NaN
27.4 8.35239921055864 8.87759823212032 0.785268036957841 NaN
27.44 9.27635316858039 5.55149243572233 0.785268036957841 NaN
27.48 9.68435409400078 1.11313514476239 0.785268036957842 NaN
27.52 8.74812872658403 -3.48224871655939 0.785268036957842 NaN
27.56 7.98539358389472 -7.44328027828169 0.785268036957841 NaN
27.6 7.08615796567578 -9.77001482884335 0.785268036957841 NaN
27.64 5.01187730639952 -8.96244602143359 0.785268036957841 NaN
27.68 3.58954628506709 -7.28856394053704 0.785268036957841 NaN
27.72 1.23701978239828 -3.82441265065333 0.785268036957841 NaN
27.76 -0.937143496199258 0.289554143091016 0.785268036957841 NaN
27.8 -1.73283091505898 1.96796995207147 0.785268036957841 NaN
27.84 -4.2302920597628 6.1096560660586 0.785268036957841 NaN
27.88 -5.49301169386005 8.01079380437654 0.785268036957841 NaN
27.92 -8.06086288473132 8.8034720978394 0.78526803695784 NaN
27.96 -8.94166774167556 5.88268360119909 0.78526803695784 NaN
28 -9.44234518324587 1.53247208658367 0.78526803695784 NaN
28.04 -8.93039634348799 -3.14704592508033 0.78526803695784 NaN
28.08 -8.25404108430175 -7.33009911823553 0.785268036957839 NaN
28.12 -7.14309674862032 -9.79640656780018 0.78526803695784 NaN
28.16 -4.94649280974363 -8.80772562067519 0.78526803695784 NaN
28.2 -4.2349838364582 -8.0704921080076 0.785268036957839 NaN
28.24 -1.61267311922319 -4.21007136093102 0.785268036957839 NaN
28.28 -0.0990970037614194 -1.20475478850112 0.785268036957839 NaN
28.32 2.63524478892027 3.59627174085922 0.785268036957839 NaN
28.36 4.85776178980043 7.27498339946558 0.785268036957838 NaN
28.4 5.96145254321384 8.62769325945306 0.785268036957838 NaN
28.44 6.94524779066896 7.69611779216773 0.785268036957838 NaN
28.48 7.83786002297082 5.55468552565565 0.785268036957838 NaN
28.52 8.96309936074628 1.85224251216845 0.785268036957838 NaN
28.56 10.0687802684081 -3.08212548160917 0.785268036957839 NaN
28.6 9.30797855430457 -7.63713108923903 0.785268036957838 NaN
28.64 7.88594844714168 -10.1020055611451 0.785268036957838 NaN
28.68 4.28325762755912 -7.54279085878409 0.785268036957839 NaN
28.72 3.03855699960513 -6.26799512164338 0.785268036957839 NaN
28.76 0.82048721008029 -3.13892267074859 0.785268036957839 NaN
28.8 -0.0469952978765339 -1.45782833597729 0.785268036957839 NaN
28.84 -0.389483508147178 -0.771597458979958 0.785268036957839 NaN
28.88 -3.31524011294743 4.61453612161049 0.78526803695784 NaN
28.92 -5.43671918891539 8.0346175197578 0.785268036957839 NaN
28.96 -9.62990754383867 10.742765650632 0.78526803695784 NaN
29 -9.20623820417405 6.79881615712158 0.78526803695784 NaN
29.04 -9.086472358692 2.26882748079247 0.78526803695784 NaN
29.08 -7.1464285772091 -2.05463653815028 0.78526803695784 NaN
29.12 -7.68489510995091 -6.50382781029075 0.785268036957839 NaN
29.16 -8.01955545956391 -10.0086869099589 0.78526803695784 NaN
29.2 -7.35851664940617 -10.9111641957224 0.785268036957839 NaN
29.24 -5.03606065148374 -9.61761568749956 0.785268036957839 NaN
29.28 -1.41719034640894 -4.18418956114351 0.78526803695784 NaN
29.32 1.20263211078045 1.13170046477379 0.78526803695784 NaN
29.36 2.9689754428967 3.83344359745168 0.78526803695784 NaN
29.4 4.53353301972095 7.04302277706493 0.78526803695784 NaN
29.44 4.27793359620884 6.91555454140575 0.785268036957839 NaN
29.48 5.48622312847065 6.56566967682715 0.78526803695784 NaN
29.52 7.40517846132117 5.81389113278146 0.785268036957839 NaN
29.56 10.2504954835653 2.97889958577526 0.78526803695784 NaN
29.6 11.4006600282377 -2.41364818931743 0.78526803695784 NaN
29.64 9.55356747494178 -6.9563652255454 0.78526803695784 NaN
29.68 7.13436401991573 -8.39009527689424 0.78526803695784 NaN
29.72 3.61444850158851 -6.24282231889874 0.785268036957839 NaN
29.76 3.11174675345614 -7.30629309047252 0.785268036957839 NaN
29.8 1.83754858305455 -5.04817787441236 0.785268036957839 NaN
29.84 1.98125588710305 -4.9452431825338 0.78526803695784 NaN
29.88 -0.146891094371713 -1.33030550335128 0.785268036957839 NaN
29.92 -2.97953137122926 5.00019932221349 0.785268036957839 NaN
29.96 -6.57790711484187 9.87529999631383 0.785268036957838 NaN
30 -9.61738012470835 10.8181764801709 0.785268036957839 NaN
30.04 -8.87803168064271 7.22635910811523 0.785268036957839 NaN
30.08 -7.9417823771377 2.87326529011855 0.785268036957839 NaN
30.12 -6.87059013335933 -1.28381014913875 0.785268036957839 NaN
30.16 -8.37202402589869 -5.82175654860445 0.785268036957839 NaN
30.2 -9.00634465893942 -9.96626601510878 0.785268036957839 NaN
30.24 -7.9425490765158 -12.2049978358319 0.785268036957838 NaN
30.28 -4.59746747652086 -9.54319117393773 0.785268036957838 NaN
30.32 -1.41290706974843 -3.74138970473561 0.785268036957837 NaN
30.36 1.13741276362519 1.142729659412 0.785268036957838 NaN
30.4 2.28472161611856 3.12001263462739 0.785268036957837 NaN
30.44 3.24250406200348 5.61008333369813 0.785268036957837 NaN
30.48 3.72844961385634 5.66122291781508 0.785268036957837 NaN
30.52 5.87771988613476 6.92139130593757 0.785268036957837 NaN
30.56 8.22384184935252 7.08656816067972 0.785268036957837 NaN
30.6 10.5205341540886 4.01774726026175 0.785268036957837 NaN
30.64 10.4169798629899 -1.2680566574822 0.785268036957837 NaN
30.68 8.66410152013577 -5.51668340287127 0.785268036957836 NaN
30.72 6.94036993701321 -7.88109429523616 0.785268036957837 NaN
30.76 4.9103314478768 -8.32372153825522 0.785268036957836 NaN
30.8 4.60437190299134 -9.13886415655449 0.785268036957836 NaN
30.84 2.8357298309113 -6.02202329719362 0.785268036957837 NaN
30.88 1.51412756008005 -4.09481353417266 0.785268036957837 NaN
30.92 -1.13760865857426 0.827558533884476 0.785268036957837 NaN
30.96 -3.28077990728497 5.04553307307694 0.785268036957837 NaN
31 -6.02512407188935 8.43186800612608 0.785268036957837 NaN
31.04 -7.53214113749902 9.30919654102488 0.785268036957836 NaN
31.08 -7.74337795952913 7.25406811942179 0.785268036957836 NaN
31.12 -7.86360787015907 3.5336492395402 0.785268036957836 NaN
31.16 -8.81704187584542 -0.679123004114333 0.785268036957836 NaN
31.2 -9.26226715034003 -5.555565109804 0.785268036957835 NaN
31.24 -9.43547419360227 -10.0738676593006 0.785268036957835 NaN
31.28 -6.54660464499419 -10.0502064797427 0.785268036957835 NaN
31.32 -3.94526271515026 -7.64609541428641 0.785268036957835 NaN
31.36 -1.63289536686708 -3.86155982320286 0.785268036957835 NaN
31.4 -0.272077707301531 -1.57327397371762 0.785268036957835 NaN
31.44 0.406779554367399 -0.28491411069521 0.785268036957834 NaN
31.48 2.53600316572409 3.69220224928909 0.785268036957834 NaN
31.52 4.19218432436933 6.10950079256957 0.785268036957834 NaN
31.56 7.27167487854897 9.29379988129386 0.785268036957834 NaN
31.6 8.27166288178778 7.74428948298761 0.785268036957834 NaN
31.64 9.79162820779441 4.60478415356582 0.785268036957834 NaN
31.68 8.91367226908058 -0.260929119401789 0.785268036957835 NaN
31.72 8.53917849186344 -4.75552308545252 0.785268036957835 NaN
31.76 7.69984131854405 -8.12264986277944 0.785268036957834 NaN
31.8 6.74468357326177 -9.99738735795753 0.785268036957834 NaN
31.84 4.96263215339299 -9.14659403040747 0.785268036957834 NaN
31.88 2.85368558801256 -6.27982983497993 0.785268036957834 NaN
31.92 0.688279814788397 -2.61629672726376 0.785268036957833 NaN
31.96 -1.16663148514384 0.69817877456601 0.785268036957833 NaN
32 -2.5208221753557 3.31644944840785 0.785268036957833 NaN
32.04 -4.6884610534831 6.92057185109591 0.785268036957833 NaN
32.08 -6.4317599211834 8.52489110725543 0.785268036957833 NaN
32.12 -8.43551319383831 8.27351808600579 0.785268036957833 NaN
32.16 -8.98930836805668 4.73678577994825 0.785268036957833 NaN
32.2 -9.25789798669508 0.158210227972703 0.785268036957832 NaN
32.24 -8.21292628902845 -4.29690137456264 0.785268036957831 1.06036057661872e-14
32.28 -8.2078246108266 -8.46260426615203 0.785268036957831 1.07449871764031e-14
32.32 -6.63874051549326 -9.72383420038448 0.785268036957831 1.13105128172664e-14
32.36 -5.45531271354739 -9.48831159181149 0.785268036957831 1.07449871764031e-14
32.4 -3.19635968916093 -6.76179711176166 0.785268036957831 1.14518942274822e-14
32.44 -1.22820494792202 -3.26187304459696 0.785268036957831 1.1593275637698e-14
32.48 1.17617995465274 0.961453903650014 0.785268036957831 1.10277499968347e-14
32.52 3.33697445898566 4.8510677761678 0.785268036957831 1.07449871764031e-14
32.56 4.98442982133872 7.62090246817689 0.785268036957831 1.10277499968347e-14
32.6 6.13306244422063 8.23283014250215 0.785268036957831 1.1593275637698e-14
32.64 6.80796847453333 6.95527080016582 0.785268036957831 1.11691314070505e-14
32.68 8.43342830599203 4.77406774721989 0.78526803695783 1.23001826887772e-14
32.72 9.47109994554279 0.59579056122401 0.78526803695783 1.21588012785614e-14
32.76 10.1277101636882 -4.57853649864012 0.78526803695783 1.21588012785614e-14
32.8 8.90418965716525 -8.50904237108674 0.78526803695783 1.23001826887772e-14
32.84 6.84181460608675 -9.46490938274328 0.78526803695783 1.2441564098993e-14
32.88 3.90061847375803 -7.22886003330568 0.785268036957829 1.3289852560288e-14
32.92 2.25991793317757 -5.67107811929307 0.785268036957829 1.38553782011513e-14
32.96 0.88639068666561 -2.98237954353986 0.785268036957829 1.3289852560288e-14
33 0.418604790471416 -2.37812849593846 0.785268036957829 1.39967596113671e-14
33.04 -1.38801608465582 1.26348085723132 0.785268036957829 1.35726153807197e-14
33.08 -3.9396320845409 6.14271319074713 0.78526803695783 1.2441564098993e-14
33.12 -7.17303439366506 9.65826241986041 0.785268036957829 1.4138141021583e-14
33.16 -9.03769843530602 9.28960305006699 0.785268036957829 1.38553782011513e-14
33.2 -9.3631168305263 5.66746076529182 0.785268036957829 1.31484711500722e-14
33.24 -8.18266484012811 0.93382915443417 0.785268036957829 1.3289852560288e-14
33.28 -7.67216082618224 -3.3538501160474 0.785268036957829 1.4138141021583e-14
33.32 -8.11638134993893 -7.59797863740013 0.785268036957829 1.4138141021583e-14
33.36 -7.96497345968774 -10.4152190546133 0.785268036957829 1.30070897398563e-14
33.4 -6.12587589977491 -10.6149862076238 0.785268036957829 1.34312339705038e-14
33.44 -3.50973017204 -7.61383396943122 0.78526803695783 1.28657083296405e-14
33.48 -0.893072737501904 -2.59354241037023 0.78526803695783 1.27243269194247e-14
33.52 1.27802398107022 1.06848242659861 0.785268036957829 1.3289852560288e-14
33.56 2.85425423677916 4.31385570000276 0.78526803695783 1.27243269194247e-14
33.6 4.22041550563972 6.81885672603668 0.785268036957829 1.35726153807197e-14
33.64 5.0937056619567 6.95471063618735 0.785268036957829 1.30070897398563e-14
33.68 6.87731851261122 7.38333412616413 0.78526803695783 1.28657083296405e-14
33.72 8.90539930544307 5.7601889412876 0.78526803695783 1.25829455092088e-14
33.76 10.0713009306208 1.54993304908837 0.785268036957829 1.3289852560288e-14
33.8 9.71076705376778 -3.4946068287499 0.785268036957829 1.3289852560288e-14
33.84 8.23346920164486 -7.15871802821266 0.785268036957829 1.31484711500722e-14
33.88 6.50371636338754 -8.78745276458526 0.785268036957829 1.37139967909355e-14
33.92 4.79703810866584 -8.84183959947307 0.785268036957829 1.38553782011513e-14
33.96 3.71782326804663 -7.7078801604384 0.785268036957829 1.34312339705038e-14
34 1.78840506233836 -4.34599555898066 0.785268036957829 1.35726153807197e-14
34.04 0.169496521912778 -1.79060236869773 0.785268036957829 1.37139967909355e-14
34.08 -1.88402580400594 2.46683913274006 0.785268036957828 1.47036666624463e-14
34.12 -4.36204937813047 6.39811721685802 0.785268036957828 1.47036666624463e-14
34.16 -6.47845572285593 8.64815780854545 0.785268036957828 1.51278108930938e-14
34.2 -7.91974991295286 8.93463048128711 0.785268036957828 1.48450480726621e-14
34.24 -8.13593841384194 5.84388891501065 0.785268036957828 1.51278108930938e-14
34.28 -8.46265361546537 1.74444686608961 0.785268036957827 1.56933365339571e-14
34.32 -8.84169567849768 -2.82767101357405 0.785268036957827 1.58347179441729e-14
34.36 -9.29323641717409 -7.75077423808972 0.785268036957827 1.56933365339571e-14
34.4 -7.87418356767692 -10.2364325604394 0.785268036957827 1.65416249952521e-14
34.44 -5.46313360831799 -9.3469704137066 0.785268036957826 1.73899134565471e-14
34.48 -3.03943502505473 -6.13075192300056 0.785268036957826 1.75312948667629e-14
34.52 -1.12814886061676 -3.02328822761066 0.785268036957826 1.78140576871945e-14
34.56 -0.0822121554284794 -1.24818822146174 0.785268036957826 1.69657692258996e-14
34.6 1.59050361678219 1.92573244751584 0.785268036957826 1.75312948667629e-14
34.64 3.45253768485806 5.03261285207387 0.785268036957827 1.66830064054679e-14
34.68 5.82633021066317 8.1783525374611 0.785268036957826 1.72485320463312e-14
34.72 7.65783368537566 8.83210557942655 0.785268036957827 1.65416249952521e-14
34.76 9.00629550056521 6.55487080958018 0.785268036957826 1.69657692258996e-14
34.8 9.11497342418884 2.23078368529082 0.785268036957826 1.72485320463312e-14
34.84 8.82654468510783 -2.38269196936688 0.785268036957826 1.68243878156837e-14
34.88 8.29239689412081 -6.60632184267683 0.785268036957826 1.69657692258996e-14
34.92 7.43426235096486 -9.3494552434766 0.785268036957826 1.69657692258996e-14
34.96 5.96595883978473 -9.73190154616988 0.785268036957826 1.72485320463312e-14
35 4.12012393546168 -8.13826325839564 0.785268036957826 1.79554390974104e-14
35.04 1.58607037704733 -4.25730164522619 0.785268036957826 1.72485320463312e-14
35.08 -0.177701962349218 -1.11966656220022 0.785268036957826 1.71071506361154e-14
35.12 -1.96274516350263 2.07649223108076 0.785268036957827 1.66830064054679e-14
35.16 -3.33661727364104 4.79586888144954 0.785268036957827 1.64002435850362e-14
35.2 -5.48669879512216 7.91782161495885 0.785268036957827 1.65416249952521e-14
35.24 -7.38359918281796 8.77456039186849 0.785268036957826 1.73899134565471e-14
35.28 -8.77154560038882 6.83440596393954 0.785268036957825 1.88037275587054e-14
35.32 -9.14976547795907 2.68066372851837 0.785268036957825 1.85209647382737e-14
35.36 -8.84689820072194 -2.00464039449868 0.785268036957825 1.83795833280579e-14
35.4 -8.35842710214036 -6.43596497707966 0.785268036957825 1.88037275587054e-14
35.44 -7.44462431143148 -9.20002861024798 0.785268036957825 1.88037275587054e-14
35.48 -6.19447165430037 -9.72545835698138 0.785268036957825 1.83795833280579e-14
35.52 -4.09508601948149 -8.04199757230612 0.785268036957825 1.80968205076262e-14
35.56 -2.40652494005357 -5.46245640732769 0.785268036957826 1.79554390974104e-14
35.6 -0.061428505125996 -1.21096062532926 0.785268036957826 1.79554390974104e-14
35.64 1.7059556688852 1.81218290490298 0.785268036957826 1.79554390974104e-14
35.68 4.21969679476709 6.59645434022785 0.785268036957826 1.76726762769787e-14
35.72 5.41645363829337 7.93056753937563 0.785268036957826 1.76726762769787e-14
35.76 6.75158755478892 8.10703481054195 0.785268036957825 1.80968205076262e-14
35.8 7.78236103771938 6.40613366714383 0.785268036957826 1.79554390974104e-14
35.84 8.94430231172143 2.99520186179831 0.785268036957825 1.8238201917842e-14
35.88 9.63286245107325 -1.67713093574334 0.785268036957825 1.85209647382737e-14
35.92 9.30695757126031 -6.46988144492863 0.785268036957825 1.85209647382737e-14
35.96 7.8215022430731 -9.03820106645911 0.785268036957825 1.88037275587054e-14
36 5.70723824395559 -9.05669896563742 0.785268036957825 1.86623461484895e-14
36.04 3.63782547349889 -7.6419718283101 0.785268036957825 1.88037275587054e-14
36.08 1.79089824523522 -4.55569590553109 0.785268036957825 1.86623461484895e-14
36.12 0.504207158814616 -2.35101272087969 0.785268036957825 1.9086490379137e-14
36.16 -0.796302430164956 -0.0431488798561758 0.785268036957824 1.93692531995687e-14
36.2 -2.75150080684622 4.17960669009123 0.785268036957824 1.93692531995687e-14
36.24 -5.47588311692643 7.83590552352115 0.785268036957824 2.00761602506478e-14
36.28 -7.81877250499572 9.43923816029746 0.785268036957824 1.9934778840432e-14
36.32 -9.00265610910095 7.76013103491927 0.785268036957824 1.93692531995687e-14
36.36 -8.57890534145929 3.34494432275766 0.785268036957824 1.95106346097845e-14
36.4 -8.32176907936081 -1.09905253091686 0.785268036957824 1.9934778840432e-14
36.44 -8.2407157780608 -5.550628120748 0.785268036957824 2.00761602506478e-14
36.48 -8.36043387148923 -9.34802037624142 0.785268036957823 2.0783067301727e-14
36.52 -6.7344408834645 -10.4249399888569 0.785268036957823 2.0783067301727e-14
36.56 -4.63313680028399 -8.96542813639112 0.785268036957824 2.00761602506478e-14
36.6 -2.00684546803526 -4.43780447177783 0.785268036957823 2.09244487119428e-14
36.64 -0.443649450050152 -1.84919442989008 0.785268036957823 2.14899743528061e-14
36.68 1.61192940444266 1.8222808061329 0.785268036957823 2.10658301221586e-14
36.72 3.23923358602625 5.06513647336103 0.785268036957823 2.17727371732378e-14
36.76 4.97944193300503 7.16566928261646 0.785268036957824 2.05003044812953e-14
36.8 6.44827646649183 8.05743493785618 0.785268036957824 2.02175416608637e-14
36.84 8.13329921777312 7.34161268245354 0.785268036957824 2.00761602506478e-14
36.88 9.19456930919415 3.89363450835535 0.785268036957824 1.96520160200003e-14
36.92 9.44092401099445 -0.756954431846901 0.785268036957824 1.95106346097845e-14
36.96 8.77041606633213 -5.33438316316097 0.785268036957824 1.93692531995687e-14
37 7.7250122066412 -8.54384291233266 0.785268036957824 2.00761602506478e-14
37.04 6.32628373155354 -9.66959963965708 0.785268036957823 2.0783067301727e-14
37.08 4.73451626441061 -8.84838462442089 0.785268036957823 2.10658301221586e-14
37.12 2.55965785843286 -5.62583963617631 0.785268036957824 2.03589230710795e-14
37.16 0.413630413012275 -2.179556790316 0.785268036957823 2.06416858915111e-14
37.2 -1.18181448387127 0.688175372987593 0.785268036957823 2.06416858915111e-14
37.24 -2.88292789149134 3.86317544649162 0.785268036957823 2.12072115323745e-14
37.28 -4.71023204291292 6.74430167545432 0.785268036957823 2.06416858915111e-14
37.32 -6.9545678369693 9.06897459481125 0.785268036957823 2.09244487119428e-14
37.36 -8.01818395750636 7.68662818914619 0.785268036957823 2.06416858915111e-14
37.4 -9.06144283014828 4.2694254649561 0.785268036957824 2.05003044812953e-14
37.44 -9.05561402237489 -0.315934221054995 0.785268036957824 1.97933974302162e-14
37.48 -9.0108493432688 -5.15361082509128 0.785268036957825 1.92278717893528e-14
37.52 -7.93899580466178 -8.60203974530399 0.785268036957824 1.95106346097845e-14
37.56 -6.49583393949739 -9.48024272203248 0.785268036957824 2.02175416608637e-14
37.6 -4.17382655231786 -7.7235201636364 0.785268036957824 2.05003044812953e-14
37.64 -2.9019256636528 -6.2784844651476 0.785268036957824 2.03589230710795e-14
37.68 -1.12755729227126 -3.13016115597622 0.785268036957823 2.13485929425903e-14
37.72 0.306104829588146 -0.68506305764276 0.785268036957822 2.19141185834536e-14
37.76 3.07045581727549 4.4164063137617 0.785268036957822 2.24796442243169e-14
37.8 5.26324786545885 8.01651498118124 0.785268036957822 2.21968814038853e-14
37.84 7.03892571161794 9.20121102503998 0.785268036957823 2.17727371732378e-14
37.88 7.86467204687093 7.62575948369372 0.785268036957823 2.14899743528061e-14
37.92 8.38621696671873 4.30890856586653 0.785268036957823 2.16313557630219e-14
37.96 8.76454289769248 0.10318129374756 0.785268036957823 2.12072115323745e-14
38 8.90361851888495 -4.5958340428523 0.785268036957823 2.10658301221586e-14
38.04 8.51260574996571 -8.58599770357279 0.785268036957823 2.09244487119428e-14
38.08 7.09531402846308 -9.97865901445695 0.785268036957823 2.14899743528061e-14
38.12 5.13911555102843 -9.3403075856154 0.785268036957823 2.17727371732378e-14
38.16 2.48624192960657 -5.80770515074311 0.785268036957823 2.12072115323745e-14
38.2 0.35545095062906 -1.93566555187976 0.785268036957823 2.10658301221586e-14
38.24 -0.99698182239581 0.154738814900959 0.785268036957823 2.13485929425903e-14
38.28 -2.21368156792614 2.89984263946249 0.785268036957823 2.10658301221586e-14
38.32 -3.9966116388089 5.9469271267336 0.785268036957823 2.13485929425903e-14
38.36 -6.42694576269701 8.44506513431289 0.785268036957823 2.16313557630219e-14
38.4 -8.29822414089779 8.4738817061574 0.785268036957823 2.16313557630219e-14
38.44 -9.18928422087761 5.14275131791493 0.785268036957822 2.19141185834536e-14
38.48 -9.04689545553022 0.527468631726472 0.785268036957823 2.14899743528061e-14
38.52 -8.57122995651201 -4.14272175763919 0.785268036957823 2.10658301221586e-14
38.56 -8.02812075471296 -7.95091238826915 0.785268036957823 2.12072115323745e-14
38.6 -6.96655542177191 -9.63787897703002 0.785268036957822 2.23382628141011e-14
38.64 -5.15379471524019 -9.29618395533111 0.785268036957822 2.21968814038853e-14
38.68 -3.0301742270066 -6.37811118002523 0.785268036957822 2.26210256345328e-14
38.72 -1.41026880117841 -3.4966152823835 0.785268036957822 2.20554999936694e-14
38.76 0.503310724539851 -0.406912420581855 0.785268036957822 2.27624070447486e-14
38.8 2.65443089855391 3.96945061949156 0.785268036957822 2.27624070447486e-14
38.84 4.74926642067609 7.12832075639212 0.785268036957822 2.19141185834536e-14
38.88 6.29890477110248 8.42482615247903 0.785268036957822 2.24796442243169e-14
38.92 7.52608294320946 7.94781288090788 0.785268036957822 2.20554999936694e-14
38.96 8.66655186230941 5.18741812086357 0.785268036957822 2.23382628141011e-14
39 9.10774529773861 0.93578306853026 0.785268036957822 2.20554999936694e-14
39.04 9.15012934982332 -3.83380569077471 0.785268036957823 2.12072115323745e-14
39.08 8.15195961011081 -7.61599066388124 0.785268036957823 2.17727371732378e-14
39.12 7.13455739265638 -9.72939153833324 0.785268036957822 2.19141185834536e-14
39.16 5.22663804829508 -9.29311853032274 0.785268036957823 2.16313557630219e-14
39.2 3.51187612341093 -7.12292090147667 0.785268036957823 2.10658301221586e-14
39.24 0.913549823226198 -2.95971455909205 0.785268036957823 2.10658301221586e-14
39.28 -0.569784378953192 -0.551947602338931 0.785268036957823 2.06416858915111e-14
39.32 -2.3253400065275 2.93972070754553 0.785268036957824 2.02175416608637e-14
39.36 -3.90346092839935 5.53606025881752 0.785268036957824 1.9934778840432e-14
39.4 -6.25234494660443 8.55033498082081 0.785268036957823 2.13485929425903e-14
39.44 -7.80297967735377 8.67672293747184 0.785268036957823 2.0783067301727e-14
39.48 -8.67444501857635 5.63055874255811 0.785268036957822 2.20554999936694e-14
39.52 -8.95191925740004 1.33887776029927 0.785268036957822 2.19141185834536e-14
39.56 -9.02316159070859 -3.42539323775676 0.785268036957822 2.24796442243169e-14
39.6 -8.44806002470503 -7.73102436611684 0.785268036957821 2.31865512753961e-14
39.64 -7.31991201908853 -9.6348974421228 0.785268036957821 2.34693140958277e-14
39.68 -5.00701673913852 -8.50949080678829 0.785268036957821 2.37520769162594e-14
39.72 -3.22370498219731 -6.64907573059156 0.785268036957821 2.36106955060436e-14
39.76 -1.55534288151211 -3.86657181762234 0.785268036957821 2.33279326856119e-14
39.8 -0.33957407457246 -1.90940548576361 0.785268036957821 2.40348397366911e-14
39.84 1.93963925954918 2.3097537367101 0.785268036957821 2.33279326856119e-14
39.88 4.39881498344746 6.76614649581046 0.785268036957821 2.38934583264752e-14
39.92 6.50592354122937 9.09803409446609 0.785268036957821 2.37520769162594e-14
39.96 7.73486397695764 8.62726527652493 0.785268036957821 2.37520769162594e-14
40 8.37264269812284 5.71561917569186 0.785268036957821 2.34693140958277e-14
