"Time, Y-Force, Work integrand, Mass, Mass error"
1e-05 -3.38104600287543e-09 -3.32480673050834e-11 0.785390488322166 NaN
0.001 -1.6691929421039e-05 -3.45644804445559e-11 0.785390488322166 NaN
0.002 -6.09833522757821e-05 -6.8142018440555e-10 0.785390488322166 NaN
0.003 -0.000131821207084413 -3.05468496290859e-09 0.785390488322165 NaN
0.004 -0.000229378601321538 -9.01232624566812e-09 0.785390488322166 NaN
0.005 -0.000353407913158138 -2.12947752241119e-08 0.785390488322166 NaN
0.006 -0.000503771992199139 -4.24257894791156e-08 0.785390488322165 NaN
0.007 -0.000680450271864885 -7.63590540378497e-08 0.785390488322165 NaN
0.008 -0.000883433553728657 -1.26999294018801e-07 0.785390488322165 NaN
0.009 -0.0011127029845244 -1.9911709811451e-07 0.785390488322165 NaN
0.01 -0.00136829284618865 -2.97999680330225e-07 0.785390488322165 NaN
0.011 -0.00165019925359266 -4.2947258685141e-07 0.785390488322165 NaN
0.012 -0.00195847081043736 -5.9990261735654e-07 0.785390488322165 NaN
0.013 -0.00229314557745894 -8.16074370703398e-07 0.785390488322165 NaN
0.014 -0.0026542474161515 -1.08528472915171e-06 0.785390488322165 NaN
0.015 -0.00304182937849003 -1.41572391705118e-06 0.785390488322165 NaN
0.016 -0.00345593385108265 -1.81565051377898e-06 0.785390488322165 NaN
0.017 -0.00389659871283179 -2.29425204609086e-06 0.785390488322165 NaN
0.018 -0.00436388369158721 -2.86110647483857e-06 0.785390488322165 NaN
0.019 -0.00485784357739844 -3.52622761916473e-06 0.785390488322165 NaN
0.02 -0.00537852064450892 -4.30010896076786e-06 0.785390488322166 NaN
0.021 -0.0059259686049273 -5.1938444088786e-06 0.785390488322165 NaN
0.022 -0.0065002458362587 -6.2193761187072e-06 0.785390488322165 NaN
0.023 -0.00710139932569654 -7.38861518160039e-06 0.785390488322165 NaN
0.024 -0.00772947869655887 -8.71457343408165e-06 0.785390488322165 NaN
0.025 -0.00838454503448644 -1.02103297665276e-05 0.785390488322165 NaN
0.026 -0.00906665631423594 -1.18893208957395e-05 0.785390488322165 NaN
0.027 -0.0097758607358598 -1.37663462988681e-05 0.785390488322165 NaN
0.028 -0.0105122091001903 -1.58560143884439e-05 0.785390488322165 NaN
0.029 -0.011275758417184 -1.8173487546312e-05 0.785390488322165 NaN
0.03 -0.01206656193532 -2.07347666589517e-05 0.785390488322165 NaN
0.031 -0.0128846667935754 -2.35559765767726e-05 0.785390488322165 NaN
0.032 -0.0137301231691867 -2.6654388227557e-05 0.785390488322165 NaN
0.033 -0.0146029869961934 -3.00474040257872e-05 0.785390488322165 NaN
0.034 -0.0155033122355631 -3.37521360229375e-05 0.785390488322165 NaN
0.035 -0.0164311463320714 -3.77881028055666e-05 0.785390488322165 NaN
0.036 -0.0173865348029776 -4.21733059796192e-05 0.785390488322165 NaN
0.037 -0.0183695259216343 -4.6927904204102e-05 0.785390488322166 NaN
0.038 -0.0193801690872441 -5.20711583666511e-05 0.785390488322165 NaN
0.039 -0.0204185098402879 -5.762418531721e-05 0.785390488322165 NaN
0.04 -0.0214845900852702 -6.36073502235974e-05 0.785390488322165 NaN
0.041 -0.0225784525773265 -7.0043001494008e-05 0.785390488322165 NaN
0.042 -0.0237001430559943 -7.69519005242919e-05 0.785390488322165 NaN
0.043 -0.0248497066303319 -8.43570936891005e-05 0.785390488322165 NaN
0.044 -0.0260271841042229 -9.22819185396705e-05 0.785390488322165 NaN
0.045 -0.0272326120784892 -0.000100749469731616 0.785390488322166 NaN
0.046 -0.0284660267299116 -0.000109783637797006 0.785390488322165 NaN
0.047 -0.0297274654846986 -0.000119408868582781 0.785390488322165 NaN
0.048 -0.0310169653336103 -0.000129650237332004 0.785390488322165 NaN
0.049 -0.0323345595108675 -0.0001405328013031 0.785390488322165 NaN
0.05 -0.0336802773229702 -0.000152082792477745 0.785390488322165 NaN
0.051 -0.0350541469577426 -0.000164327065137939 0.785390488322165 NaN
0.052 -0.0364561987617902 -0.000177291383344777 0.785390488322165 NaN
0.053 -0.0378864648376871 -0.000191003705103973 0.785390488322165 NaN
0.054 -0.0393449754235287 -0.000205491910424757 0.785390488322165 NaN
0.055 -0.0408317545188304 -0.000220784134791292 0.785390488322165 NaN
0.056 -0.0423468189704958 -0.000236908924891422 0.785390488322165 NaN
0.057 -0.0438901819029936 -0.000253895869265667 0.785390488322165 NaN
0.058 -0.04546185827562 -0.000271774190003871 0.785390488322166 NaN
0.059 -0.0470618687534695 -0.000290574315920333 0.785390488322165 NaN
0.06 -0.0486902384405893 -0.000310326636995922 0.785390488322165 NaN
0.061 -0.0503469913401766 -0.000331062101585019 0.785390488322165 NaN
0.062 -0.0520321443486095 -0.0003528129340994 0.785390488322165 NaN
0.063 -0.0537457029443717 -0.000375609973556592 0.785390488322165 NaN
0.064 -0.0554876621333142 -0.000399486391560562 0.785390488322165 NaN
0.065 -0.0572580108333774 -0.000424474270936942 0.785390488322165 NaN
0.066 -0.0590567380809056 -0.000450606465027238 0.785390488322165 NaN
0.067 -0.0608838376024145 -0.000477917583186701 0.785390488322165 NaN
0.068 -0.0627393095456331 -0.000506440132433879 0.785390488322165 NaN
0.069 -0.0646231590350297 -0.000536209881597922 0.785390488322165 NaN
0.07 -0.0665353925652201 -0.000567261043226744 0.785390488322165 NaN
0.071 -0.0684760133031074 -0.000599629200781346 0.785390488322165 NaN
0.072 -0.0704450177554875 -0.000633349798596179 0.785390488322165 NaN
0.073 -0.0724423934065026 -0.000668459012229136 0.785390488322165 NaN
0.074 -0.0744681190006411 -0.000704993300177714 0.785390488322165 NaN
0.075 -0.0765221657760083 -0.000742989478142212 0.785390488322165 NaN
0.076 -0.078604500047354 -0.000782483583274937 0.785390488322165 NaN
0.077 -0.0807150857001471 -0.00082351389884695 0.785390488322165 NaN
0.078 -0.0828538862364253 -0.000866117998758925 0.785390488322165 NaN
0.079 -0.0850208659431952 -0.000910333945449614 0.785390488322165 NaN
0.08 -0.0872159898574673 -0.000956200133128934 0.785390488322165 NaN
0.081 -0.0894392233785692 -0.00100375501718472 0.785390488322165 NaN
0.082 -0.091690530560902 -0.00105303851640705 0.785390488322165 NaN
0.083 -0.0939698730659342 -0.00110408961776523 0.785390488322165 NaN
0.084 -0.0962772083597316 -0.00115694833296084 0.785390488322165 NaN
0.085 -0.0986124885517319 -0.00121165487477266 0.785390488322165 NaN
0.086 -0.100975659506956 -0.00126824906580734 0.785390488322166 NaN
0.087 -0.103366660928413 -0.00132677199932295 0.785390488322166 NaN
0.088 -0.105785426292455 -0.00138726448592053 0.785390488322165 NaN
0.089 -0.108231884183784 -0.0014497669993868 0.785390488322165 NaN
0.09 -0.110705959012106 -0.00151432140441569 0.785390488322165 NaN
0.091 -0.113207572289845 -0.00158096915385187 0.785390488322165 NaN
0.092 -0.115736643412449 -0.00164975189862654 0.785390488322165 NaN
0.093 -0.118293090131623 -0.00172071157091161 0.785390488322165 NaN
0.094 -0.12087682822452 -0.00179389063601793 0.785390488322165 NaN
0.095 -0.123487771239333 -0.00186933180351797 0.785390488322165 NaN
0.096 -0.126125829463859 -0.001947076944695 0.785390488322165 NaN
0.097 -0.128790908994677 -0.00202716976043435 0.785390488322165 NaN
0.098 -0.131482910690576 -0.00210965283188666 0.785390488322165 NaN
0.099 -0.13420172963057 -0.00219456932277603 0.785390488322164 NaN
0.1 -0.136947254280932 -0.00228196224268276 0.785390488322165 NaN
0.101 -0.139719366304287 -0.00237187549751493 0.785390488322165 NaN
0.102 -0.142517940677445 -0.00246435217580466 0.785390488322165 NaN
0.103 -0.145342845962914 -0.0025594355087392 0.785390488322165 NaN
0.104 -0.148193944802381 -0.00265716960389381 0.785390488322165 NaN
0.105 -0.151071094933655 -0.00275759739078562 0.785390488322165 NaN
0.106 -0.153974149754077 -0.0028607629155195 0.785390488322165 NaN
0.107 -0.156902959177831 -0.00296670945251071 0.785390488322165 NaN
0.108 -0.159857369718257 -0.00307548104953415 0.785390488322165 NaN
0.109 -0.162837224524052 -0.00318712173704737 0.785390488322165 NaN
0.11 -0.165842362712724 -0.00330167469610235 0.785390488322165 NaN
0.111 -0.168872618354879 -0.00341918435316149 0.785390488322165 NaN
0.112 -0.171927819288389 -0.00353969374750799 0.785390488322165 NaN
0.113 -0.175007785689403 -0.00366324706042653 0.785390488322165 NaN
0.114 -0.178112329404171 -0.00378988753476063 0.785390488322165 NaN
0.115 -0.181241253152607 -0.00391965826783054 0.785390488322165 NaN
0.116 -0.184394351082174 -0.00405260312524335 0.785390488322165 NaN
0.117 -0.187571408978387 -0.00418876411295514 0.785390488322165 NaN
0.118 -0.190772205722211 -0.0043281849848792 0.785390488322165 NaN
0.119 -0.193996514057521 -0.00447090801631756 0.785390488322165 NaN
0.12 -0.197244101532406 -0.00461697544495795 0.785390488322165 NaN
0.121 -0.200514730676476 -0.00476642949671089 0.785390488322165 NaN
0.122 -0.203808158479181 -0.00491931219556602 0.785390488322165 NaN
0.123 -0.207124135391733 -0.00507566558691898 0.785390488322165 NaN
0.124 -0.210462403813043 -0.00523553075648978 0.785390488322165 NaN
0.125 -0.213822696547006 -0.00539894916504469 0.785390488322165 NaN
0.126 -0.217204735588839 -0.00556596131224505 0.785390488322165 NaN
0.127 -0.220608231575103 -0.00573660722817645 0.785390488322165 NaN
0.128 -0.224032883800168 -0.0059109272048651 0.785390488322165 NaN
0.129 -0.227478381128018 -0.00608896024933644 0.785390488322165 NaN
0.13 -0.230944403416117 -0.00627074494403506 0.785390488322165 NaN
0.131 -0.234430623185518 -0.00645632003052967 0.785390488322165 NaN
0.132 -0.237936707011164 -0.00664572372139667 0.785390488322165 NaN
0.133 -0.241462315890188 -0.00683899242036854 0.785390488322165 NaN
0.134 -0.245007105136128 -0.00703616358387807 0.785390488322165 NaN
0.135 -0.248570722707601 -0.00723727371596619 0.785390488322165 NaN
0.136 -0.252152806545464 -0.00744235841502443 0.785390488322165 NaN
0.137 -0.25575298106476 -0.00765145234568628 0.785390488322165 NaN
0.138 -0.259370853879906 -0.0078645901108936 0.785390488322165 NaN
0.139 -0.263006012766814 -0.00808180434726001 0.785390488322166 NaN
0.14 -0.266658023606711 -0.0083031277341451 0.785390488322165 NaN
0.141 -0.270326430625466 -0.00852859058721853 0.785390488322165 NaN
0.142 -0.274010757532015 -0.00875822337370213 0.785390488322165 NaN
0.143 -0.277710511132932 -0.00899205434141799 0.785390488322166 NaN
0.144 -0.281425185389921 -0.0092301118164746 0.785390488322165 NaN
0.145 -0.285154266165228 -0.00947242213719238 0.785390488322165 NaN
0.146 -0.288897235659888 -0.0097190119420155 0.785390488322165 NaN
0.147 -0.292653575384134 -0.00996990577831886 0.785390488322166 NaN
0.148 -0.296422767294471 -0.0102251285054271 0.785390488322165 NaN
0.149 -0.300204292738974 -0.0104847035665265 0.785390488322165 NaN
0.15 -0.303997628853806 -0.0107486535941804 0.785390488322165 NaN
0.151 -0.307802242849099 -0.0110170004867777 0.785390488322165 NaN
0.152 -0.311617584315354 -0.0112897635091084 0.785390488322165 NaN
0.153 -0.315443076436122 -0.0115669621365799 0.785390488322165 NaN
0.154 -0.319278106530893 -0.0118486121008513 0.785390488322164 NaN
0.155 -0.32312201705959 -0.0121347283167473 0.785390488322165 NaN
0.156 -0.326974097576823 -0.0124253217128306 0.785390488322165 NaN
0.157 -0.330833579131344 -0.0127204007280442 0.785390488322165 NaN
0.158 -0.334699631847208 -0.0130199709711828 0.785390488322165 NaN
0.159 -0.33857136629152 -0.013324034913504 0.785390488322165 NaN
0.16 -0.342447840219504 -0.0136325908918737 0.785390488322166 NaN
0.161 -0.346328069418166 -0.0139456346407472 0.785390488322165 NaN
0.162 -0.350211044041863 -0.014263160399432 0.785390488322165 NaN
0.163 -0.354095747555099 -0.0145851587567093 0.785390488322165 NaN
0.164 -0.357981177341844 -0.0149116196500433 0.785390488322166 NaN
0.165 -0.361866363799171 -0.0152425326347287 0.785390488322165 NaN
0.166 -0.36575038418225 -0.0155778868605745 0.785390488322165 NaN
0.167 -0.369632368537308 -0.0159176708669331 0.785390488322165 NaN
0.168 -0.373511493974995 -0.0162618745969285 0.785390488322165 NaN
0.169 -0.377386964885454 -0.0166104865974809 0.785390488322165 NaN
0.17 -0.381257979076952 -0.016963493934424 0.785390488322166 NaN
0.171 -0.385123680273577 -0.017320879976807 0.785390488322165 NaN
0.172 -0.388983099422589 -0.017682622512002 0.785390488322165 NaN
0.173 -0.392835090652124 -0.0180486904423122 0.785390488322165 NaN
0.174 -0.3966782663111 -0.0184190417485767 0.785390488322165 NaN
0.175 -0.400510939619548 -0.0187936198573313 0.785390488322165 NaN
0.176 -0.404331080665967 -0.0191723509670197 0.785390488322165 NaN
0.177 -0.408136292231024 -0.0195551435751935 0.785390488322165 NaN
0.178 -0.411923810502515 -0.0199418870353899 0.785390488322165 NaN
0.179 -0.415690532880077 -0.0203324511979079 0.785390488322165 NaN
0.18 -0.419433072912679 -0.0207266888196912 0.785390488322165 NaN
0.181 -0.423147840059743 -0.0211244379287474 0.785390488322165 NaN
0.182 -0.426831139640863 -0.0215255260753524 0.785390488322166 NaN
0.183 -0.430479285922163 -0.0219297735607001 0.785390488322165 NaN
0.184 -0.434088720872788 -0.0223370005238548 0.785390488322165 NaN
0.185 -0.437656129631959 -0.0227470310805135 0.785390488322165 NaN
0.186 -0.441178545890322 -0.0231596978019896 0.785390488322166 NaN
0.187 -0.44465343881541 -0.0235748484765156 0.785390488322165 NaN
0.188 -0.448078777531357 -0.0239923479925695 0.785390488322166 NaN
0.189 -0.45145306927038 -0.0244120827301752 0.785390488322165 NaN
0.19 -0.454775370217687 -0.024833960016484 0.785390488322165 NaN
0.191 -0.458045270408023 -0.0252579116054943 0.785390488322165 NaN
0.192 -0.461262854851047 -0.0256838897158314 0.785390488322165 NaN
0.193 -0.464428646106256 -0.0261118682368102 0.785390488322165 NaN
0.194 -0.467543532464687 -0.0265418383704539 0.785390488322165 NaN
0.195 -0.470608688293532 -0.0269738062378767 0.785390488322165 NaN
0.196 -0.473625491362835 -0.0274077891325398 0.785390488322166 NaN
0.197 -0.476595442632027 -0.0278438123996474 0.785390488322164 NaN
0.198 -0.47952009250798 -0.0282819055241257 0.785390488322165 NaN
0.199 -0.482400976567365 -0.0287220997205924 0.785390488322165 NaN
0.2 -0.485239563401057 -0.0291644250571251 0.785390488322165 NaN
0.201 -0.488037214632392 -0.0296089074669044 0.785390488322165 NaN
0.202 -0.490795157840945 -0.030055567936474 0.785390488322165 NaN
0.203 -0.493514470979513 -0.0305044212887385 0.785390488322165 NaN
0.204 -0.496196077415536 -0.0309554760828431 0.785390488322165 NaN
0.205 -0.498840749027555 -0.0314087328433427 0.785390488322165 NaN
0.206 -0.501449115978788 -0.0318641870967839 0.785390488322165 NaN
0.207 -0.504021680791508 -0.0323218267514658 0.785390488322165 NaN
0.208 -0.506558835191505 -0.0327816346677948 0.785390488322165 NaN
0.209 -0.509060877735309 -0.0332435894819191 0.785390488322165 NaN
0.21 -0.511528031284285 -0.0337076645374714 0.785390488322165 NaN
0.211 -0.513960459492222 -0.0341738313598862 0.785390488322165 NaN
0.212 -0.51635828117905 -0.0346420577001033 0.785390488322165 NaN
0.213 -0.518721582548971 -0.035112310170956 0.785390488322165 NaN
0.214 -0.521050427363565 -0.0355845532009959 0.785390488322165 NaN
0.215 -0.523344864739518 -0.0360587507447306 0.785390488322166 NaN
0.216 -0.525604934870253 -0.0365348651259093 0.785390488322165 NaN
0.217 -0.52783067291789 -0.0370128593901968 0.785390488322165 NaN
0.218 -0.530022111673401 -0.0374926941681259 0.785390488322165 NaN
0.219 -0.532179282697969 -0.0379743317805126 0.785390488322165 NaN
0.22 -0.534302216780656 -0.0384577325504225 0.785390488322165 NaN
0.221 -0.536390943733406 -0.0389428570600224 0.785390488322165 NaN
0.222 -0.538445491945392 -0.0394296652747175 0.785390488322165 NaN
0.223 -0.540465887368399 -0.0399181166673391 0.785390488322165 NaN
0.224 -0.542452153148232 -0.0404081698684069 0.785390488322165 NaN
0.225 -0.544404308715046 -0.0408997829812727 0.785390488322165 NaN
0.226 -0.546322369431836 -0.0413929140559096 0.785390488322165 NaN
0.227 -0.548206346427117 -0.0418875198796137 0.785390488322165 NaN
0.228 -0.550056246450963 -0.0423835564640958 0.785390488322165 NaN
0.229 -0.5518720722289 -0.0428809791828739 0.785390488322165 NaN
0.23 -0.553653822853897 -0.0433797434386268 0.785390488322164 NaN
0.231 -0.555401494130073 -0.0438798027992018 0.785390488322165 NaN
0.232 -0.557115079356696 -0.0443811111163237 0.785390488322165 NaN
0.233 -0.558794569862596 -0.0448836211526489 0.785390488322165 NaN
0.234 -0.560439955464029 -0.0453872858178192 0.785390488322165 NaN
0.235 -0.562051225446412 -0.0458920566408828 0.785390488322165 NaN
0.236 -0.56362836855075 -0.04639788544839 0.785390488322165 NaN
0.237 -0.565171373874715 -0.0469047232476392 0.785390488322165 NaN
0.238 -0.566680231126257 -0.0474125201572772 0.785390488322166 NaN
0.239 -0.56815493087744 -0.0479212269495773 0.785390488322165 NaN
0.24 -0.569595465235622 -0.04843079328893 0.785390488322165 NaN
0.241 -0.571001827887258 -0.0489411689163304 0.785390488322165 NaN
0.242 -0.572374014550684 -0.04945230277505 0.785390488322165 NaN
0.243 -0.573712023365703 -0.0499641439044377 0.785390488322165 NaN
0.244 -0.575015855051365 -0.0504766416868224 0.785390488322165 NaN
0.245 -0.576285513446567 -0.0509897435791486 0.785390488322165 NaN
0.246 -0.577521005583475 -0.05150339883647 0.785390488322165 NaN
0.247 -0.57872234212458 -0.0520175551435745 0.785390488322165 NaN
0.248 -0.579889537528393 -0.0525321602977543 0.785390488322165 NaN
0.249 -0.581022610354543 -0.0530471627959918 0.785390488322165 NaN
0.25 -0.582121583411781 -0.0535625102936849 0.785390488322166 NaN
0.251 -0.583186483933013 -0.0540781500561989 0.785390488322165 NaN
0.252 -0.584217343772337 -0.0545940307364376 0.785390488322166 NaN
0.253 -0.585214199537497 -0.0551100994526986 0.785390488322165 NaN
0.254 -0.586177092844107 -0.0556263043652475 0.785390488322166 NaN
0.255 -0.587106070316775 -0.0561425930663828 0.785390488322165 NaN
0.256 -0.588001183959121 -0.056658913659208 0.785390488322165 NaN
0.257 -0.588862491219563 -0.0571752138884019 0.785390488322165 NaN
0.258 -0.58969005528497 -0.0576914424729185 0.785390488322165 NaN
0.259 -0.590483945266642 -0.0582075473255199 0.785390488322165 NaN
0.26 -0.591244236507545 -0.0587234770543384 0.785390488322165 NaN
0.261 -0.591971010706896 -0.0592391804919187 0.785390488322165 NaN
0.262 -0.592664356207032 -0.0597546069162423 0.785390488322165 NaN
0.263 -0.593324368143924 -0.0602697054522387 0.785390488322165 NaN
0.264 -0.593951148739454 -0.0607844261014093 0.785390488322165 NaN
0.265 -0.594544807407524 -0.0612987186742912 0.785390488322166 NaN
0.266 -0.595105460781017 -0.06181253457583 0.785390488322165 NaN
0.267 -0.595633233061566 -0.0623258241780218 0.785390488322166 NaN
0.268 -0.596128255858553 -0.0628385390139596 0.785390488322165 NaN
0.269 -0.596590668564316 -0.0633506316896529 0.785390488322165 NaN
0.27 -0.597020618246964 -0.0638620548707362 0.785390488322165 NaN
0.271 -0.597418259925773 -0.0643727613003059 0.785390488322166 NaN
0.272 -0.597783756549298 -0.064882705380937 0.785390488322165 NaN
0.273 -0.598117279463663 -0.0653918415272674 0.785390488322165 NaN
0.274 -0.598419008304228 -0.0659001250236573 0.785390488322165 NaN
0.275 -0.598689131458812 -0.0664075120058674 0.785390488322165 NaN
0.276 -0.598927846387219 -0.0669139596356001 0.785390488322165 NaN
0.277 -0.599135359767554 -0.0674194254749114 0.785390488322165 NaN
0.278 -0.5993118879546 -0.0679238684269017 0.785390488322165 NaN
0.279 -0.599457657195389 -0.0684272483565562 0.785390488322166 NaN
0.28 -0.599572903908303 -0.0689295259689439 0.785390488322165 NaN
0.281 -0.599657874800587 -0.0694306636324926 0.785390488322165 NaN
0.282 -0.59971282719609 -0.0699306244425055 0.785390488322165 NaN
0.283 -0.599738028890648 -0.0704293726903802 0.785390488322165 NaN
0.284 -0.599733758348536 -0.0709268745986714 0.785390488322165 NaN
0.285 -0.599700304499733 -0.0714230967559144 0.785390488322165 NaN
0.286 -0.599637966805228 -0.0719180077032917 0.785390488322165 NaN
0.287 -0.599547055195859 -0.0724115770539847 0.785390488322165 NaN
0.288 -0.599427890165345 -0.0729037764049945 0.785390488322165 NaN
0.289 -0.599280802648092 -0.0733945778521343 0.785390488322165 NaN
0.29 -0.599106134524266 -0.0738839560848687 0.785390488322165 NaN
0.291 -0.598904238736352 -0.0743718871589429 0.785390488322165 NaN
0.292 -0.598675479684737 -0.0748583476951178 0.785390488322165 NaN
0.293 -0.598420233848696 -0.0753433170893773 0.785390488322165 NaN
0.294 -0.598138890153468 -0.07582677676194 0.785390488322165 NaN
0.295 -0.597831850660587 -0.0763087096714628 0.785390488322166 NaN
0.296 -0.597499530850118 -0.0767891014503909 0.785390488322165 NaN
0.297 -0.597142360126137 -0.0772679391566832 0.785390488322165 NaN
0.298 -0.596760782037096 -0.0777452125955245 0.785390488322165 NaN
0.299 -0.596355254165205 -0.0782209144189343 0.785390488322165 NaN
0.3 -0.595926248128214 -0.0786950382662809 0.785390488322165 NaN
0.301 -0.595474249316715 -0.0791675816079019 0.785390488322165 NaN
0.302 -0.594999756350271 -0.0796385440351065 0.785390488322165 NaN
0.303 -0.594503280886804 -0.0801079270778442 0.785390488322165 NaN
0.304 -0.593985347045914 -0.0805757354590222 0.785390488322164 NaN
0.305 -0.593446491176748 -0.0810419754249746 0.785390488322165 NaN
0.306 -0.592887261984257 -0.0815066566361025 0.785390488322165 NaN
0.307 -0.592308220524369 -0.0819697910511429 0.785390488322165 NaN
0.308 -0.591709940741257 -0.0824313930058038 0.785390488322165 NaN
0.309 -0.591093010415671 -0.0828914801167399 0.785390488322165 NaN
0.31 -0.590458032062928 -0.0833500731260209 0.785390488322165 NaN
0.311 -0.589805624112419 -0.0838071959527746 0.785390488322165 NaN
0.312 -0.589136422356362 -0.0842628750544657 0.785390488322165 NaN
0.313 -0.588451080873792 -0.0847171427260864 0.785390488322165 NaN
0.314 -0.587750273217206 -0.0851700341543524 0.785390488322165 NaN
0.315 -0.587034692796693 -0.0856215877569296 0.785390488322166 NaN
0.316 -0.586305053163685 -0.0860718479552736 0.785390488322165 NaN
0.317 -0.585562087682835 -0.0865208626700892 0.785390488322166 NaN
0.318 -0.58480654853268 -0.0869686839780178 0.785390488322166 NaN
0.319 -0.584039205527591 -0.0874153688448929 0.785390488322165 NaN
0.32 -0.583260844565922 -0.0878609777740398 0.785390488322165 NaN
0.321 -0.582472265872255 -0.0883055755194008 0.785390488322165 NaN
0.322 -0.58167428232921 -0.0887492304752684 0.785390488322165 NaN
0.323 -0.580867718356932 -0.0891920153291437 0.785390488322165 NaN
0.324 -0.580053409056025 -0.0896340055534509 0.785390488322165 NaN
0.325 -0.579232200224764 -0.0900752810030293 0.785390488322165 NaN
0.326 -0.578404948974891 -0.0905159247108903 0.785390488322165 NaN
0.327 -0.577572525514227 -0.0909560246789703 0.785390488322165 NaN
0.328 -0.576735815350841 -0.0913956730936253 0.785390488322165 NaN
0.329 -0.57589572216126 -0.0918349669997515 0.785390488322165 NaN
0.33 -0.575053171466156 -0.0922740094749922 0.785390488322165 NaN
0.331 -0.574209113663033 -0.092712909737033 0.785390488322166 NaN
0.332 -0.573364527497293 -0.0931517845666719 0.785390488322164 NaN
0.333 -0.572520422658643 -0.0935907567836347 0.785390488322165 NaN
0.334 -0.571677841591379 -0.0940299590376237 0.785390488322165 NaN
0.335 -0.570837860175548 -0.0944695311201709 0.785390488322165 NaN
0.336 -0.57000158723551 -0.0949096211654312 0.785390488322165 NaN
0.337 -0.569170162578669 -0.0953503862187232 0.785390488322165 NaN
0.338 -0.568344753516875 -0.0957919908787216 0.785390488322165 NaN
0.339 -0.567526550724138 -0.0962346073794845 0.785390488322165 NaN
0.34 -0.566716762694793 -0.0966784141021093 0.785390488322165 NaN
0.341 -0.565916609583891 -0.0971235958286106 0.785390488322165 NaN
0.342 -0.565127317551359 -0.097570342593037 0.785390488322165 NaN
0.343 -0.564350112811735 -0.0980188482385076 0.785390488322165 NaN
0.344 -0.563586217158645 -0.0984693100597576 0.785390488322165 NaN
0.345 -0.562836845158054 -0.0989219283864896 0.785390488322165 NaN
0.346 -0.562103203108955 -0.0993769065170979 0.785390488322165 NaN
0.347 -0.561386491000477 -0.0998344506922473 0.785390488322165 NaN
0.348 -0.56068790712949 -0.100294772001561 0.785390488322165 NaN
0.349 -0.560008655856666 -0.100758085867696 0.785390488322165 NaN
0.35 -0.559349957946501 -0.101224614550222 0.785390488322165 NaN
0.351 -0.558713063441251 -0.101694590707899 0.785390488322165 NaN
0.352 -0.558099266155585 -0.1021682576239 0.785390488322165 NaN
0.353 -0.557509918559814 -0.102645873427664 0.785390488322165 NaN
0.354 -0.556946446221241 -0.103127714670207 0.785390488322165 NaN
0.355 -0.556410359728861 -0.103614075995638 0.785390488322165 NaN
0.356 -0.555903263092317 -0.104105274839086 0.785390488322164 NaN
0.357 -0.555426856994743 -0.104601650149486 0.785390488322165 NaN
0.358 -0.554982935261778 -0.105103564974447 0.785390488322165 NaN
0.359 -0.554573373633533 -0.105611402075864 0.785390488322165 NaN
0.36 -0.554200110563274 -0.106125563833669 0.785390488322165 NaN
0.361 -0.553865119309798 -0.106646466210559 0.785390488322165 NaN
0.362 -0.553570372220684 -0.107174533706371 0.785390488322165 NaN
0.363 -0.553317798090265 -0.107710191760943 0.785390488322165 NaN
0.364 -0.553109234264153 -0.108253859626421 0.785390488322165 NaN
0.365 -0.552946375654794 -0.108805939033924 0.785390488322164 NaN
0.366 -0.55283072309151 -0.109366806252448 0.785390488322165 NaN
0.367 -0.552763533819426 -0.109936803347096 0.785390488322165 NaN
0.368 -0.552745777029404 -0.110516226687535 0.785390488322164 NaN
0.369 -0.552778096701359 -0.111105322276137 0.785390488322165 NaN
0.37 -0.552860784387651 -0.111704276423268 0.785390488322165 NaN
0.371 -0.552993763692613 -0.112313214343975 0.785390488322165 NaN
0.372 -0.553176587298313 -0.112932194806453 0.785390488322165 NaN
0.373 -0.553408447263145 -0.11356121230657 0.785390488322165 NaN
0.374 -0.553688198274489 -0.114200198562186 0.785390488322165 NaN
0.375 -0.554014392714842 -0.114849027405295 0.785390488322165 NaN
0.376 -0.554385325701765 -0.115507521356927 0.785390488322165 NaN
0.377 -0.554799088416947 -0.116175458885768 0.785390488322165 NaN
0.378 -0.555253626583565 -0.116852585402084 0.785390488322165 NaN
0.379 -0.555746801549557 -0.117538623711149 0.785390488322165 NaN
0.38 -0.556276451382065 -0.118233282864913 0.785390488322165 NaN
0.381 -0.556840448658492 -0.118936270587884 0.785390488322165 NaN
0.382 -0.557436753487063 -0.119647302835956 0.785390488322165 NaN
0.383 -0.558063459132907 -0.120366111141442 0.785390488322165 NaN
0.384 -0.558718829028897 -0.121092452697102 0.785390488322165 NaN
0.385 -0.559401324378334 -0.121826113799527 0.785390488322165 NaN
0.386 -0.560109622072855 -0.122566916415591 0.785390488322165 NaN
0.387 -0.560842622825006 -0.12331471947114 0.785390488322165 NaN
0.388 -0.561599450754091 -0.124069420245733 0.785390488322165 NaN
0.389 -0.562379444798867 -0.124830953873968 0.785390488322165 NaN
0.39 -0.563182143775856 -0.125599292171951 0.785390488322165 NaN
0.391 -0.56400726662396 -0.126374439113723 0.785390488322165 NaN
0.392 -0.564854688859069 -0.127156430363635 0.785390488322165 NaN
0.393 -0.565724417476992 -0.127945325571348 0.785390488322165 NaN
0.394 -0.566616564884931 -0.128741206602124 0.785390488322165 NaN
0.395 -0.567531324107675 -0.129544171679928 0.785390488322165 NaN
0.396 -0.568468945152861 -0.130354332254312 0.785390488322164 NaN
0.397 -0.569429714286381 -0.131171808302934 0.785390488322165 NaN
0.398 -0.570413935688824 -0.131996725138939 0.785390488322165 NaN
0.399 -0.571421917038547 -0.132829210596212 0.785390488322165 NaN
0.4 -0.572453957565857 -0.13366939326511 0.785390488322165 NaN
0.401 -0.573510339848483 -0.134517398198929 0.785390488322164 NaN
0.402 -0.574591323938447 -0.135373350152865 0.785390488322165 NaN
0.403 -0.575697144391342 -0.136237367674683 0.785390488322165 NaN
0.404 -0.576828008884315 -0.137109566628126 0.785390488322165 NaN
0.405 -0.577984098817353 -0.137990057764148 0.785390488322165 NaN
0.406 -0.579165570734958 -0.138878948403699 0.785390488322165 NaN
0.407 -0.580372558735783 -0.13977634156242 0.785390488322165 NaN
0.408 -0.581605176972591 -0.140682336928563 0.785390488322165 NaN
0.409 -0.582863522668063 -0.141597031184141 0.785390488322165 NaN
0.41 -0.584147678587771 -0.142520518861526 0.785390488322165 NaN
0.411 -0.585457715467416 -0.14345289252334 0.785390488322165 NaN
0.412 -0.586793693966392 -0.144394242558071 0.785390488322164 NaN
0.413 -0.58815566611913 -0.14534465819509 0.785390488322165 NaN
0.414 -0.589543676657864 -0.146304228121456 0.785390488322165 NaN
0.415 -0.590957763335388 -0.1472730383321 0.785390488322165 NaN
0.416 -0.592397957630695 -0.148251175834249 0.785390488322165 NaN
0.417 -0.593864284290905 -0.149238724938567 0.785390488322165 NaN
0.418 -0.595356761527213 -0.150235769594271 0.785390488322165 NaN
0.419 -0.596875400305417 -0.151242392509285 0.785390488322165 NaN
0.42 -0.598420204000369 -0.152258674826289 0.785390488322165 NaN
0.421 -0.599991167699421 -0.153284696172357 0.785390488322165 NaN
0.422 -0.601588277606122 -0.154320534079387 0.785390488322165 NaN
0.423 -0.603211510545376 -0.155366264743644 0.785390488322165 NaN
0.424 -0.604860833362941 -0.156421962307032 0.785390488322164 NaN
0.425 -0.606536202449166 -0.157487698127619 0.785390488322165 NaN
0.426 -0.608237563304174 -0.158563541215617 0.785390488322165 NaN
0.427 -0.609964850138088 -0.159649558388886 0.785390488322165 NaN
0.428 -0.611717985682811 -0.160745814106576 0.785390488322164 NaN
0.429 -0.613496880870077 -0.161852368797637 0.785390488322165 NaN
0.43 -0.615301434490734 -0.162969281077102 0.785390488322164 NaN
0.431 -0.617131533346537 -0.164096605997046 0.785390488322165 NaN
0.432 -0.618987051739453 -0.165234395788323 0.785390488322165 NaN
0.433 -0.620867851725608 -0.166382699292112 0.785390488322165 NaN
0.434 -0.622773782673402 -0.16754156195656 0.785390488322165 NaN
0.435 -0.624704681359053 -0.168711025788765 0.785390488322165 NaN
0.436 -0.626660371908526 -0.169891129450453 0.785390488322165 NaN
0.437 -0.628640665565875 -0.171081907805549 0.785390488322164 NaN
0.438 -0.630645360635267 -0.172283392225363 0.785390488322165 NaN
0.439 -0.63267424246954 -0.173495609618929 0.785390488322165 NaN
0.44 -0.634727083403147 -0.174718584148149 0.785390488322165 NaN
0.441 -0.636803642513296 -0.175952335445412 0.785390488322165 NaN
0.442 -0.638903665733242 -0.177196878326784 0.785390488322165 NaN
0.443 -0.641026885590763 -0.178452223889001 0.785390488322165 NaN
0.444 -0.643173021346668 -0.179718380136314 0.785390488322165 NaN
0.445 -0.645341778747127 -0.180995349016198 0.785390488322165 NaN
0.446 -0.647532850121687 -0.182283128933477 0.785390488322165 NaN
0.447 -0.649745914103623 -0.183581713413321 0.785390488322165 NaN
0.448 -0.651980635690149 -0.184891091755971 0.785390488322165 NaN
0.449 -0.654236666122477 -0.186211247477474 0.785390488322164 NaN
0.45 -0.656513642698419 -0.187542160990265 0.785390488322165 NaN
0.451 -0.658811188626149 -0.188883806005888 0.785390488322165 NaN
0.452 -0.661128912938049 -0.190236152201581 0.785390488322165 NaN
0.453 -0.663466410253039 -0.191599163333126 0.785390488322165 NaN
0.454 -0.665823260659663 -0.192972798481265 0.785390488322165 NaN
0.455 -0.66819902958503 -0.194357010969941 0.785390488322165 NaN
0.456 -0.670593267604907 -0.195751748636676 0.785390488322165 NaN
0.457 -0.673005510471174 -0.197156953422379 0.785390488322165 NaN
0.458 -0.675435279030082 -0.198572562149075 0.785390488322165 NaN
0.459 -0.677882079150262 -0.199998504726642 0.785390488322165 NaN
0.46 -0.680345401792632 -0.201434706712507 0.785390488322165 NaN
0.461 -0.682824723187641 -0.202881086687593 0.785390488322164 NaN
0.462 -0.685319504708617 -0.204337556408061 0.785390488322165 NaN
0.463 -0.687829193066891 -0.205804023391943 0.785390488322165 NaN
0.464 -0.69035322025272 -0.207280388103865 0.785390488322165 NaN
0.465 -0.692891003734562 -0.208766544594465 0.785390488322164 NaN
0.466 -0.695441946159297 -0.210262380611926 0.785390488322165 NaN
0.467 -0.698005435386989 -0.211767777723368 0.785390488322165 NaN
0.468 -0.700580844446777 -0.213282610772712 0.785390488322165 NaN
0.469 -0.703167531250382 -0.214806748222462 0.785390488322165 NaN
0.47 -0.705764838424082 -0.216340051522827 0.785390488322165 NaN
0.471 -0.708372093282476 -0.217882375124795 0.785390488322165 NaN
0.472 -0.710988607552301 -0.219433566789407 0.785390488322165 NaN
0.473 -0.713613677453167 -0.220993467580481 0.785390488322165 NaN
0.474 -0.71624658377718 -0.222561910105623 0.785390488322164 NaN
0.475 -0.718886591868137 -0.224138721765543 0.785390488322165 NaN
0.476 -0.721532952012543 -0.225723720738835 0.785390488322164 NaN
0.477 -0.724184899847474 -0.227316719539167 0.785390488322164 NaN
0.478 -0.726841656509277 -0.228917523300048 0.785390488322165 NaN
0.479 -0.729502429394228 -0.23052592982905 0.785390488322165 NaN
0.48 -0.732166412209587 -0.232141729838336 0.785390488322165 NaN
0.481 -0.734832785742632 -0.233764707237406 0.785390488322165 NaN
0.482 -0.737500717819049 -0.235394639267422 0.785390488322165 NaN
0.483 -0.740169363517978 -0.237031295942953 0.785390488322164 NaN
0.484 -0.74283786530548 -0.238674440397983 0.785390488322164 NaN
0.485 -0.745505352784553 -0.240323828441963 0.785390488322165 NaN
0.486 -0.748170942492732 -0.241979208516208 0.785390488322165 NaN
0.487 -0.750833737522181 -0.243640322399669 0.785390488322165 NaN
0.488 -0.753492827275711 -0.245306903677686 0.785390488322164 NaN
0.489 -0.756147287063892 -0.246978678882383 0.785390488322165 NaN
0.49 -0.758796177942233 -0.248655366205938 0.785390488322164 NaN
0.491 -0.761438546633763 -0.250336676555384 0.785390488322165 NaN
0.492 -0.764073425844959 -0.25202231328233 0.785390488322165 NaN
0.493 -0.766699834532521 -0.253711971058483 0.785390488322164 NaN
0.494 -0.769316778790174 -0.255405338434483 0.785390488322165 NaN
0.495 -0.771923252877175 -0.257102095427085 0.785390488322165 NaN
0.496 -0.774518240214526 -0.258801916421761 0.785390488322165 NaN
0.497 -0.777100714910443 -0.260504468008079 0.785390488322165 NaN
0.498 -0.779669643138576 -0.262209411094905 0.785390488322164 NaN
0.499 -0.782223984301232 -0.263916400969543 0.785390488322165 NaN
0.5 -0.784762692378466 -0.265625086696672 0.785390488322165 NaN
0.501 -0.787284716736319 -0.267335112938645 0.785390488322165 NaN
0.502 -0.789789002721542 -0.26904611824612 0.785390488322165 NaN
0.503 -0.792274491868844 -0.270757736363445 0.785390488322165 NaN
0.504 -0.794740121623176 -0.272469596533301 0.785390488322165 NaN
0.505 -0.797184824895437 -0.274181321558277 0.785390488322164 NaN
0.506 -0.799607529184343 -0.275892529996091 0.785390488322165 NaN
0.507 -0.802007155656181 -0.277602833242261 0.785390488322164 NaN
0.508 -0.804382618049726 -0.279311838231381 0.785390488322164 NaN
0.509 -0.806732822001825 -0.281019144362159 0.785390488322164 NaN
0.51 -0.809056664447126 -0.282724345015088 0.785390488322165 NaN
0.511 -0.811353033682786 -0.284427027915623 0.785390488322165 NaN
0.512 -0.813620809946363 -0.286126773905031 0.785390488322165 NaN
0.513 -0.815858866767185 -0.287823157963788 0.785390488322165 NaN
0.514 -0.818066072928623 -0.289515751097973 0.785390488322164 NaN
0.515 -0.820241295245365 -0.291204119534918 0.785390488322165 NaN
0.516 -0.822383401984709 -0.292887825464449 0.785390488322164 NaN
0.517 -0.824491266516229 -0.29456643079617 0.785390488322165 NaN
0.518 -0.826563771650501 -0.296239495809759 0.785390488322165 NaN
0.519 -0.828599813466818 -0.297906581275992 0.785390488322164 NaN
0.52 -0.830598305380744 -0.29956724970581 0.785390488322164 NaN
0.521 -0.832558181534568 -0.30122106727562 0.785390488322165 NaN
0.522 -0.834478399445356 -0.302867603990795 0.785390488322165 NaN
0.523 -0.836357941881434 -0.30450643287624 0.785390488322164 NaN
0.524 -0.838195817710993 -0.306137133511895 0.785390488322165 NaN
0.525 -0.83999106170728 -0.307759289889556 0.785390488322164 NaN
0.526 -0.841742733133387 -0.309372490297937 0.785390488322165 NaN
0.527 -0.843449913861684 -0.31097632675474 0.785390488322165 NaN
0.528 -0.845111705391496 -0.312570395556725 0.785390488322165 NaN
0.529 -0.846727225787693 -0.314154295351548 0.785390488322165 NaN
0.53 -0.848295606566875 -0.315727626129144 0.785390488322165 NaN
0.531 -0.84981598988718 -0.317289989264902 0.785390488322164 NaN
0.532 -0.851287526572469 -0.318840986492851 0.785390488322165 NaN
0.533 -0.852709375771479 -0.320380220511119 0.785390488322164 NaN
0.534 -0.854080705872355 -0.321907295127911 0.785390488322164 NaN
0.535 -0.855400697962629 -0.323421816029149 0.785390488322164 NaN
0.536 -0.856668551421376 -0.324923393958502 0.785390488322164 NaN
0.537 -0.857883492146695 -0.326411646928225 0.785390488322164 NaN
0.538 -0.859044783656569 -0.327886202706481 0.785390488322165 NaN
0.539 -0.860151740568309 -0.329346705221293 0.785390488322165 NaN
0.54 -0.861203744459107 -0.33079281922629 0.785390488322165 NaN
0.541 -0.862200262075643 -0.332224234958254 0.785390488322164 NaN
0.542 -0.863140864577966 -0.333640676660903 0.785390488322165 NaN
0.543 -0.864025247872502 -0.335041908079698 0.785390488322164 NaN
0.544 -0.864853252779352 -0.336427738968502 0.785390488322165 NaN
0.545 -0.865624884648472 -0.337798033396748 0.785390488322165 NaN
0.546 -0.866340330624781 -0.339152712780334 0.785390488322165 NaN
0.547 -0.86699997456523 -0.340491765291716 0.785390488322165 NaN
0.548 -0.867604408214767 -0.34181524567235 0.785390488322164 NaN
0.549 -0.868154437523529 -0.343123280841959 0.785390488322164 NaN
0.55 -0.868651084058021 -0.344416069084456 0.785390488322165 NaN
0.551 -0.869095580512197 -0.345693880659152 0.785390488322165 NaN
0.552 -0.869489360073821 -0.346957053320558 0.785390488322165 NaN
0.553 -0.869834039719663 -0.348205989256301 0.785390488322164 NaN
0.554 -0.870131397622719 -0.349441145979735 0.785390488322164 NaN
0.555 -0.870383345101483 -0.350663030613102 0.785390488322164 NaN
0.556 -0.870591893653499 -0.351872185425808 0.785390488322164 NaN
0.557 -0.870759118753485 -0.353069181083067 0.785390488322164 NaN
0.558 -0.870887120435229 -0.354254599743142 0.785390488322165 NaN
0.559 -0.870977983237891 -0.355429023950876 0.785390488322164 NaN
0.56 -0.871033735913409 -0.356593023041676 0.785390488322165 NaN
0.561 -0.871056312701268 -0.357747140598027 0.785390488322165 NaN
0.562 -0.871047517812313 -0.358891880680123 0.785390488322165 NaN
0.563 -0.871008993470566 -0.36002769854946 0.785390488322165 NaN
0.564 -0.870942193853201 -0.361154991312858 0.785390488322165 NaN
0.565 -0.870848364274623 -0.362274089231416 0.785390488322165 NaN
0.566 -0.870728527512141 -0.363385251428283 0.785390488322164 NaN
0.567 -0.870583476680996 -0.36448866256354 0.785390488322165 NaN
0.568 -0.870413774921337 -0.36558443263513 0.785390488322165 NaN
0.569 -0.870219761719357 -0.366672596825171 0.785390488322165 NaN
0.57 -0.87000156495828 -0.367753120655712 0.785390488322165 NaN
0.571 -0.869759118471783 -0.368825904255399 0.785390488322165 NaN
0.572 -0.869492183533227 -0.369890788783068 0.785390488322165 NaN
0.573 -0.869200373726882 -0.370947565689749 0.785390488322164 NaN
0.574 -0.868883181740863 -0.371995983752799 0.785390488322164 NaN
0.575 -0.868540007223745 -0.373035760081556 0.785390488322164 NaN
0.576 -0.868170184525478 -0.374066587042997 0.785390488322164 NaN
0.577 -0.867773009287546 -0.375088144295784 0.785390488322165 NaN
0.578 -0.867347763255471 -0.376100103797924 0.785390488322164 NaN
0.579 -0.86689373632633 -0.377102139871106 0.785390488322165 NaN
0.58 -0.866410245831885 -0.378093935392759 0.785390488322165 NaN
0.581 -0.865896652112241 -0.3790751862808 0.785390488322164 NaN
0.582 -0.865352370900877 -0.380045607176386 0.785390488322165 NaN
0.583 -0.864776882107725 -0.381004933841044 0.785390488322164 NaN
0.584 -0.864169735462296 -0.381952926470366 0.785390488322164 NaN
0.585 -0.863530552966113 -0.38288936907063 0.785390488322164 NaN
0.586 -0.862859029062515 -0.383814070754991 0.785390488322165 NaN
0.587 -0.862154928435736 -0.384726865546081 0.785390488322165 NaN
0.588 -0.861418082366258 -0.385627610304173 0.785390488322165 NaN
0.589 -0.860648383563786 -0.386516184154091 0.785390488322164 NaN
0.59 -0.859845780663056 -0.387392484759678 0.785390488322165 NaN
0.591 -0.859010272163233 -0.388256429292108 0.785390488322165 NaN
0.592 -0.85814190027879 -0.389107949973238 0.785390488322164 NaN
0.593 -0.857240745230889 -0.38994699262403 0.785390488322165 NaN
0.594 -0.856306920059261 -0.390773516141416 0.785390488322165 NaN
0.595 -0.855340565932616 -0.391587489324253 0.785390488322165 NaN
0.596 -0.854341848423462 -0.392388890268698 0.785390488322165 NaN
0.597 -0.853310954264379 -0.393177706061603 0.785390488322165 NaN
0.598 -0.852248089025574 -0.393953930429991 0.785390488322165 NaN
0.599 -0.851153475640988 -0.394717564808055 0.785390488322165 NaN
0.6 -0.850027353011833 -0.395468616300288 0.785390488322165 NaN
0.601 -0.848869975865345 -0.396207100292249 0.785390488322165 NaN
0.602 -0.847681614265077 -0.396933036928484 0.785390488322165 NaN
0.603 -0.84646255413003 -0.397646454399903 0.785390488322165 NaN
0.604 -0.84521309730157 -0.398347387127104 0.785390488322165 NaN
0.605 -0.843933562242731 -0.399035876733996 0.785390488322164 NaN
0.606 -0.842624284487719 -0.39971197295104 0.785390488322164 NaN
0.607 -0.841285617319211 -0.400375732807916 0.785390488322165 NaN
0.608 -0.839917932049893 -0.4010272213449 0.785390488322164 NaN
0.609 -0.838521618582094 -0.401666512077755 0.785390488322165 NaN
0.61 -0.837097085477649 -0.402293686664017 0.785390488322165 NaN
0.611 -0.835644760381058 -0.402908835400277 0.785390488322165 NaN
0.612 -0.834165089846277 -0.40351205767662 0.785390488322165 NaN
0.613 -0.832658539494444 -0.404103461092701 0.785390488322164 NaN
0.614 -0.831125593744632 -0.404683161991275 0.785390488322164 NaN
0.615 -0.829566755640733 -0.405251286077756 0.785390488322164 NaN
0.616 -0.827982546586162 -0.405807966974194 0.785390488322164 NaN
0.617 -0.826373506089557 -0.406353347444493 0.785390488322164 NaN
0.618 -0.824740191447457 -0.406887578344806 0.785390488322164 NaN
0.619 -0.823083177520239 -0.40741082038684 0.785390488322165 NaN
0.62 -0.82140305620052 -0.407923240846718 0.785390488322164 NaN
0.621 -0.819700436392803 -0.408425018049715 0.785390488322164 NaN
0.622 -0.817975943469627 -0.408916335335834 0.785390488322164 NaN
0.623 -0.816230219447327 -0.409397388216528 0.785390488322165 NaN
0.624 -0.81446392222618 -0.409868378178389 0.785390488322164 NaN
0.625 -0.812677725908274 -0.410329515574375 0.785390488322164 NaN
0.626 -0.810872320235807 -0.410781019792139 0.785390488322164 NaN
0.627 -0.809048410594316 -0.411223117757943 0.785390488322165 NaN
0.628 -0.807206717787766 -0.411656045298858 0.785390488322164 NaN
0.629 -0.805347977882604 -0.412080046738977 0.785390488322165 NaN
0.63 -0.803472942090338 -0.412495374658318 0.785390488322165 NaN
0.631 -0.801582376440627 -0.412902289772105 0.785390488322165 NaN
0.632 -0.799677061563908 -0.413301061759071 0.785390488322164 NaN
0.633 -0.797757792577742 -0.413691967602952 0.785390488322164 NaN
0.634 -0.795825378728165 -0.414075294554014 0.785390488322165 NaN
0.635 -0.793880643096382 -0.414451335696675 0.785390488322165 NaN
0.636 -0.791924422455856 -0.414820394279794 0.785390488322165 NaN
0.637 -0.789957566794653 -0.415182780500761 0.785390488322165 NaN
0.638 -0.787980939178862 -0.415538813862156 0.785390488322165 NaN
0.639 -0.785995415526501 -0.415888821193054 0.785390488322164 NaN
0.64 -0.784001884034703 -0.416233137320534 0.785390488322165 NaN
0.641 -0.782001245174733 -0.416572105837155 0.785390488322165 NaN
0.642 -0.779994411327476 -0.416906077364765 0.785390488322165 NaN
0.643 -0.777982306447247 -0.417235411144838 0.785390488322165 NaN
0.644 -0.775965865837453 -0.417560474633867 0.785390488322164 NaN
0.645 -0.773946035763164 -0.417881642285 0.785390488322165 NaN
0.646 -0.771923773044704 -0.418199296311235 0.785390488322165 NaN
0.647 -0.769900044778786 -0.418513827365021 0.785390488322164 NaN
0.648 -0.767875827799069 -0.418825632826601 0.785390488322165 NaN
0.649 -0.765852108194154 -0.419135118470126 0.785390488322165 NaN
0.65 -0.763829880706686 -0.419442696258028 0.785390488322164 NaN
0.651 -0.761810148235793 -0.419748785519342 0.785390488322165 NaN
0.652 -0.759793921089867 -0.420053813302531 0.785390488322165 NaN
0.653 -0.757782216454292 -0.420358212039384 0.785390488322165 NaN
0.654 -0.755776057647858 -0.420662421300366 0.785390488322165 NaN
0.655 -0.753776473518029 -0.420966886716736 0.785390488322164 NaN
0.656 -0.751784497792694 -0.421272059592423 0.785390488322164 NaN
0.657 -0.74980116852031 -0.421578397871061 0.785390488322165 NaN
0.658 -0.747827527404399 -0.421886364389987 0.785390488322165 NaN
0.659 -0.745864619382907 -0.42219642735006 0.785390488322164 NaN
0.66 -0.743913492331095 -0.422509061135504 0.785390488322164 NaN
0.661 -0.741975196109228 -0.422824744086244 0.785390488322165 NaN
0.662 -0.74005078265611 -0.423143960789033 0.785390488322164 NaN
0.663 -0.738141305141533 -0.423467199511107 0.785390488322164 NaN
0.664 -0.736247817665858 -0.423794954427444 0.785390488322165 NaN
0.665 -0.73437137446897 -0.424127723155557 0.785390488322164 NaN
0.666 -0.732513029434989 -0.424466008290801 0.785390488322164 NaN
0.667 -0.730673835115719 -0.424810315602547 0.785390488322165 NaN
0.668 -0.728854841861583 -0.425161155613642 0.785390488322164 NaN
0.669 -0.727057096717576 -0.425519040377281 0.785390488322164 NaN
0.67 -0.725281642332515 -0.425884485651105 0.785390488322165 NaN
0.671 -0.723529515607262 -0.42625800870394 0.785390488322165 NaN
0.672 -0.721801746288136 -0.42664012831714 0.785390488322165 NaN
0.673 -0.720099355822781 -0.427031364437771 0.785390488322165 NaN
0.674 -0.718423355830507 -0.427432236517068 0.785390488322164 NaN
0.675 -0.716774746892442 -0.427843263981905 0.785390488322164 NaN
0.676 -0.715154517578987 -0.428264965671175 0.785390488322165 NaN
0.677 -0.713563643067854 -0.428697858130303 0.785390488322164 NaN
0.678 -0.71200308463965 -0.429142456675742 0.785390488322164 NaN
0.679 -0.710473788888342 -0.429599274527245 0.785390488322165 NaN
0.68 -0.70897668697688 -0.43006882221796 0.785390488322165 NaN
0.681 -0.7075126943794 -0.430551606896602 0.785390488322165 NaN
0.682 -0.706082710397821 -0.431048134311706 0.785390488322165 NaN
0.683 -0.70468761776164 -0.431558905554798 0.785390488322164 NaN
0.684 -0.703328282067617 -0.432084419319565 0.785390488322165 NaN
0.685 -0.702005551019696 -0.432625169813731 0.785390488322165 NaN
0.686 -0.70072025379282 -0.433181647196641 0.785390488322165 NaN
0.687 -0.699473199327274 -0.433754336985686 0.785390488322164 NaN
0.688 -0.698265175014909 -0.434343717924919 0.785390488322165 NaN
0.689 -0.697096944699706 -0.434950262786652 0.785390488322164 NaN
0.69 -0.695969246303753 -0.435574436203983 0.785390488322164 NaN
0.691 -0.69488278924486 -0.436216692772931 0.785390488322164 NaN
0.692 -0.693838251376859 -0.43687747644513 0.785390488322165 NaN
0.693 -0.692836276349948 -0.437557218542812 0.785390488322164 NaN
0.694 -0.691877470177716 -0.438256335383727 0.785390488322165 NaN
0.695 -0.690962398838923 -0.438975228422561 0.785390488322165 NaN
0.696 -0.69009158531859 -0.439714281182962 0.785390488322164 NaN
0.697 -0.689265507617436 -0.440473858191772 0.785390488322165 NaN
0.698 -0.688484596959371 -0.44125430470351 0.785390488322164 NaN
0.699 -0.687749236838419 -0.442055944724229 0.785390488322165 NaN
0.7 -0.687059762435858 -0.442879082142031 0.785390488322164 NaN
0.701 -0.686416460695745 -0.443723998617572 0.785390488322165 NaN
0.702 -0.685819570865949 -0.444590954936804 0.785390488322165 NaN
0.703 -0.685269285441358 -0.445480191321015 0.785390488322164 NaN
0.704 -0.684765751377087 -0.446391926068154 0.785390488322164 NaN
0.705 -0.684309070807962 -0.447326358457802 0.785390488322164 NaN
0.706 -0.68389930213081 -0.448283666167517 0.785390488322165 NaN
0.707 -0.683536459810594 -0.449264007027384 0.785390488322165 NaN
0.708 -0.683220513895264 -0.450267517309644 0.785390488322165 NaN
0.709 -0.682951388429684 -0.451294311607011 0.785390488322165 NaN
0.71 -0.682728958434449 -0.452344479679808 0.785390488322165 NaN
0.711 -0.682553045919874 -0.453418085867352 0.785390488322165 NaN
0.712 -0.682423414267674 -0.454515164071686 0.785390488322165 NaN
0.713 -0.682339762377391 -0.455635716260126 0.785390488322165 NaN
0.714 -0.682301716531291 -0.456779705972746 0.785390488322164 NaN
0.715 -0.682308822718026 -0.457947055202492 0.785390488322165 NaN
0.716 -0.682360538230657 -0.459137639444572 0.785390488322165 NaN
0.717 -0.682456223412359 -0.46035128245531 0.785390488322165 NaN
0.718 -0.682595134220962 -0.461587752757279 0.785390488322164 NaN
0.719 -0.682776416197184 -0.46284675817438 0.785390488322165 NaN
0.72 -0.682999099974756 -0.464127945673917 0.785390488322165 NaN
0.721 -0.683262098932197 -0.465430896947313 0.785390488322164 NaN
0.722 -0.683564209815316 -0.46675512917455 0.785390488322164 NaN
0.723 -0.683904116424872 -0.468100097081645 0.785390488322165 NaN
0.724 -0.684280396208125 -0.469465194138762 0.785390488322165 NaN
0.725 -0.684691530487517 -0.47084975958976 0.785390488322165 NaN
0.726 -0.685135917999337 -0.472253082717364 0.785390488322165 NaN
0.727 -0.685611891574629 -0.473674413420784 0.785390488322164 NaN
0.728 -0.686117737112355 -0.475112969941884 0.785390488322164 NaN
0.729 -0.686651715642818 -0.476567952279047 0.785390488322165 NaN
0.73 -0.687212086612746 -0.478038552549155 0.785390488322164 NaN
0.731 -0.687797131964711 -0.479523968633031 0.785390488322164 NaN
0.732 -0.688405181031089 -0.4810234176539 0.785390488322165 NaN
0.733 -0.68903463500233 -0.482536148393344 0.785390488322165 NaN
0.734 -0.689683989871953 -0.48406145495439 0.785390488322165 NaN
0.735 -0.690351857310383 -0.48559868666264 0.785390488322165 NaN
0.736 -0.691036983309581 -0.487147260140816 0.785390488322165 NaN
0.737 -0.691738263581515 -0.488706667191867 0.785390488322165 NaN
0.738 -0.692454755055313 -0.490276480804378 0.785390488322165 NaN
0.739 -0.69318568430659 -0.491856362988112 0.785390488322165 NaN
0.74 -0.693930450788544 -0.49344606395181 0.785390488322165 NaN
0.741 -0.694688626545486 -0.495045424543422 0.785390488322165 NaN
0.742 -0.69545995220671 -0.4966543745543 0.785390488322165 NaN
0.743 -0.696244328572971 -0.498272928368396 0.785390488322164 NaN
0.744 -0.697041805278883 -0.499901179738763 0.785390488322165 NaN
0.745 -0.697852566537202 -0.501539294527285 0.785390488322164 NaN
0.746 -0.6986769143653 -0.503187502139558 0.785390488322165 NaN
0.747 -0.699515250042967 -0.504846085789147 0.785390488322164 NaN
0.748 -0.70036805455794 -0.506515372347878 0.785390488322165 NaN
0.749 -0.701235868332913 -0.508195721527327 0.785390488322164 NaN
0.75 -0.702119271181232 -0.509887514917559 0.785390488322164 NaN
0.751 -0.703018862821087 -0.511591146083371 0.785390488322164 NaN
0.752 -0.703935244217578 -0.513307008799392 0.785390488322165 NaN
0.753 -0.704869000785481 -0.515035490344478 0.785390488322165 NaN
0.754 -0.705820687326344 -0.51677696121192 0.785390488322165 NaN
0.755 -0.706790814834389 -0.518531767932339 0.785390488322165 NaN
0.756 -0.70777983977406 -0.520300227588518 0.785390488322165 NaN
0.757 -0.708788155583581 -0.522082623266316 0.785390488322164 NaN
0.758 -0.709816086060395 -0.523879198311041 0.785390488322164 NaN
0.759 -0.710863881616615 -0.525690156276087 0.785390488322165 NaN
0.76 -0.711931716593388 -0.527515658587655 0.785390488322164 NaN
0.761 -0.713019689228518 -0.529355823077903 0.785390488322164 NaN
0.762 -0.714127822639611 -0.531210725469572 0.785390488322165 NaN
0.763 -0.715256067111368 -0.533080400809237 0.785390488322164 NaN
0.764 -0.716404303508763 -0.534964843723246 0.785390488322165 NaN
0.765 -0.717572347613893 -0.536864011544456 0.785390488322164 NaN
0.766 -0.718759954229219 -0.538777827189229 0.785390488322165 NaN
0.767 -0.719966822297182 -0.540706179705561 0.785390488322165 NaN
0.768 -0.721192599763212 -0.542648929657747 0.785390488322164 NaN
0.769 -0.722436887958383 -0.544605908371493 0.785390488322165 NaN
0.77 -0.723699246276028 -0.546576922985081 0.785390488322165 NaN
0.771 -0.724979196153097 -0.548561757128645 0.785390488322164 NaN
0.772 -0.726276224666744 -0.550560173124911 0.785390488322164 NaN
0.773 -0.727589787620617 -0.552571913582897 0.785390488322165 NaN
0.774 -0.728919312352053 -0.55459670291976 0.785390488322164 NaN
0.775 -0.730264199914047 -0.556634248292516 0.785390488322165 NaN
0.776 -0.731623826937723 -0.558684240091188 0.785390488322164 NaN
0.777 -0.732997547010628 -0.560746353543718 0.785390488322164 NaN
0.778 -0.734384692010272 -0.562820248247427 0.785390488322165 NaN
0.779 -0.735784572927625 -0.564905568590925 0.785390488322164 NaN
0.78 -0.737196480774189 -0.567001944697871 0.785390488322164 NaN
0.781 -0.738619687105023 -0.569108992157242 0.785390488322164 NaN
0.782 -0.740053444723265 -0.571226311850627 0.785390488322165 NaN
0.783 -0.741496988215716 -0.573353490957299 0.785390488322165 NaN
0.784 -0.742949534513442 -0.575490101747198 0.785390488322165 NaN
0.785 -0.744410283711967 -0.577635703680452 0.785390488322165 NaN
0.786 -0.745878419183897 -0.579789841918791 0.785390488322164 NaN
0.787 -0.747353108751538 -0.58195204824885 0.785390488322165 NaN
0.788 -0.748833505106083 -0.584121841150726 0.785390488322165 NaN
0.789 -0.750318746783045 -0.586298727260922 0.785390488322165 NaN
0.79 -0.75180795901167 -0.588482200065214 0.785390488322165 NaN
0.791 -0.753300254333166 -0.590671741422952 0.785390488322165 NaN
0.792 -0.75479473338848 -0.592866821392588 0.785390488322164 NaN
0.793 -0.756290485902091 -0.595066899347646 0.785390488322165 NaN
0.794 -0.757786591495008 -0.597271423897972 0.785390488322164 NaN
0.795 -0.759282120129539 -0.599479833355639 0.785390488322165 NaN
0.796 -0.760776133208893 -0.601691556213181 0.785390488322165 NaN
0.797 -0.762267684199282 -0.603906011930843 0.785390488322165 NaN
0.798 -0.763755819105038 -0.606122610656765 0.785390488322165 NaN
0.799 -0.765239577235385 -0.608340753874743 0.785390488322165 NaN
0.8 -0.766717991965587 -0.610559835833594 0.785390488322164 NaN
0.801 -0.768190091232553 -0.612779241997506 0.785390488322165 NaN
0.802 -0.76965489821559 -0.614998351158359 0.785390488322164 NaN
0.803 -0.771111431369859 -0.617216534225207 0.785390488322164 NaN
0.804 -0.772558705142809 -0.61943315662785 0.785390488322164 NaN
0.805 -0.7739957307755 -0.621647576132815 0.785390488322165 NaN
0.806 -0.77542151668456 -0.623859145063475 0.785390488322165 NaN
0.807 -0.776835069414299 -0.626067210827211 0.785390488322164 NaN
0.808 -0.778235393395937 -0.628271114531365 0.785390488322165 NaN
0.809 -0.779621491538058 -0.630470192878768 0.785390488322165 NaN
0.81 -0.780992366222231 -0.632663778052058 0.785390488322165 NaN
0.811 -0.78234701924928 -0.634851198567006 0.785390488322164 NaN
0.812 -0.783684453100519 -0.637031777515293 0.785390488322164 NaN
0.813 -0.785003671158974 -0.639204837087355 0.785390488322165 NaN
0.814 -0.786303678404512 -0.641369695608337 0.785390488322165 NaN
0.815 -0.787583481976632 -0.643525668870654 0.785390488322164 NaN
0.816 -0.788842092036669 -0.645672071039844 0.785390488322165 NaN
0.817 -0.790078522436729 -0.647808215697306 0.785390488322165 NaN
0.818 -0.791291791543559 -0.649933414694655 0.785390488322164 NaN
0.819 -0.792480922934571 -0.652046981434563 0.785390488322165 NaN
0.82 -0.793644946165165 -0.654148228010398 0.785390488322165 NaN
0.821 -0.794782897830575 -0.656236469245053 0.785390488322164 NaN
0.822 -0.795893822005536 -0.65831102094313 0.785390488322164 NaN
0.823 -0.796976771359306 -0.660371201150045 0.785390488322164 NaN
0.824 -0.798030807796297 -0.662416331490244 0.785390488322164 NaN
0.825 -0.799055003413082 -0.664445736844278 0.785390488322164 NaN
0.826 -0.8000484410457 -0.666458746800881 0.785390488322165 NaN
0.827 -0.801010215089121 -0.668454695393248 0.785390488322165 NaN
0.828 -0.801939432177675 -0.670432921624784 0.785390488322164 NaN
0.829 -0.802835212174515 -0.672392771945846 0.785390488322164 NaN
0.83 -0.803696688635499 -0.674333597911778 0.785390488322164 NaN
0.831 -0.804523009857308 -0.676254759702112 0.785390488322165 NaN
0.832 -0.805313339333475 -0.678155624363147 0.785390488322165 NaN
0.833 -0.806066856932747 -0.680035568277474 0.785390488322164 NaN
0.834 -0.80678275956049 -0.681893976708655 0.785390488322165 NaN
0.835 -0.807460262283506 -0.683730245298424 0.785390488322165 NaN
0.836 -0.808098599298968 -0.685543780754764 0.785390488322164 NaN
0.837 -0.808697024811349 -0.687334000506459 0.785390488322165 NaN
0.838 -0.8092548141457 -0.689100335066639 0.785390488322164 NaN
0.839 -0.809771265000349 -0.690842228218307 0.785390488322164 NaN
0.84 -0.810245698103893 -0.692559137127218 0.785390488322165 NaN
0.841 -0.810677458835802 -0.694250534682314 0.785390488322165 NaN
0.842 -0.811065917406761 -0.695915908006219 0.785390488322164 NaN
0.843 -0.811410470630922 -0.697554761776977 0.785390488322165 NaN
0.844 -0.81171054213636 -0.69916661648111 0.785390488322165 NaN
0.845 -0.811965583439873 -0.700751010682908 0.785390488322164 NaN
0.846 -0.812175074741229 -0.702307500992147 0.785390488322165 NaN
0.847 -0.812338525381264 -0.703835662420597 0.785390488322165 NaN
0.848 -0.812455474685594 -0.705335089611769 0.785390488322164 NaN
0.849 -0.812525492505863 -0.706805396123052 0.785390488322164 NaN
0.85 -0.812548180014666 -0.708246216798214 0.785390488322164 NaN
0.851 -0.812523170314154 -0.709657207098471 0.785390488322164 NaN
0.852 -0.812450129179791 -0.711038042475297 0.785390488322165 NaN
0.853 -0.812328756079716 -0.712388422786158 0.785390488322165 NaN
0.854 -0.812158785012236 -0.7137080689366 0.785390488322165 NaN
0.855 -0.811939985673241 -0.714996725571399 0.785390488322165 NaN
0.856 -0.811672164425032 -0.716254162353954 0.785390488322164 NaN
0.857 -0.811355165659405 -0.717480172988242 0.785390488322165 NaN
0.858 -0.810988872904399 -0.718674577953251 0.785390488322165 NaN
0.859 -0.810573210210221 -0.719837223430175 0.785390488322165 NaN
0.86 -0.810108143171059 -0.720967983463497 0.785390488322165 NaN
0.861 -0.809593680021413 -0.722066759988098 0.785390488322164 NaN
0.862 -0.80902987280973 -0.72313348346938 0.785390488322164 NaN
0.863 -0.808416817983264 -0.724168113389719 0.785390488322164 NaN
0.864 -0.807754657086356 -0.725170639242809 0.785390488322165 NaN
0.865 -0.807043577361135 -0.726141079489878 0.785390488322165 NaN
0.866 -0.806283811528697 -0.72707948270212 0.785390488322165 NaN
0.867 -0.805475638501941 -0.727985927377916 0.785390488322164 NaN
0.868 -0.804619382572434 -0.728860521557003 0.785390488322165 NaN
0.869 -0.8037154136621 -0.729703403227857 0.785390488322165 NaN
0.87 -0.802764146506229 -0.730514739126809 0.785390488322165 NaN
0.871 -0.801766040675921 -0.731294725912772 0.785390488322165 NaN
0.872 -0.800721599728266 -0.732043588138723 0.785390488322164 NaN
0.873 -0.799631371029552 -0.732761579504515 0.785390488322164 NaN
0.874 -0.798495945164462 -0.733448981131995 0.785390488322164 NaN
0.875 -0.79731595620522 -0.734106103492999 0.785390488322165 NaN
0.876 -0.796092080935299 -0.734733283487234 0.785390488322164 NaN
0.877 -0.79482503924155 -0.735330886957588 0.785390488322165 NaN
0.878 -0.79351559413935 -0.735899307586178 0.785390488322164 NaN
0.879 -0.792164551726164 -0.736438965738425 0.785390488322165 NaN
0.88 -0.790772761605988 -0.736950311013238 0.785390488322165 NaN
0.881 -0.78934111691925 -0.737433819477232 0.785390488322164 NaN
0.882 -0.787870554453008 -0.737889996106801 0.785390488322164 NaN
0.883 -0.786362054312661 -0.73831937302405 0.785390488322165 NaN
0.884 -0.784816639547686 -0.738722509910468 0.785390488322165 NaN
0.885 -0.78323537520125 -0.739099992927337 0.785390488322164 NaN
0.886 -0.781619367066821 -0.739452435319478 0.785390488322164 NaN
0.887 -0.779969759526656 -0.739780474794183 0.785390488322165 NaN
0.888 -0.778287732649512 -0.740084772824584 0.785390488322165 NaN
0.889 -0.776574499026651 -0.74036601400714 0.785390488322165 NaN
0.89 -0.774831298646927 -0.740624900965038 0.785390488322164 NaN
0.891 -0.773059394346755 -0.740862154532826 0.785390488322165 NaN
0.892 -0.77126006486129 -0.741078509028972 0.785390488322164 NaN
0.893 -0.769434597721456 -0.741274708154954 0.785390488322164 NaN
0.894 -0.767584280733424 -0.741451501370416 0.785390488322164 NaN
0.895 -0.765710393286157 -0.741609637921869 0.785390488322164 NaN
0.896 -0.763814196192231 -0.741749862614837 0.785390488322164 NaN
0.897 -0.761896921586572 -0.741872909212412 0.785390488322165 NaN
0.898 -0.759959762416891 -0.741979494179296 0.785390488322165 NaN
0.899 -0.758003861270918 -0.742070311012671 0.785390488322164 NaN
0.9 -0.756030299657031 -0.742146023438028 0.785390488322164 NaN
0.901 -0.754040088030812 -0.742207258743252 0.785390488322164 NaN
0.902 -0.752034156031262 -0.742254602022182 0.785390488322165 NaN
0.903 -0.750013344310527 -0.742288591083692 0.785390488322165 NaN
0.904 -0.747978397083701 -0.74230971166515 0.785390488322164 NaN
0.905 -0.745929956982464 -0.742318392483632 0.785390488322164 NaN
0.906 -0.743868560833816 -0.742315003241281 0.785390488322164 NaN
0.907 -0.741794637947868 -0.742299851843706 0.785390488322165 NaN
0.908 -0.739708510932237 -0.742273184214865 0.785390488322164 NaN
0.909 -0.737610398562824 -0.74223518580421 0.785390488322164 NaN
0.91 -0.735500419867006 -0.74218598137367 0.785390488322164 NaN
0.911 -0.733378601067456 -0.742125641215127 0.785390488322164 NaN
0.912 -0.731244885078124 -0.742054183340472 0.785390488322164 NaN
0.913 -0.729099142199657 -0.741971581075862 0.785390488322164 NaN
0.914 -0.726941182246902 -0.741877768535506 0.785390488322164 NaN
0.915 -0.724770767575813 -0.741772649879672 0.785390488322164 NaN
0.916 -0.72258762748118 -0.741656105353011 0.785390488322165 NaN
0.917 -0.720391472756341 -0.741528002638112 0.785390488322164 NaN
0.918 -0.718182009879655 -0.741388202947834 0.785390488322165 NaN
0.919 -0.715958955367842 -0.741236572283112 0.785390488322165 NaN
0.92 -0.713722049207679 -0.741072987587686 0.785390488322164 NaN
0.921 -0.711471067123151 -0.740897345784676 0.785390488322164 NaN
0.922 -0.709205831445628 -0.740709570788753 0.785390488322164 NaN
0.923 -0.706926220425307 -0.740509619266011 0.785390488322164 NaN
0.924 -0.704632175487189 -0.740297485013215 0.785390488322165 NaN
0.925 -0.702323707264786 -0.740073204708962 0.785390488322165 NaN
0.926 -0.700000898798494 -0.73983685792131 0.785390488322164 NaN
0.927 -0.697663908260116 -0.739588571848626 0.785390488322164 NaN
0.928 -0.695312968368854 -0.739328518947997 0.785390488322164 NaN
0.929 -0.692948385444011 -0.73905691822212 0.785390488322165 NaN
0.93 -0.690570536130778 -0.73877403300088 0.785390488322165 NaN
0.931 -0.688179863772237 -0.738480168310155 0.785390488322165 NaN
0.932 -0.68577687314172 -0.738175668339292 0.785390488322164 NaN
0.933 -0.683362124867569 -0.737860913515993 0.785390488322164 NaN
0.934 -0.680936229427944 -0.737536315944649 0.785390488322164 NaN
0.935 -0.678499840446294 -0.737202315464414 0.785390488322164 NaN
0.936 -0.676053648600466 -0.736859376047526 0.785390488322164 NaN
0.937 -0.673598375580825 -0.736507981515022 0.785390488322164 NaN
0.938 -0.671134768281789 -0.736148632414248 0.785390488322164 NaN
0.939 -0.668663593225717 -0.735781842169455 0.785390488322165 NaN
0.94 -0.666185631935715 -0.735408134080863 0.785390488322164 NaN
0.941 -0.663701676862084 -0.735028037843803 0.785390488322164 NaN
0.942 -0.661212527457427 -0.734642088311567 0.785390488322165 NaN
0.943 -0.658718987728979 -0.734250823510152 0.785390488322164 NaN
0.944 -0.656221863205319 -0.73385478110113 0.785390488322164 NaN
0.945 -0.65372195997867 -0.733454500024102 0.785390488322165 NaN
0.946 -0.651220082019004 -0.733050517323663 0.785390488322165 NaN
0.947 -0.648717031461062 -0.732643368653142 0.785390488322164 NaN
0.948 -0.646213607158952 -0.732233586999905 0.785390488322164 NaN
0.949 -0.643710604242455 -0.731821702049438 0.785390488322164 NaN
0.95 -0.641208814021174 -0.731408241651237 0.785390488322164 NaN
0.951 -0.638709023761487 -0.730993729807042 0.785390488322165 NaN
0.952 -0.636212016484155 -0.730578687476033 0.785390488322164 NaN
0.953 -0.633718570977022 -0.730163632143621 0.785390488322165 NaN
0.954 -0.631229461653519 -0.729749078651685 0.785390488322164 NaN
0.955 -0.628745458259887 -0.729335537677527 0.785390488322164 NaN
0.956 -0.62626732607768 -0.728923516873101 0.785390488322164 NaN
0.957 -0.623795825287405 -0.728513519815335 0.785390488322165 NaN
0.958 -0.621331711141023 -0.728106046720685 0.785390488322165 NaN
0.959 -0.618875733279463 -0.727701593092457 0.785390488322165 NaN
0.96 -0.616428635901957 -0.727300651775086 0.785390488322165 NaN
0.961 -0.613991156691835 -0.726903708532699 0.785390488322164 NaN
0.962 -0.611564027522013 -0.726511247777048 0.785390488322164 NaN
0.963 -0.609147973496133 -0.726123748018221 0.785390488322164 NaN
0.964 -0.606743712482347 -0.725741681789883 0.785390488322164 NaN
0.965 -0.604351955545078 -0.725365518556696 0.785390488322165 NaN
0.966 -0.601973406324657 -0.724995722123083 0.785390488322165 NaN
0.967 -0.599608760524204 -0.724632750313303 0.785390488322164 NaN
0.968 -0.597258706418027 -0.724277057427659 0.785390488322164 NaN
0.969 -0.594923923988246 -0.723929091126157 0.785390488322164 NaN
0.97 -0.592605085169571 -0.723589294514505 0.785390488322164 NaN
0.971 -0.590302853504496 -0.723258105602832 0.785390488322164 NaN
0.972 -0.58801788377485 -0.722935956626024 0.785390488322164 NaN
0.973 -0.585750822008822 -0.722623274416699 0.785390488322164 NaN
0.974 -0.583502304809021 -0.722320479480305 0.785390488322164 NaN
0.975 -0.581272959585372 -0.722027988551026 0.785390488322164 NaN
0.976 -0.579063403354534 -0.721746209761331 0.785390488322164 NaN
0.977 -0.576874242906437 -0.72147554671813 0.785390488322164 NaN
0.978 -0.574706073971004 -0.721216396386465 0.785390488322164 NaN
0.979 -0.572559480490255 -0.720969147213148 0.785390488322164 NaN
0.98 -0.570435034285647 -0.720734181967343 0.785390488322164 NaN
0.981 -0.5683332938218 -0.72051187484061 0.785390488322165 NaN
0.982 -0.566254804018243 -0.720302591494888 0.785390488322164 NaN
0.983 -0.564200095063342 -0.720106689421765 0.785390488322164 NaN
0.984 -0.562169681679847 -0.719924516170644 0.785390488322164 NaN
0.985 -0.560164062365212 -0.719756409633558 0.785390488322164 NaN
0.986 -0.558183718495738 -0.719602696935211 0.785390488322165 NaN
0.987 -0.556229113284055 -0.719463694625891 0.785390488322165 NaN
0.988 -0.554300691541935 -0.71933970739331 0.785390488322164 NaN
0.989 -0.552398878250811 -0.719231027955227 0.785390488322165 NaN
0.99 -0.550524078389013 -0.719137936290293 0.785390488322165 NaN
0.991 -0.548676675438248 -0.719060699120654 0.785390488322164 NaN
0.992 -0.546857031572584 -0.718999570191497 0.785390488322164 NaN
0.993 -0.54506548633735 -0.718954788863756 0.785390488322164 NaN
0.994 -0.543302356105228 -0.718926578958143 0.785390488322165 NaN
0.995 -0.541567933741854 -0.718915151005948 0.785390488322164 NaN
0.996 -0.539862487660642 -0.718920699053095 0.785390488322164 NaN
0.997 -0.538186261375386 -0.718943401398943 0.785390488322165 NaN
0.998 -0.536539473055119 -0.718983420290076 0.785390488322164 NaN
0.999 -0.534922315186397 -0.719040901584736 0.785390488322164 NaN
1 -0.533334953788893 -0.719115973419273 0.785390488322164 NaN
