"Time, Y-Force, Work integrand, Mass, Mass error"
0 1.66513073070885e-15 -7.61639390287764e-21 0.78526803695784 0
0.01 -0.00136870018794187 -4.28825268417654e-07 0.784062652219759 NaN
0.02 -0.00537365523110926 -3.87658930111003e-06 0.78406265221976 NaN
0.03 -0.0120539445258838 -2.11500510533761e-05 0.78406265221976 NaN
0.04 -0.0214607370494263 -6.35415738835611e-05 0.78406265221976 NaN
0.05 -0.0336417880461318 -0.000153955087481481 0.78406265221976 NaN
0.06 -0.0486347211111681 -0.000309984831644642 0.784062652219761 NaN
0.07 -0.0664586121123459 -0.000565218608316354 0.784062652219761 NaN
0.08 -0.0871144140874685 -0.000954042715866788 0.784062652219762 NaN
0.09 -0.110576435608639 -0.00151039961308717 0.784062652219762 NaN
0.1 -0.136786492674759 -0.00227840272754398 0.784062652219763 NaN
0.11 -0.165645627180406 -0.00330065339561786 0.784062652219763 NaN
0.12 -0.197007919279291 -0.00460771610819769 0.784062652219763 NaN
0.13 -0.230663993762317 -0.00626463678693092 0.784062652219764 NaN
0.14 -0.266327246523716 -0.00828784761615729 0.784062652219764 NaN
0.15 -0.303611763167091 -0.0107325548469093 0.784062652219765 NaN
0.16 -0.341992050203714 -0.0136132180904059 0.784062652219764 NaN
0.17 -0.380740733439354 -0.0169368754587373 0.784062652219765 NaN
0.18 -0.418788195378475 -0.0206902380164924 0.784062652219764 NaN
0.19 -0.454050006463469 -0.02478831705615 0.784062652219766 NaN
0.2 -0.484378832852637 -0.0291033723604958 0.784062652219767 1.01951110088849e-14
0.21 -0.510565773030504 -0.0336381584689045 0.784062652219768 1.14694998849955e-14
0.22 -0.533244936044605 -0.0383778562904546 0.784062652219769 1.28854875251184e-14
0.23 -0.552507845197088 -0.043280209600384 0.78406265221977 1.40182776372167e-14
0.24 -0.568366930101017 -0.0483183802731611 0.784062652219772 1.65670553894379e-14
0.25 -0.580814360648697 -0.0534321843564036 0.784062652219772 1.67086541534502e-14
0.26 -0.589863671639179 -0.0585794838314516 0.784062652219774 1.93990306696837e-14
0.27 -0.595572613761938 -0.0636991017800939 0.784062652219777 2.26558022419664e-14
0.28 -0.598064535932787 -0.0687471791674299 0.78406265221978 2.66205676343105e-14
0.29 -0.597546747609961 -0.0736837757189594 0.784062652219782 2.9310944150544e-14
0.3 -0.594327143219574 -0.0784767020549429 0.784062652219783 3.08685305546792e-14
0.31 -0.588831964496645 -0.0831164791874784 0.784062652219784 3.15765243747406e-14
0.32 -0.58162585742102 -0.0876114180865851 0.784062652219785 3.29925120148635e-14
0.33 -0.573427616680054 -0.0920064205935524 0.784062652219785 3.35589070709127e-14
0.34 -0.565130250696271 -0.096401938894844 0.784062652219785 3.39837033629495e-14
0.35 -0.557819359807607 -0.100937580360884 0.784062652219786 3.49748947110356e-14
0.36 -0.552785916432123 -0.105845038686077 0.784062652219786 3.49748947110356e-14
0.37 -0.551546014806239 -0.111422355537987 0.784062652219788 3.70988761712199e-14
0.38 -0.55506579338104 -0.117953353517307 0.784062652219789 3.80900675193059e-14
0.39 -0.562066958873561 -0.125326125153057 0.784062652219789 3.83732650473305e-14
0.4 -0.57138883914524 -0.133388776899369 0.78406265221979 4.02140489794903e-14
0.41 -0.583142146231643 -0.142234666337583 0.784062652219791 4.14884378556009e-14
0.42 -0.597468989895338 -0.151973139734453 0.784062652219792 4.21964316756624e-14
0.43 -0.614402238197107 -0.162678243540405 0.784062652219793 4.33292217877607e-14
0.44 -0.633874261701465 -0.174423020319882 0.784062652219794 4.50284069559081e-14
0.45 -0.655696633606062 -0.187241910508298 0.784062652219795 4.57364007759696e-14
0.46 -0.679549579047498 -0.201125412400982 0.784062652219796 4.70107896520802e-14
0.47 -0.704970744724079 -0.216015123969374 0.784062652219797 4.89931723482523e-14
0.48 -0.73134991886057 -0.231794011502247 0.784062652219797 4.91347711122646e-14
0.49 -0.757929104957542 -0.248274198765733 0.784062652219797 4.87099748202277e-14
0.5 -0.783811337178123 -0.265203735975891 0.784062652219797 4.91347711122646e-14
0.51 -0.807986349096538 -0.282245253091786 0.784062652219797 4.91347711122646e-14
0.52 -0.8293706651432 -0.299019655955495 0.784062652219797 4.85683760562154e-14
0.53 -0.846881991013669 -0.315094838914177 0.784062652219798 4.9842764932326e-14
0.54 -0.85956843344947 -0.330066532072964 0.784062652219797 4.885157358424e-14
0.55 -0.866831621657939 -0.34359800260664 0.784062652219796 4.80019810001662e-14
0.56 -0.869057064297848 -0.355693967578013 0.784062652219795 4.6444394596031e-14
0.57 -0.867893238635138 -0.366776475654129 0.784062652219795 4.67275921240556e-14
0.58 -0.864217576780219 -0.377053350923641 0.784062652219796 4.72939871801048e-14
0.59 -0.857551178490415 -0.386280364944676 0.784062652219795 4.55948020119573e-14
0.6 -0.847633071920411 -0.394289096719082 0.784062652219793 4.36124193157853e-14
0.61 -0.834616396564212 -0.401045464609959 0.784062652219792 4.26212279676992e-14
0.62 -0.818856674999868 -0.406617978286969 0.784062652219791 4.1063641563564e-14
0.63 -0.800891576778855 -0.411140639688126 0.784062652219789 3.89396601033797e-14
0.64 -0.781422172630353 -0.414844611350727 0.784062652219785 3.39837033629495e-14
0.65 -0.76129356205918 -0.418038768598877 0.784062652219787 3.5682888531097e-14
0.66 -0.741466342519876 -0.421107950639682 0.784062652219788 3.68156786431953e-14
0.67 -0.722971196255392 -0.42451352542324 0.784062652219786 3.48332959470233e-14
0.68 -0.706847493728867 -0.428748075302718 0.784062652219785 3.32757095428881e-14
0.69 -0.694059659120422 -0.434323689414596 0.784062652219784 3.21429194307898e-14
0.7 -0.685390725772191 -0.441710546379628 0.784062652219785 3.3700505834925e-14
0.71 -0.681307406387257 -0.451272594820387 0.784062652219785 3.35589070709127e-14
0.72 -0.681794315308689 -0.463135905113726 0.784062652219785 3.3700505834925e-14
0.73 -0.686156459305631 -0.477095799082375 0.784062652219788 3.78068699912814e-14
0.74 -0.692997174878332 -0.492545040869205 0.784062652219789 3.87980613393674e-14
0.75 -0.701270052711565 -0.509007823952642 0.784062652219792 4.21964316756624e-14
0.76 -0.711167808195669 -0.526658324810894 0.784062652219793 4.30460242597361e-14
0.77 -0.723033073481415 -0.545748380438709 0.784062652219794 4.53116044839327e-14
0.78 -0.736609132228804 -0.566190480673041 0.784062652219796 4.71523884160925e-14
0.79 -0.751268450663468 -0.587662658345342 0.784062652219798 4.94179686402891e-14
0.8 -0.766181837330234 -0.60970143041573 0.784062652219799 5.16835488644858e-14
0.81 -0.780408558089167 -0.631733831932499 0.7840626522198 5.19667463925103e-14
0.82 -0.792959844590179 -0.653103667529366 0.784062652219801 5.40907278526947e-14
0.83 -0.802858788225957 -0.673140023976353 0.784062652219802 5.53651167288053e-14
0.84 -0.809209806876616 -0.691185104727848 0.784062652219802 5.5223517964793e-14
0.85 -0.811281276175561 -0.70667383457614 0.784062652219804 5.73474994249774e-14
0.86 -0.80859286819229 -0.719180134017274 0.784062652219805 5.91882833571371e-14
0.87 -0.801009683876005 -0.728527436006371 0.784062652219807 6.10290672892969e-14
0.88 -0.788808903901607 -0.73477850959491 0.784062652219807 6.13122648173215e-14
0.89 -0.772719621477504 -0.738311329274298 0.784062652219807 6.20202586373829e-14
0.9 -0.753833884999572 -0.739735191982068 0.784062652219806 6.060427099726e-14
0.91 -0.733251865187883 -0.739698862871049 0.784062652219806 5.97546784131863e-14
0.92 -0.711444986415255 -0.73853460536162 0.784062652219805 5.8621888301088e-14
0.93 -0.68827295980581 -0.736196178186089 0.784062652219803 5.6214709312879e-14
0.94 -0.663884311507091 -0.732803201518187 0.784062652219802 5.53651167288053e-14
0.95 -0.638946364934685 -0.728810606072099 0.784062652219801 5.40907278526947e-14
0.96 -0.614250866788219 -0.724736116507957 0.784062652219801 5.36659315606578e-14
0.97 -0.590561338161776 -0.721095013948438 0.784062652219801 5.43739253807193e-14
0.98 -0.56857261732701 -0.718336929424433 0.784062652219801 5.35243327966455e-14
0.99 -0.548881757143811 -0.716861176895789 0.784062652219801 5.4232326616707e-14
1 -0.531943636769288 -0.716980852044279 0.784062652219803 5.63563080768913e-14
