"Time, Y-Force, Work integrand, Mass, Mass error"
1e-05 -1.06368247543287e-10 -3.32480651715002e-11 0.785390488322165 NaN
0.001 -1.21774859085377e-05 2.5880044093006e-13 0.785390488322165 1.41359367236155e-16
0.002 -5.00457834284873e-05 -3.11799856523047e-10 0.785390488322165 1.41359367236155e-16
0.00300000000000001 -0.000112564749585431 -1.55870626182639e-09 0.785390488322165 1.41359367236155e-16
0.00400000000000001 -0.000200455811723899 -4.95950742745912e-09 0.785390488322165 1.41359367236155e-16
0.00499999999999996 -0.000313665062575907 -1.24981486275717e-08 0.785390488322165 1.41359367236155e-16
0.00599999999999992 -0.000452204986933324 -2.58428714642071e-08 0.785390488322165 NaN
0.00699999999999988 -0.000616273846992144 -4.80156641838141e-08 0.785390488322165 1.41359367236155e-16
0.00799999999999984 -0.00080591217157 -8.19085439244215e-08 0.785390488322165 NaN
0.0089999999999998 -0.00102122235962376 -1.31220390823432e-07 0.785390488322165 1.41359367236155e-16
0.00999999999999976 -0.00126229714274473 -2.00102688345354e-07 0.785390488322165 1.41359367236155e-16
0.0109999999999997 -0.00152922119428922 -2.93197215219584e-07 0.785390488322165 1.41359367236155e-16
0.0119999999999997 -0.00182208502814341 -4.15631240851828e-07 0.785390488322165 1.41359367236155e-16
0.0129999999999996 -0.00214097427436677 -5.72904510040117e-07 0.785390488322165 2.82718734472309e-16
0.0139999999999996 -0.00248597624377211 -7.70992718330914e-07 0.785390488322165 2.82718734472309e-16
0.0149999999999996 -0.00285717693760468 -1.01671835762204e-06 0.785390488322165 1.41359367236155e-16
0.0159999999999995 -0.00325465999100061 -1.31693847267578e-06 0.785390488322165 1.41359367236155e-16
0.0169999999999995 -0.00367851009888476 -1.67940946860842e-06 0.785390488322165 1.41359367236155e-16
0.0179999999999994 -0.00412881121670772 -2.11223731125688e-06 0.785390488322165 1.41359367236155e-16
0.0189999999999994 -0.00460564432054333 -2.62393394129951e-06 0.785390488322165 NaN
0.0199999999999994 -0.0051090908164042 -3.22347159888506e-06 0.785390488322165 NaN
0.0209999999999993 -0.00563923239778141 -3.9203921046848e-06 0.785390488322165 1.41359367236155e-16
0.0219999999999993 -0.00619614752504738 -4.72505556183868e-06 0.785390488322165 NaN
0.0229999999999992 -0.00677991413255441 -5.64777696501935e-06 0.785390488322165 1.41359367236155e-16
0.0239999999999992 -0.00739061144383335 -6.69995207477903e-06 0.785390488322165 1.41359367236155e-16
0.0249999999999992 -0.00802831610115007 -7.89301186834672e-06 0.785390488322165 1.41359367236155e-16
0.0259999999999991 -0.00869310210216589 -9.23872531864191e-06 0.785390488322165 1.41359367236155e-16
0.0269999999999991 -0.00938504412180841 -1.07502184128368e-05 0.785390488322165 1.41359367236155e-16
0.027999999999999 -0.010104216500407 -1.2440408926017e-05 0.785390488322165 1.41359367236155e-16
0.028999999999999 -0.0108506910541681 -1.43227433359247e-05 0.785390488322165 1.41359367236155e-16
0.0299999999999989 -0.0116245382670108 -1.6411494917011e-05 0.785390488322165 2.82718734472309e-16
0.0309999999999989 -0.012425828412038 -1.87210577638208e-05 0.785390488322165 1.41359367236155e-16
0.0319999999999991 -0.0132546308415495 -2.12669565524265e-05 0.785390488322165 1.41359367236155e-16
0.0329999999999994 -0.0141110131917852 -2.40648243190825e-05 0.785390488322165 1.41359367236155e-16
0.0339999999999997 -0.0149950411647488 -2.71299916029012e-05 0.785390488322165 2.82718734472309e-16
0.035 -0.0159067791593959 -3.04801956332694e-05 0.785390488322165 2.82718734472309e-16
0.0360000000000004 -0.0168462909378952 -3.41316526244646e-05 0.785390488322165 1.41359367236155e-16
0.0370000000000007 -0.0178136392338821 -3.81027216122196e-05 0.785390488322165 4.24078101708464e-16
0.038000000000001 -0.0188088851612651 -4.24108501503317e-05 0.785390488322165 NaN
0.0390000000000013 -0.0198320880744198 -4.70753400822234e-05 0.785390488322165 4.24078101708464e-16
0.0400000000000016 -0.0208833056703952 -5.21147424614385e-05 0.785390488322165 1.41359367236155e-16
0.0410000000000019 -0.0219625945036839 -5.75495836273865e-05 0.785390488322165 4.24078101708464e-16
0.0420000000000022 -0.0230700104174275 -6.33987879520015e-05 0.785390488322165 1.41359367236155e-16
0.0430000000000025 -0.0242056075030437 -6.96835564656245e-05 0.785390488322165 1.41359367236155e-16
0.0440000000000028 -0.0253694366911859 -7.64253810523682e-05 0.785390488322165 1.41359367236155e-16
0.0450000000000031 -0.0265615466505889 -8.36455149851936e-05 0.785390488322165 2.82718734472309e-16
0.0460000000000034 -0.027781986435409 -9.13660089908244e-05 0.785390488322165 2.82718734472309e-16
0.0470000000000037 -0.0290308060687252 -9.96094664004951e-05 0.785390488322165 1.41359367236155e-16
0.048000000000004 -0.030308053526781 -0.000108399113626083 0.785390488322165 1.41359367236155e-16
0.0490000000000043 -0.0316137713888089 -0.000117758154175314 0.785390488322165 1.41359367236155e-16
0.0500000000000046 -0.0329479971254418 -0.000127710963223178 0.785390488322165 2.82718734472309e-16
0.0510000000000049 -0.03431076701108 -0.00013828253856496 0.785390488322165 1.41359367236155e-16
0.0520000000000053 -0.0357021196697698 -0.000149496787130381 0.785390488322165 1.41359367236155e-16
0.0530000000000056 -0.0371220956366844 -0.000161379809544088 0.785390488322165 4.24078101708464e-16
0.0540000000000059 -0.0385707333462157 -0.000173957626797505 0.785390488322165 4.24078101708464e-16
0.0550000000000062 -0.040048065540649 -0.000187256521073299 0.785390488322165 4.24078101708464e-16
0.0560000000000065 -0.0415541195429316 -0.000201303199445182 0.785390488322165 1.41359367236155e-16
0.0570000000000068 -0.0430889208027896 -0.000216125426481806 0.785390488322165 1.41359367236155e-16
0.0580000000000071 -0.0446524958265186 -0.000231750602761052 0.785390488322165 1.41359367236155e-16
0.0590000000000074 -0.0462448716115222 -0.000248207311385473 0.785390488322165 2.82718734472309e-16
0.0600000000000077 -0.0478660723704678 -0.000265524056124275 0.785390488322165 1.41359367236155e-16
0.061000000000008 -0.0495161168963012 -0.000283729869488186 0.785390488322165 1.41359367236155e-16
0.0620000000000083 -0.051195018799989 -0.000302855066607363 0.785390488322165 1.41359367236155e-16
0.0630000000000083 -0.0529027889471223 -0.000322928629061234 0.785390488322165 1.41359367236155e-16
0.0640000000000079 -0.0546394377438446 -0.00034398194213707 0.785390488322165 2.82718734472309e-16
0.0650000000000075 -0.0564049757541589 -0.00036604535818531 0.785390488322165 1.41359367236155e-16
0.0660000000000071 -0.0581994129110299 -0.000389150015197584 0.785390488322165 1.41359367236155e-16
0.0670000000000067 -0.0600227575134991 -0.000413328780319314 0.785390488322165 4.24078101708464e-16
0.0680000000000063 -0.0618750157216521 -0.00043861236614065 0.785390488322165 NaN
0.0690000000000059 -0.0637561911836961 -0.000465034695464536 0.785390488322165 4.24078101708464e-16
0.0700000000000056 -0.0656662842820559 -0.00049262809446679 0.785390488322165 1.41359367236155e-16
0.0710000000000052 -0.0676052908246376 -0.000521426246432616 0.785390488322165 4.24078101708464e-16
0.0720000000000048 -0.0695732008306553 -0.000551462697575833 0.785390488322165 1.41359367236155e-16
0.0730000000000044 -0.0715699983286484 -0.000582771748941072 0.785390488322165 1.41359367236155e-16
0.074000000000004 -0.0735956626496375 -0.000615388021492524 0.785390488322165 1.41359367236155e-16
0.0750000000000036 -0.0756501707243924 -0.000649346542495891 0.785390488322165 1.41359367236155e-16
0.0760000000000032 -0.0777334993871488 -0.000684681613168647 0.785390488322165 1.41359367236155e-16
0.0770000000000028 -0.0798456265102274 -0.00072142982589847 0.785390488322165 NaN
0.0780000000000025 -0.0819865304181597 -0.000759627085998221 0.785390488322165 NaN
0.0790000000000021 -0.0841561879548731 -0.000799309783369728 0.785390488322165 NaN
0.0800000000000017 -0.0863545721562655 -0.000840514608932447 0.785390488322165 1.41359367236155e-16
0.0810000000000013 -0.0885816505345147 -0.000883278266347237 0.785390488322165 1.41359367236155e-16
0.0820000000000009 -0.0908373845991033 -0.000927638880217602 0.785390488322165 2.82718734472309e-16
0.0830000000000005 -0.0931217303702461 -0.000973633609944319 0.785390488322165 1.41359367236155e-16
0.0840000000000001 -0.0954346393572827 -0.00102130063512379 0.785390488322165 2.82718734472309e-16
0.0849999999999997 -0.0977760592164998 -0.00107067834850594 0.785390488322165 1.41359367236155e-16
0.0859999999999994 -0.100145933961095 -0.00112180478374241 0.785390488322165 1.41359367236155e-16
0.086999999999999 -0.10254420381975 -0.00117471927622639 0.785390488322165 1.41359367236155e-16
0.0879999999999986 -0.104970805236819 -0.00122946091527493 0.785390488322165 2.82718734472309e-16
0.0889999999999982 -0.107425671238897 -0.00128606848115209 0.785390488322165 2.82718734472309e-16
0.0899999999999978 -0.109908732071144 -0.00134458217357816 0.785390488322165 4.24078101708464e-16
0.0909999999999974 -0.112419915755204 -0.00140504180116183 0.785390488322165 1.41359367236155e-16
0.091999999999997 -0.114959148101256 -0.00146748738242358 0.785390488322165 2.82718734472309e-16
0.0929999999999966 -0.117526352016851 -0.00153195921076887 0.785390488322165 1.41359367236155e-16
0.0939999999999963 -0.120121446282885 -0.00159849809786089 0.785390488322165 1.41359367236155e-16
0.0949999999999959 -0.122744344246927 -0.00166714505931204 0.785390488322165 NaN
0.0959999999999955 -0.125394952930112 -0.00173794023822255 0.785390488322165 1.41359367236155e-16
0.0969999999999951 -0.128073172852606 -0.00181092557365445 0.785390488322165 1.41359367236155e-16
0.0979999999999947 -0.130778898475063 -0.00188614187121344 0.785390488322165 1.41359367236155e-16
0.0989999999999943 -0.133512018947698 -0.00196363052436133 0.785390488322165 1.41359367236155e-16
0.0999999999999939 -0.136272418712734 -0.00204343279719033 0.785390488322165 NaN
0.100999999999994 -0.139059977717251 -0.00212559089039541 0.785390488322165 1.41359367236155e-16
0.101999999999993 -0.14187457121005 -0.00221014622232107 0.785390488322165 1.41359367236155e-16
0.102999999999993 -0.144716069287124 -0.00229714038626519 0.785390488322165 1.41359367236155e-16
0.103999999999992 -0.14758433654746 -0.00238661587029154 0.785390488322165 1.41359367236155e-16
0.104999999999992 -0.150479232044383 -0.00247861398850485 0.785390488322165 1.41359367236155e-16
0.105999999999992 -0.153400609647681 -0.00257317716779026 0.785390488322165 4.24078101708464e-16
0.106999999999991 -0.156348318720191 -0.00267034705247657 0.785390488322165 1.41359367236155e-16
0.107999999999991 -0.15932220479875 -0.00277016605811042 0.785390488322165 1.41359367236155e-16
0.10899999999999 -0.162322109899376 -0.00287267657452395 0.785390488322165 NaN
0.10999999999999 -0.165347872172051 -0.00297792015341147 0.785390488322165 1.41359367236155e-16
0.11099999999999 -0.168399324709918 -0.00308593958380168 0.785390488322165 1.41359367236155e-16
0.111999999999989 -0.171476293689757 -0.00319677626253398 0.785390488322165 4.24078101708464e-16
0.112999999999989 -0.174578596280194 -0.0033104727092762 0.785390488322165 4.24078101708464e-16
0.113999999999988 -0.177706038931266 -0.00342707046417623 0.785390488322165 2.82718734472309e-16
0.114999999999988 -0.180858416612963 -0.00354661088975017 0.785390488322165 1.41359367236155e-16
0.115999999999988 -0.184035513398197 -0.00366913607247754 0.785390488322165 4.24078101708464e-16
0.116999999999987 -0.187237104389473 -0.00379468622961027 0.785390488322165 4.24078101708464e-16
0.117999999999987 -0.190462958532692 -0.00392330333922331 0.785390488322165 2.82718734472309e-16
0.118999999999987 -0.193712841635502 -0.00405502795347373 0.785390488322165 1.41359367236155e-16
0.119999999999986 -0.196986518620969 -0.00418990067034047 0.785390488322165 1.41359367236155e-16
0.120999999999986 -0.200283754327948 -0.00432796217354575 0.785390488322165 4.24078101708464e-16
0.121999999999985 -0.203604312351471 -0.00446925303771084 0.785390488322165 2.82718734472309e-16
0.122999999999985 -0.206947952023112 -0.00461381392175547 0.785390488322165 1.41359367236155e-16
0.123999999999985 -0.210314424112294 -0.00476168451339509 0.785390488322165 1.41359367236155e-16
0.124999999999984 -0.213703466158815 -0.00491290484100737 0.785390488322165 NaN
0.125999999999985 -0.217114798539626 -0.0050675138316334 0.785390488322165 1.41359367236155e-16
0.126999999999986 -0.22054812223398 -0.00522554978756112 0.785390488322165 1.41359367236155e-16
0.127999999999987 -0.224003118870508 -0.00538705109119963 0.785390488322165 4.24078101708464e-16
0.128999999999988 -0.22747945323488 -0.00555205468723863 0.785390488322165 NaN
0.129999999999989 -0.230976777841757 -0.00572059699767324 0.785390488322165 4.24078101708464e-16
0.13099999999999 -0.234494738704113 -0.00589271459509288 0.785390488322165 1.41359367236155e-16
0.131999999999991 -0.23803298110267 -0.0060684436140761 0.785390488322165 1.41359367236155e-16
0.132999999999992 -0.241591154080147 -0.00624781855923401 0.785390488322165 1.41359367236155e-16
0.133999999999993 -0.24516891237981 -0.00643087525941027 0.785390488322165 4.24078101708464e-16
0.134999999999994 -0.248765915037938 -0.00661764885626998 0.785390488322165 1.41359367236155e-16
0.135999999999995 -0.252381820414337 -0.00680817383248872 0.785390488322165 4.24078101708464e-16
0.136999999999996 -0.256016278220336 -0.00700248389201213 0.785390488322165 1.41359367236155e-16
0.137999999999997 -0.259668919836036 -0.00720061267929567 0.785390488322165 4.24078101708464e-16
0.138999999999998 -0.263339348817107 -0.00740259171926672 0.785390488322165 4.24078101708464e-16
0.139999999999999 -0.267027133537916 -0.00760845227790252 0.785390488322165 4.24078101708464e-16
0.141 -0.270731803786521 -0.00781822284049377 0.785390488322165 4.24078101708464e-16
0.142000000000001 -0.274452852284149 -0.00803193162389509 0.785390488322165 5.65437468944618e-16
0.143000000000002 -0.278189741099814 -0.0082496042339717 0.785390488322165 4.24078101708464e-16
0.144000000000003 -0.281941911933847 -0.00847126612263965 0.785390488322165 4.24078101708464e-16
0.145000000000004 -0.285708798295413 -0.0086969406867427 0.785390488322165 2.82718734472309e-16
0.146000000000005 -0.289489837273257 -0.00892665176707541 0.785390488322165 2.82718734472309e-16
0.147000000000006 -0.293284478665983 -0.00916042141334089 0.785390488322165 4.24078101708464e-16
0.148000000000007 -0.297092189894181 -0.00939827240559338 0.785390488322165 2.82718734472309e-16
0.149000000000008 -0.30091245589956 -0.00964022657550545 0.785390488322165 4.24078101708464e-16
0.150000000000009 -0.30474477429234 -0.00988630537845087 0.785390488322165 4.24078101708464e-16
0.15100000000001 -0.308588646597109 -0.0101365299614842 0.785390488322165 1.41359367236155e-16
0.152000000000011 -0.31244356683986 -0.010390919111348 0.785390488322165 4.24078101708464e-16
0.153000000000012 -0.316309008644929 -0.0106494920761349 0.785390488322165 4.24078101708464e-16
0.154000000000013 -0.32018441175687 -0.0109122645201218 0.785390488322165 4.24078101708464e-16
0.155000000000014 -0.324069168430045 -0.0111792513203458 0.785390488322165 4.24078101708464e-16
0.156000000000015 -0.327962610140322 -0.0114504633038148 0.785390488322165 2.82718734472309e-16
0.157000000000016 -0.331863995056773 -0.0117259084988376 0.785390488322165 4.24078101708464e-16
0.158000000000017 -0.335772497362138 -0.0120055915236519 0.785390488322165 4.24078101708464e-16
0.159000000000018 -0.339687200095643 -0.0122895129471359 0.785390488322165 4.24078101708464e-16
0.160000000000019 -0.343607093885467 -0.012577667923135 0.785390488322165 2.82718734472309e-16
0.16100000000002 -0.347531084075891 -0.0128700474855197 0.785390488322165 4.24078101708464e-16
0.162000000000021 -0.351458008282089 -0.0131666395465603 0.785390488322165 4.24078101708464e-16
0.163000000000022 -0.355386665167284 -0.0134674269461942 0.785390488322165 1.41359367236155e-16
0.164000000000023 -0.359315853214303 -0.0137723909682474 0.785390488322165 4.24078101708464e-16
0.165000000000024 -0.363244415859061 -0.0140815124771757 0.785390488322165 4.24078101708464e-16
0.166000000000025 -0.367171287049667 -0.0143947730397412 0.785390488322165 4.24078101708464e-16
0.167000000000026 -0.371095529533564 -0.0147121559976423 0.785390488322165 2.82718734472309e-16
0.168000000000027 -0.375016357452465 -0.0150336497174611 0.785390488322165 4.24078101708464e-16
0.169000000000028 -0.378933135612844 -0.0153592457627098 0.785390488322165 2.82718734472309e-16
0.170000000000029 -0.382845349949395 -0.0156889392576672 0.785390488322165 4.24078101708464e-16
0.17100000000003 -0.386752547108015 -0.0160227265884068 0.785390488322165 7.06796836180773e-16
0.172000000000031 -0.390654245469394 -0.0163606025316307 0.785390488322165 4.24078101708464e-16
0.173000000000032 -0.394549824242544 -0.0167025554243575 0.785390488322165 4.24078101708464e-16
0.174000000000033 -0.398438401287349 -0.0170485629364273 0.785390488322165 4.24078101708464e-16
0.175000000000034 -0.402318713030699 -0.0173985859117238 0.785390488322165 5.65437468944618e-16
0.176000000000035 -0.406189010958899 -0.0177525630964454 0.785390488322165 7.06796836180773e-16
0.177000000000036 -0.410046988403447 -0.0181104083471593 0.785390488322165 4.24078101708464e-16
0.178000000000037 -0.413889748733775 -0.0184720074092311 0.785390488322165 4.24078101708464e-16
0.179000000000038 -0.417713821930395 -0.0188372165618328 0.785390488322165 4.24078101708464e-16
0.180000000000039 -0.421515231511902 -0.0192058650148095 0.785390488322165 4.24078101708464e-16
0.18100000000004 -0.425289608423519 -0.019577758204653 0.785390488322165 4.24078101708464e-16
0.182000000000041 -0.429032343415839 -0.0199526838963795 0.785390488322165 4.24078101708464e-16
0.183000000000042 -0.432738765752561 -0.0203304179473367 0.785390488322165 4.24078101708464e-16
0.184000000000043 -0.436404333271213 -0.0207107343860475 0.785390488322165 1.41359367236155e-16
0.185000000000044 -0.440024818310176 -0.0210934126661972 0.785390488322165 4.24078101708464e-16
0.186000000000045 -0.44359647465015 -0.0214782451041651 0.785390488322165 4.24078101708464e-16
0.187000000000046 -0.447116173134239 -0.0218650461177283 0.785390488322165 1.41359367236155e-16
0.188000000000047 -0.450581497014987 -0.0222536559043872 0.785390488322165 1.41359367236155e-16
0.189000000000048 -0.453990792171366 -0.0226439458813833 0.785390488322165 4.24078101708464e-16
0.190000000000049 -0.457343171590969 -0.0230358183163407 0.785390488322165 4.24078101708464e-16
0.19100000000005 -0.460638477374644 -0.0234292091914396 0.785390488322165 1.41359367236155e-16
0.192000000000051 -0.46387720672489 -0.0238240829817189 0.785390488322165 4.24078101708464e-16
0.193000000000052 -0.467060410638776 -0.0242204320796572 0.785390488322165 1.41359367236155e-16
0.194000000000053 -0.470189575167762 -0.024618270421181 0.785390488322165 1.41359367236155e-16
0.195000000000054 -0.473266495324303 -0.0250176289272102 0.785390488322165 4.24078101708464e-16
0.196000000000055 -0.476293150822412 -0.0254185497691327 0.785390488322165 4.24078101708464e-16
0.197000000000056 -0.479271591515642 -0.0258210814857308 0.785390488322165 4.24078101708464e-16
0.198000000000057 -0.482203838355403 -0.0262252736762666 0.785390488322165 1.41359367236155e-16
0.199000000000058 -0.485091803607807 -0.0266311736523321 0.785390488322165 2.82718734472309e-16
0.200000000000059 -0.487937232011644 -0.0270388230272678 0.785390488322165 1.41359367236155e-16
0.20100000000006 -0.490741662648144 -0.0274482546209327 0.785390488322165 1.41359367236155e-16
0.202000000000061 -0.493506409919116 -0.027859491857828 0.785390488322165 2.82718734472309e-16
0.203000000000062 -0.496232560837568 -0.0282725480816677 0.785390488322165 2.82718734472309e-16
0.204000000000063 -0.498920985318929 -0.0286874270764591 0.785390488322165 1.41359367236155e-16
0.205000000000064 -0.501572355945557 -0.0291041220836121 0.785390488322165 4.24078101708464e-16
0.206000000000065 -0.504187173727729 -0.0295226196280279 0.785390488322165 4.24078101708464e-16
0.207000000000066 -0.506765796846597 -0.0299428975846516 0.785390488322165 4.24078101708464e-16
0.208000000000067 -0.509308469747433 -0.0303649284700116 0.785390488322165 5.65437468944618e-16
0.209000000000068 -0.51181535067956 -0.0307886807184156 0.785390488322165 4.24078101708464e-16
0.210000000000069 -0.514286536253021 -0.0312141180876299 0.785390488322165 4.24078101708464e-16
0.21100000000007 -0.516722082171146 -0.0316412033470777 0.785390488322165 4.24078101708464e-16
0.212000000000071 -0.519122019798791 -0.0320698964944559 0.785390488322165 4.24078101708464e-16
0.213000000000072 -0.521486368568988 -0.03250015745678 0.785390488322165 2.82718734472309e-16
0.214000000000073 -0.523815144573055 -0.0329319449474782 0.785390488322165 4.24078101708464e-16
0.215000000000074 -0.526108365856853 -0.0333652180771581 0.785390488322165 4.24078101708464e-16
0.216000000000075 -0.528366055075365 -0.0337999350683881 0.785390488322165 1.41359367236155e-16
0.217000000000076 -0.530588240189958 -0.0342360554158293 0.785390488322165 1.41359367236155e-16
0.218000000000077 -0.532774953879901 -0.0346735365827604 0.785390488322165 4.24078101708464e-16
0.219000000000078 -0.534926232215515 -0.0351123379873512 0.785390488322165 4.24078101708464e-16
0.220000000000079 -0.537042113042734 -0.0355524171595267 0.785390488322165 5.65437468944618e-16
0.22100000000008 -0.539122634406363 -0.0359937319962196 0.785390488322165 4.24078101708464e-16
0.222000000000081 -0.541167833148316 -0.036436239743827 0.785390488322165 4.24078101708464e-16
0.223000000000082 -0.54317774377359 -0.036879897184384 0.785390488322165 4.24078101708464e-16
0.224000000000083 -0.545152397571934 -0.0373246602302126 0.785390488322165 1.41359367236155e-16
0.225000000000084 -0.547091821940326 -0.0377704842708442 0.785390488322165 4.24078101708464e-16
0.226000000000085 -0.548996039880931 -0.0382173246142239 0.785390488322165 4.24078101708464e-16
0.227000000000086 -0.550865069613398 -0.0386651353001698 0.785390488322165 5.65437468944618e-16
0.228000000000087 -0.552698924338483 -0.0391138695511184 0.785390488322165 7.06796836180773e-16
0.229000000000088 -0.5544976121726 -0.0395634798983087 0.785390488322165 4.24078101708464e-16
0.230000000000089 -0.556261136285995 -0.0400139188141959 0.785390488322165 4.24078101708464e-16
0.23100000000009 -0.557989495269068 -0.0404651368591533 0.785390488322165 4.24078101708464e-16
0.232000000000091 -0.559682683772293 -0.0409170847862188 0.785390488322165 5.65437468944618e-16
0.233000000000092 -0.561340693343904 -0.0413697121809641 0.785390488322165 4.24078101708464e-16
0.234000000000093 -0.562963513470031 -0.0418229687398481 0.785390488322165 1.41359367236155e-16
0.235000000000094 -0.564551132654417 -0.0422768027427319 0.785390488322165 2.82718734472309e-16
0.236000000000095 -0.566103539500761 -0.0427311628101306 0.785390488322165 1.41359367236155e-16
0.237000000000096 -0.567620723679221 -0.0431859967924757 0.785390488322165 2.82718734472309e-16
0.238000000000097 -0.56910267667881 -0.043641251738987 0.785390488322165 5.65437468944618e-16
0.239000000000098 -0.570549392359498 -0.0440968754588242 0.785390488322165 7.06796836180773e-16
0.240000000000099 -0.571960867256442 -0.0445528147352241 0.785390488322165 4.24078101708464e-16
0.2410000000001 -0.573337100695369 -0.0450090165404229 0.785390488322165 7.06796836180773e-16
0.242000000000101 -0.574678094794741 -0.0454654270809227 0.785390488322165 7.06796836180773e-16
0.243000000000102 -0.575983854418363 -0.0459219927152252 0.785390488322165 4.24078101708464e-16
0.244000000000103 -0.5772543871705 -0.0463786601512504 0.785390488322165 5.65437468944618e-16
0.245000000000104 -0.578489703474313 -0.046835374157445 0.785390488322165 7.06796836180773e-16
0.246000000000105 -0.579689816810706 -0.0472920813028854 0.785390488322165 2.82718734472309e-16
0.247000000000106 -0.580854744054154 -0.0477487265567835 0.785390488322165 4.24078101708464e-16
0.248000000000107 -0.581984505954884 -0.0482052550487049 0.785390488322165 4.24078101708464e-16
0.249000000000108 -0.58307912764047 -0.048661612594227 0.785390488322165 1.41359367236155e-16
0.250000000000109 -0.58413863913729 -0.0491177442473525 0.785390488322165 4.24078101708464e-16
0.25100000000011 -0.585163075814968 -0.0495735947594824 0.785390488322165 4.24078101708464e-16
0.252000000000111 -0.58615247871202 -0.0500291103627479 0.785390488322165 4.24078101708464e-16
0.253000000000112 -0.587106894748375 -0.0504842358536808 0.785390488322165 7.06796836180773e-16
0.254000000000113 -0.588026376751408 -0.050938917171913 0.785390488322165 1.41359367236155e-16
0.255000000000114 -0.588910983399741 -0.0513930997682521 0.785390488322165 4.24078101708464e-16
0.256000000000115 -0.58976077908048 -0.0518467296632401 0.785390488322165 5.65437468944618e-16
0.257000000000116 -0.590575833717237 -0.0522997525396862 0.785390488322165 4.24078101708464e-16
0.258000000000117 -0.591356222642892 -0.0527521150536603 0.785390488322165 4.24078101708464e-16
0.259000000000118 -0.592102026558251 -0.0532037630225684 0.785390488322165 4.24078101708464e-16
0.260000000000119 -0.592813331626669 -0.0536546429115146 0.785390488322165 4.24078101708464e-16
0.26100000000012 -0.593490229699661 -0.0541047013681979 0.785390488322165 7.06796836180773e-16
0.262000000000121 -0.594132818699457 -0.0545538854475196 0.785390488322165 4.24078101708464e-16
0.263000000000122 -0.594741203118483 -0.0550021420499902 0.785390488322165 4.24078101708464e-16
0.264000000000123 -0.595315494582387 -0.0554494189699288 0.785390488322165 4.24078101708464e-16
0.265000000000124 -0.595855812442037 -0.0558956638627299 0.785390488322165 4.24078101708464e-16
0.266000000000125 -0.596362284315333 -0.0563408261159828 0.785390488322165 4.24078101708464e-16
0.267000000000126 -0.59683504650237 -0.0567848541908325 0.785390488322165 4.24078101708464e-16
0.268000000000127 -0.59727424427502 -0.057227697892023 0.785390488322165 7.06796836180773e-16
0.269000000000128 -0.597680031966005 -0.0576693082326081 0.785390488322165 4.24078101708464e-16
0.270000000000129 -0.598052572859855 -0.0581096364457743 0.785390488322165 2.82718734472309e-16
0.27100000000013 -0.598392038975447 -0.0585486339610706 0.785390488322165 4.24078101708464e-16
0.272000000000131 -0.598698610720421 -0.0589862539353563 0.785390488322165 4.24078101708464e-16
0.273000000000132 -0.598972476568438 -0.0594224495363693 0.785390488322165 7.06796836180773e-16
0.274000000000133 -0.599213832788827 -0.05985717478098 0.785390488322165 7.06796836180773e-16
0.275000000000134 -0.599422883383122 -0.0602903844750036 0.785390488322165 4.24078101708464e-16
0.276000000000135 -0.599599840231834 -0.0607220343393733 0.785390488322165 5.65437468944618e-16
0.277000000000136 -0.599744923507652 -0.0611520804275001 0.785390488322165 4.24078101708464e-16
0.278000000000137 -0.59985836234566 -0.0615804800872313 0.785390488322165 7.06796836180773e-16
0.279000000000138 -0.599940395689394 -0.0620071916293696 0.785390488322165 4.24078101708464e-16
0.280000000000139 -0.599991273226051 -0.0624321743035894 0.785390488322165 4.24078101708464e-16
0.28100000000014 -0.600011256281633 -0.0628553891736565 0.785390488322165 4.24078101708464e-16
0.282000000000141 -0.600000618539065 -0.0632767982799178 0.785390488322165 4.24078101708464e-16
0.283000000000142 -0.599959646479553 -0.0636963651127913 0.785390488322165 4.24078101708464e-16
0.284000000000143 -0.599888639442812 -0.0641140554257249 0.785390488322165 4.24078101708464e-16
0.285000000000144 -0.599787909329004 -0.0645298355923098 0.785390488322165 4.24078101708464e-16
0.286000000000145 -0.599657779965382 -0.0649436741659162 0.785390488322165 1.41359367236155e-16
0.287000000000146 -0.599498586224676 -0.0653555408976079 0.785390488322165 1.41359367236155e-16
0.288000000000147 -0.599310673087494 -0.0657654075209309 0.785390488322165 2.82718734472309e-16
0.289000000000148 -0.599094394801112 -0.0661732462197631 0.785390488322165 1.41359367236155e-16
0.290000000000149 -0.598850114295656 -0.0665790315267343 0.785390488322165 4.24078101708464e-16
0.29100000000015 -0.598578203047571 -0.066982739120542 0.785390488322165 2.82718734472309e-16
0.292000000000151 -0.598279041407675 -0.0673843449511675 0.785390488322165 1.41359367236155e-16
0.293000000000152 -0.597953019469083 -0.0677838275219231 0.785390488322165 1.41359367236155e-16
0.294000000000153 -0.597600538375843 -0.0681811671944166 0.785390488322165 4.24078101708464e-16
0.295000000000154 -0.597222011950183 -0.0685763458537496 0.785390488322165 2.82718734472309e-16
0.296000000000155 -0.596817868425656 -0.0689693481796068 0.785390488322165 4.24078101708464e-16
0.297000000000156 -0.596388552110266 -0.0693601605921008 0.785390488322165 4.24078101708464e-16
0.298000000000157 -0.595934524709032 -0.0697487726897901 0.785390488322165 4.24078101708464e-16
0.299000000000158 -0.595456266129965 -0.0701351774902381 0.785390488322165 4.24078101708464e-16
0.300000000000159 -0.594954274677887 -0.0705193696133044 0.785390488322165 1.41359367236155e-16
0.30100000000016 -0.594429066522965 -0.0709013481214451 0.785390488322165 4.24078101708464e-16
0.302000000000161 -0.593881174505473 -0.071281114719449 0.785390488322165 5.65437468944618e-16
0.303000000000162 -0.593311146375072 -0.0716586734132993 0.785390488322165 4.24078101708464e-16
0.304000000000163 -0.592719542714621 -0.0720340315407066 0.785390488322165 1.41359367236155e-16
0.305000000000164 -0.592106934792907 -0.0724071978913008 0.785390488322165 2.82718734472309e-16
0.306000000000165 -0.591473902610025 -0.072778184275925 0.785390488322165 1.41359367236155e-16
0.307000000000166 -0.590821033535629 -0.0731470042430742 0.785390488322165 5.65437468944618e-16
0.308000000000167 -0.590148921785076 -0.0735136729862511 0.785390488322165 4.24078101708464e-16
0.309000000000168 -0.589458168917712 -0.0738782081591807 0.785390488322165 4.24078101708464e-16
0.310000000000169 -0.58874938547595 -0.0742406297919458 0.785390488322165 4.24078101708464e-16
0.31100000000017 -0.588023193719822 -0.0746009605285909 0.785390488322165 1.41359367236155e-16
0.312000000000171 -0.587280231258596 -0.0749592252806062 0.785390488322165 4.24078101708464e-16
0.313000000000172 -0.586521155184025 -0.075315454937217 0.785390488322165 2.82718734472309e-16
0.314000000000173 -0.585746646241505 -0.0756696838608411 0.785390488322165 2.82718734472309e-16
0.315000000000174 -0.584957412542661 -0.0760219506601336 0.785390488322165 2.82718734472309e-16
0.316000000000175 -0.584154192147405 -0.0763723013857733 0.785390488322165 4.24078101708464e-16
0.317000000000176 -0.583337754159789 -0.076720787219335 0.785390488322165 5.65437468944618e-16
0.318000000000177 -0.582508897942944 -0.0770674652351397 0.785390488322165 4.24078101708464e-16
0.319000000000178 -0.581668450400139 -0.0774123989727076 0.785390488322165 5.65437468944618e-16
0.320000000000179 -0.580817261471267 -0.0777556567353104 0.785390488322165 4.24078101708464e-16
0.32100000000018 -0.579956198305826 -0.078097311733943 0.785390488322165 1.41359367236155e-16
0.322000000000181 -0.579086138774947 -0.0784374408428123 0.785390488322165 1.41359367236155e-16
0.323000000000182 -0.578207965117322 -0.0787761244425782 0.785390488322165 1.41359367236155e-16
0.324000000000183 -0.577322558591385 -0.0791134442780881 0.785390488322165 4.24078101708464e-16
0.325000000000184 -0.576430795932668 -0.07944948444754 0.785390488322165 4.24078101708464e-16
0.326000000000185 -0.575533548201964 -0.079784329836742 0.785390488322165 4.24078101708464e-16
0.327000000000186 -0.574631682345203 -0.0801180678206315 0.785390488322165 4.24078101708464e-16
0.328000000000187 -0.573726065503006 -0.0804507876207685 0.785390488322165 2.82718734472309e-16
0.329000000000188 -0.572817571719233 -0.0807825815769467 0.785390488322165 1.41359367236155e-16
0.330000000000189 -0.571907090451768 -0.0811135468016635 0.785390488322165 4.24078101708464e-16
0.33100000000019 -0.570995536068224 -0.0814437864143807 0.785390488322165 1.41359367236155e-16
0.332000000000191 -0.570083857386233 -0.0817734117704949 0.785390488322165 1.41359367236155e-16
0.333000000000192 -0.569173046344128 -0.082102541977447 0.785390488322165 4.24078101708464e-16
0.334000000000193 -0.568264144987316 -0.0824313085338768 0.785390488322165 4.24078101708464e-16
0.335000000000194 -0.567358250114809 -0.0827598534075162 0.785390488322165 4.24078101708464e-16
0.336000000000195 -0.566456515121967 -0.0830883307241754 0.785390488322165 4.24078101708464e-16
0.337000000000196 -0.565560148878385 -0.083416907596249 0.785390488322165 1.41359367236155e-16
0.338000000000197 -0.564670411563098 -0.0837457628153064 0.785390488322165 4.24078101708464e-16
0.339000000000198 -0.56378860763037 -0.0840750866006381 0.785390488322165 2.82718734472309e-16
0.340000000000199 -0.562916076217038 -0.0844050784913923 0.785390488322165 5.65437468944618e-16
0.3410000000002 -0.562054179371041 -0.0847359468105691 0.785390488322165 4.24078101708464e-16
0.342000000000201 -0.561204288615533 -0.0850679062258939 0.785390488322165 4.24078101708464e-16
0.343000000000202 -0.560367770552297 -0.0854011749652153 0.785390488322165 4.24078101708464e-16
0.344000000000203 -0.559545972282928 -0.0857359726912024 0.785390488322165 1.41359367236155e-16
0.345000000000204 -0.558740207705135 -0.0860725182909534 0.785390488322165 4.24078101708464e-16
0.346000000000205 -0.557951745868882 -0.086411027923865 0.785390488322165 4.24078101708464e-16
0.347000000000206 -0.557181802783855 -0.0867517132279247 0.785390488322165 5.65437468944618e-16
0.348000000000207 -0.556431538108635 -0.0870947817316909 0.785390488322165 2.82718734472309e-16
0.349000000000208 -0.555702058148443 -0.0874404354052376 0.785390488322165 4.24078101708464e-16
0.350000000000209 -0.554994426214526 -0.0877888730168026 0.785390488322165 4.24078101708464e-16
0.35100000000021 -0.554309681082298 -0.0881402943306329 0.785390488322165 4.24078101708464e-16
0.352000000000211 -0.553648863480857 -0.0884949022834447 0.785390488322165 4.24078101708464e-16
0.353000000000212 -0.553013049789392 -0.0888529100508579 0.785390488322165 4.24078101708464e-16
0.354000000000213 -0.552403391100817 -0.0892145487533211 0.785390488322165 7.06796836180773e-16
0.355000000000214 -0.551821154911705 -0.08958007200917 0.785390488322165 4.24078101708464e-16
0.356000000000215 -0.55126776582977 -0.0899497661384756 0.785390488322165 2.82718734472309e-16
0.357000000000216 -0.550744841154497 -0.0903239545665859 0.785390488322165 7.06796836180773e-16
0.358000000000217 -0.550254216885964 -0.0907030056827685 0.785390488322165 4.24078101708464e-16
0.359000000000218 -0.54979795999518 -0.0910873328989874 0.785390488322165 4.24078101708464e-16
0.360000000000219 -0.5493783633409 -0.0914773975700589 0.785390488322165 7.06796836180773e-16
0.36100000000022 -0.548997920810276 -0.091873704083242 0.785390488322165 7.06796836180773e-16
0.362000000000221 -0.548659281627559 -0.0922767938659961 0.785390488322165 4.24078101708464e-16
0.363000000000222 -0.548365184544053 -0.0926872345108309 0.785390488322165 4.24078101708464e-16
0.364000000000223 -0.548118374342613 -0.0931056071589689 0.785390488322165 4.24078101708464e-16
0.365000000000224 -0.547921504851047 -0.0935324876613883 0.785390488322165 7.06796836180773e-16
0.366000000000225 -0.547777033984238 -0.0939684299410324 0.785390488322165 7.06796836180773e-16
0.367000000000226 -0.547687117503086 -0.0944139472258394 0.785390488322165 7.06796836180773e-16
0.368000000000227 -0.547653508463229 -0.094869490726575 0.785390488322165 4.24078101708464e-16
0.369000000000228 -0.547677469414394 -0.0953354356689742 0.785390488322165 4.24078101708464e-16
0.370000000000229 -0.547759703571675 -0.0958120639578475 0.785390488322165 4.24078101708464e-16
0.37100000000023 -0.54790031002589 -0.0962995566424958 0.785390488322165 5.65437468944618e-16
0.372000000000231 -0.548098766433924 -0.0967979850225311 0.785390488322165 7.06796836180773e-16
0.373000000000232 -0.548353940607532 -0.0973073117947219 0.785390488322165 7.06796836180773e-16
0.374000000000233 -0.548664130545182 -0.0978273943493395 0.785390488322165 5.65437468944618e-16
0.375000000000234 -0.549027130350785 -0.0983579940631443 0.785390488322165 4.24078101708464e-16
0.376000000000235 -0.549440317928788 -0.0988987894525701 0.785390488322165 5.65437468944618e-16
0.377000000000236 -0.54990075890214 -0.0994493917701398 0.785390488322165 1.41359367236155e-16
0.378000000000237 -0.550405320369009 -0.100009365356396 0.785390488322165 7.06796836180773e-16
0.379000000000238 -0.550950787765505 -0.100578247999612 0.785390488322165 4.24078101708464e-16
0.380000000000239 -0.551533978281491 -0.101155569239181 0.785390488322165 2.82718734472309e-16
0.38100000000024 -0.552151844845319 -0.101740871539497 0.785390488322165 4.24078101708464e-16
0.382000000000241 -0.552801565779374 -0.102333727026231 0.785390488322165 7.06796836180773e-16
0.383000000000242 -0.553480616438808 -0.102933750370572 0.785390488322165 4.24078101708464e-16
0.384000000000243 -0.554186820632546 -0.103540612390476 0.785390488322165 7.06796836180773e-16
0.385000000000244 -0.554918381096043 -0.104154044892766 0.785390488322165 4.24078101708464e-16
0.386000000000245 -0.555673889586934 -0.104773846831502 0.785390488322165 2.82718734472309e-16
0.387000000000246 -0.556452318474818 -0.105399883309887 0.785390488322165 4.24078101708464e-16
0.388000000000247 -0.557252996501727 -0.106032083325455 0.785390488322165 4.24078101708464e-16
0.389000000000248 -0.55807557213104 -0.106670434774489 0.785390488322165 7.06796836180773e-16
0.390000000000249 -0.558919968132583 -0.107314977960602 0.785390488322165 4.24078101708464e-16
0.39100000000025 -0.559786331193347 -0.107965795593203 0.785390488322165 7.06796836180773e-16
0.392000000000251 -0.560674979930964 -0.108623007205213 0.785390488322165 4.24078101708464e-16
0.393000000000252 -0.561586354477805 -0.109286756505454 0.785390488322165 4.24078101708464e-16
0.394000000000253 -0.562520969999323 -0.109957205663719 0.785390488322165 5.65437468944618e-16
0.395000000000254 -0.563479376043475 -0.110634526178935 0.785390488322165 5.65437468944618e-16
0.396000000000255 -0.564462122797725 -0.111318893446087 0.785390488322165 4.24078101708464e-16
0.397000000000256 -0.565469734815686 -0.112010480691371 0.785390488322165 7.06796836180773e-16
0.398000000000257 -0.566502692152334 -0.112709455254469 0.785390488322165 7.06796836180773e-16
0.399000000000258 -0.567561418393241 -0.11341597587417 0.785390488322165 4.24078101708464e-16
0.400000000000259 -0.568646274805692 -0.114130191772129 0.785390488322165 7.06796836180773e-16
0.40100000000026 -0.569757559507263 -0.114852239596127 0.785390488322165 4.24078101708464e-16
0.402000000000261 -0.570895510611914 -0.115582248079584 0.785390488322165 4.24078101708464e-16
0.403000000000262 -0.572060312174035 -0.116320333767027 0.785390488322165 5.65437468944618e-16
0.404000000000263 -0.573252101859691 -0.117066606172868 0.785390488322165 7.06796836180773e-16
0.405000000000264 -0.574470979436365 -0.117821166886433 0.785390488322165 7.06796836180773e-16
0.406000000000265 -0.575717015238038 -0.118584112625669 0.785390488322165 7.06796836180773e-16
0.407000000000266 -0.576990258134821 -0.119355535488068 0.785390488322165 4.24078101708464e-16
0.408000000000267 -0.578290742457824 -0.120135524851687 0.785390488322165 7.06796836180773e-16
0.409000000000268 -0.579618493636914 -0.120924168326354 0.785390488322165 4.24078101708464e-16
0.410000000000269 -0.580973532468896 -0.121721553017176 0.785390488322165 4.24078101708464e-16
0.41100000000027 -0.58235587803579 -0.122527765918758 0.785390488322165 4.24078101708464e-16
0.412000000000271 -0.583765549301241 -0.123342893672521 0.785390488322165 5.65437468944618e-16
0.413000000000272 -0.585202565652002 -0.124167023541776 0.785390488322165 2.82718734472309e-16
0.414000000000273 -0.586666946576765 -0.125000243620673 0.785390488322165 4.24078101708464e-16
0.415000000000274 -0.588158710690029 -0.125842640647519 0.785390488322165 4.24078101708464e-16
0.416000000000275 -0.589677874350139 -0.126694303116568 0.785390488322165 4.24078101708464e-16
0.417000000000276 -0.591224450112085 -0.127555317484475 0.785390488322165 4.24078101708464e-16
0.418000000000277 -0.592798445146196 -0.128425770085945 0.785390488322165 4.24078101708464e-16
0.419000000000278 -0.594399859713189 -0.129305746135019 0.785390488322165 4.24078101708464e-16
0.420000000000279 -0.59602868585857 -0.130195329094982 0.785390488322165 4.24078101708464e-16
0.42100000000028 -0.597684906263815 -0.131094600714322 0.785390488322165 4.24078101708464e-16
0.422000000000281 -0.599368493296289 -0.132003640313339 0.785390488322165 7.06796836180773e-16
0.423000000000282 -0.601079408260953 -0.132922525455804 0.785390488322165 4.24078101708464e-16
0.424000000000283 -0.602817600742521 -0.133851331229117 0.785390488322165 4.24078101708464e-16
0.425000000000284 -0.604583008045665 -0.134790129468453 0.785390488322165 2.82718734472309e-16
0.426000000000285 -0.606375554753257 -0.135738989176612 0.785390488322165 4.24078101708464e-16
0.427000000000286 -0.608195152346335 -0.136697976644188 0.785390488322165 4.24078101708464e-16
0.428000000000287 -0.610041698897133 -0.137667155289302 0.785390488322165 5.65437468944618e-16
0.429000000000288 -0.611915078852945 -0.138646583963516 0.785390488322165 7.06796836180773e-16
0.430000000000289 -0.613815162947974 -0.139636319217137 0.785390488322165 4.24078101708464e-16
0.43100000000029 -0.615741808230764 -0.140636413547743 0.785390488322165 1.41359367236155e-16
0.432000000000291 -0.617694858200972 -0.141646916188361 0.785390488322165 4.24078101708464e-16
0.433000000000292 -0.619674143064483 -0.142667872604294 0.785390488322165 5.65437468944618e-16
0.434000000000293 -0.621679480019473 -0.143699324644271 0.785390488322165 4.24078101708464e-16
0.435000000000294 -0.623710673562526 -0.144741310520446 0.785390488322165 5.65437468944618e-16
0.436000000000295 -0.625767515719708 -0.145793864896052 0.785390488322165 4.24078101708464e-16
0.437000000000296 -0.627849786197734 -0.14685701883149 0.785390488322165 4.24078101708464e-16
0.438000000000297 -0.629957252377285 -0.147930799535804 0.785390488322165 1.41359367236155e-16
0.439000000000298 -0.632089669157569 -0.149015229911376 0.785390488322165 5.65437468944618e-16
0.440000000000299 -0.634246778675763 -0.150110330214781 0.785390488322165 4.24078101708464e-16
0.4410000000003 -0.63642830990247 -0.151216115062543 0.785390488322165 1.41359367236155e-16
0.442000000000301 -0.638633978206071 -0.152332595522111 0.785390488322165 4.24078101708464e-16
0.443000000000302 -0.640863484947056 -0.15345977760625 0.785390488322165 2.82718734472309e-16
0.444000000000303 -0.643116517148332 -0.15459766408051 0.785390488322165 2.82718734472309e-16
0.445000000000304 -0.645392747333066 -0.155746251345918 0.785390488322165 1.41359367236155e-16
0.446000000000305 -0.647691833482734 -0.156905531756059 0.785390488322165 4.24078101708464e-16
0.447000000000306 -0.65001341916879 -0.158075492525873 0.785390488322165 2.82718734472309e-16
0.448000000000307 -0.652357133792805 -0.159256116244045 0.785390488322165 4.24078101708464e-16
0.449000000000308 -0.654722592873615 -0.160447379563238 0.785390488322165 5.65437468944618e-16
0.450000000000309 -0.657109398276098 -0.161649255863937 0.785390488322165 4.24078101708464e-16
0.45100000000031 -0.659517138353614 -0.162861711796326 0.785390488322165 4.24078101708464e-16
0.452000000000311 -0.661945387889613 -0.16408470988692 0.785390488322165 2.82718734472309e-16
0.453000000000312 -0.664393707834915 -0.165318206695971 0.785390488322165 7.06796836180773e-16
0.454000000000313 -0.66686164483445 -0.166562153973965 0.785390488322165 2.82718734472309e-16
0.455000000000314 -0.669348730598193 -0.167816497448369 0.785390488322165 2.82718734472309e-16
0.456000000000315 -0.671854481189522 -0.16908117696508 0.785390488322165 4.24078101708464e-16
0.457000000000316 -0.6743783963254 -0.170356125949315 0.785390488322165 2.82718734472309e-16
0.458000000000317 -0.676919958841154 -0.171641272051143 0.785390488322165 4.24078101708464e-16
0.459000000000318 -0.679478634380006 -0.172936535274028 0.785390488322165 7.06796836180773e-16
0.460000000000319 -0.682053871404321 -0.174241830525767 0.785390488322165 4.24078101708464e-16
0.46100000000032 -0.684645101550579 -0.175557065031859 0.785390488322165 5.65437468944618e-16
0.462000000000321 -0.687251740297439 -0.176882138659568 0.785390488322165 4.24078101708464e-16
0.463000000000322 -0.689873187860394 -0.178216946720767 0.785390488322165 4.24078101708464e-16
0.464000000000323 -0.692508830200611 -0.179561377298848 0.785390488322165 4.24078101708464e-16
0.465000000000324 -0.69515803997832 -0.180915312161682 0.785390488322165 4.24078101708464e-16
0.466000000000325 -0.697820177310316 -0.182278627095178 0.785390488322165 7.06796836180773e-16
0.467000000000326 -0.700494590162599 -0.183651192136546 0.785390488322165 5.65437468944618e-16
0.468000000000327 -0.703180614311508 -0.185032870982536 0.785390488322165 4.24078101708464e-16
0.469000000000328 -0.705877572832497 -0.186423521349745 0.785390488322165 5.65437468944618e-16
0.470000000000329 -0.708584775138617 -0.187822994113948 0.785390488322165 5.65437468944618e-16
0.47100000000033 -0.711301515687961 -0.189231133047612 0.785390488322165 4.24078101708464e-16
0.472000000000331 -0.714027072539606 -0.190647774748409 0.785390488322165 7.06796836180773e-16
0.473000000000332 -0.716760705950012 -0.192072748402738 0.785390488322165 5.65437468944618e-16
0.474000000000333 -0.719501657228044 -0.193505873614801 0.785390488322165 4.24078101708464e-16
0.475000000000334 -0.72224914805404 -0.194946963541756 0.785390488322165 7.06796836180773e-16
0.476000000000335 -0.725002380420985 -0.196395820756134 0.785390488322165 4.24078101708464e-16
0.477000000000336 -0.727760537236623 -0.197852240789009 0.785390488322165 7.06796836180773e-16
0.478000000000337 -0.730522783622119 -0.199316010824397 0.785390488322165 7.06796836180773e-16
0.479000000000338 -0.733288268757246 -0.200786909886145 0.785390488322165 4.24078101708464e-16
0.480000000000339 -0.736056128107794 -0.202264709745555 0.785390488322165 4.24078101708464e-16
0.48100000000034 -0.73882548575842 -0.203749175515625 0.785390488322165 4.24078101708464e-16
0.482000000000341 -0.741595456585781 -0.20524006637867 0.785390488322165 4.24078101708464e-16
0.483000000000342 -0.744365147975641 -0.206737135514512 0.785390488322165 2.82718734472309e-16
0.484000000000343 -0.747133660834622 -0.208240130534438 0.785390488322165 2.82718734472309e-16
0.485000000000344 -0.74990008972431 -0.209748793207809 0.785390488322165 4.24078101708464e-16
0.486000000000345 -0.752663522068659 -0.211262859289168 0.785390488322165 4.24078101708464e-16
0.487000000000346 -0.75542303642923 -0.212782058817445 0.785390488322165 7.06796836180773e-16
0.488000000000347 -0.758177700042607 -0.214306114058865 0.785390488322165 4.24078101708464e-16
0.489000000000348 -0.760926565879542 -0.21583473987657 0.785390488322165 7.06796836180773e-16
0.490000000000349 -0.763668669542998 -0.217367641826292 0.785390488322165 4.24078101708464e-16
0.49100000000035 -0.766403026432442 -0.218904516364468 0.785390488322165 7.06796836180773e-16
0.492000000000351 -0.769128629541417 -0.220445049827326 0.785390488322165 4.24078101708464e-16
0.493000000000352 -0.771844448254241 -0.221988917147538 0.785390488322165 5.65437468944618e-16
0.494000000000353 -0.77454942841613 -0.22353578396875 0.785390488322165 4.24078101708464e-16
0.495000000000354 -0.777242493806312 -0.2250853044716 0.785390488322165 4.24078101708464e-16
0.496000000000355 -0.779922549046269 -0.226637124739844 0.785390488322165 7.06796836180773e-16
0.497000000000356 -0.782588483777854 -0.228190881377513 0.785390488322165 4.24078101708464e-16
0.498000000000357 -0.785239177786647 -0.229746204619722 0.785390488322165 7.06796836180773e-16
0.499000000000358 -0.78787350664691 -0.231302719568145 0.785390488322165 5.65437468944618e-16
0.500000000000359 -0.790490347378801 -0.23286004695155 0.785390488322165 4.24078101708464e-16
0.501000000000355 -0.793088583486222 -0.234417806006082 0.785390488322165 7.06796836180773e-16
0.50200000000035 -0.79566710887174 -0.23597561366051 0.785390488322165 4.24078101708464e-16
0.503000000000346 -0.79822483012101 -0.237533086491862 0.785390488322165 4.24078101708464e-16
0.504000000000341 -0.800760666832195 -0.239089841230531 0.785390488322165 4.24078101708464e-16
0.505000000000337 -0.803273549807034 -0.240645492395415 0.785390488322165 7.06796836180773e-16
0.506000000000332 -0.805762417221533 -0.242199653627733 0.785390488322165 4.24078101708464e-16
0.507000000000327 -0.808226209003875 -0.243751933512096 0.785390488322165 5.65437468944618e-16
0.508000000000323 -0.810663859966454 -0.245301936618816 0.785390488322165 4.24078101708464e-16
0.509000000000318 -0.81307429237329 -0.246849258457006 0.785390488322165 4.24078101708464e-16
0.510000000000314 -0.815456408698569 -0.248393485291652 0.785390488322165 4.24078101708464e-16
0.511000000000309 -0.817809085444809 -0.249934191838661 0.785390488322165 4.24078101708464e-16
0.512000000000305 -0.820131168802476 -0.251470940330946 0.785390488322165 4.24078101708464e-16
0.5130000000003 -0.822421472775094 -0.25300327892461 0.785390488322165 4.24078101708464e-16
0.514000000000296 -0.824678780251599 -0.254530744148681 0.785390488322165 4.24078101708464e-16
0.515000000000291 -0.826901847199871 -0.256052860328674 0.785390488322165 4.24078101708464e-16
0.516000000000286 -0.829089409888701 -0.257569141629022 0.785390488322165 4.24078101708464e-16
0.517000000000282 -0.831240194734072 -0.259079097339167 0.785390488322165 4.24078101708464e-16
0.518000000000277 -0.833352930116822 -0.260582233010047 0.785390488322164 9.89515570653082e-16
0.519000000000273 -0.835426359343485 -0.262078055210657 0.785390488322165 4.24078101708464e-16
0.520000000000268 -0.837459253724171 -0.263566075419738 0.785390488322165 4.24078101708464e-16
0.521000000000264 -0.83945042476399 -0.265045814650727 0.785390488322165 7.06796836180773e-16
0.522000000000259 -0.841398734506585 -0.26651680578783 0.785390488322165 7.06796836180773e-16
0.523000000000255 -0.843303103172291 -0.26797859464747 0.785390488322164 8.48156203416927e-16
0.52400000000025 -0.84516251349255 -0.269430744445622 0.785390488322165 4.24078101708464e-16
0.525000000000245 -0.846976011363147 -0.270872833887608 0.785390488322164 8.48156203416927e-16
0.526000000000241 -0.848742702718907 -0.272304456481489 0.785390488322165 5.65437468944618e-16
0.527000000000236 -0.850461746842541 -0.273725218535277 0.785390488322165 5.65437468944618e-16
0.528000000000232 -0.852132346550967 -0.275134737569254 0.785390488322165 7.06796836180773e-16
0.529000000000227 -0.85375373590551 -0.276532637419115 0.785390488322165 7.06796836180773e-16
0.530000000000223 -0.855325166324494 -0.277918544134993 0.785390488322165 5.65437468944618e-16
0.531000000000218 -0.856845891973741 -0.279292082286964 0.785390488322165 7.06796836180773e-16
0.532000000000214 -0.858315155543474 -0.280652870111072 0.785390488322165 4.24078101708464e-16
0.533000000000209 -0.859732175329206 -0.282000516424081 0.785390488322165 7.06796836180773e-16
0.534000000000205 -0.861096134713575 -0.283334617214905 0.785390488322165 5.65437468944618e-16
0.5350000000002 -0.862406174942592 -0.284654753220236 0.785390488322165 5.65437468944618e-16
0.536000000000195 -0.863661392087865 -0.285960490600471 0.785390488322165 7.06796836180773e-16
0.537000000000191 -0.8648608389648 -0.287251380270642 0.785390488322165 7.06796836180773e-16
0.538000000000186 -0.866003532605575 -0.288526961448475 0.785390488322165 7.06796836180773e-16
0.539000000000182 -0.867088467767221 -0.289786765868604 0.785390488322165 7.06796836180773e-16
0.540000000000177 -0.8681146366925 -0.291030324795813 0.785390488322165 5.65437468944618e-16
0.541000000000173 -0.869081055112076 -0.292257175812389 0.785390488322165 7.06796836180773e-16
0.542000000000168 -0.869986794148586 -0.293466875302728 0.785390488322165 7.06796836180773e-16
0.543000000000164 -0.870831017410085 -0.294659009051455 0.785390488322165 4.24078101708464e-16
0.544000000000159 -0.871613022238266 -0.295833205357892 0.785390488322165 7.06796836180773e-16
0.545000000000154 -0.872332283603685 -0.296989150887592 0.785390488322165 5.65437468944618e-16
0.54600000000015 -0.872988498799252 -0.298126602339483 0.785390488322165 7.06796836180773e-16
0.547000000000145 -0.873581630775101 -0.299245404776529 0.785390488322165 4.24078101708464e-16
0.548000000000141 -0.874111947706426 -0.300345500591469 0.785390488322165 7.06796836180773e-16
0.549000000000136 -0.874580056245206 -0.301426943756656 0.785390488322165 4.24078101708464e-16
0.550000000000132 -0.874986926032543 -0.302489906868413 0.785390488322165 7.06796836180773e-16
0.551000000000127 -0.875333903180202 -0.303534686499852 0.785390488322165 7.06796836180773e-16
0.552000000000123 -0.875622710905727 -0.304561705211127 0.785390488322165 7.06796836180773e-16
0.553000000000118 -0.875855435974634 -0.305571507325496 0.785390488322165 7.06796836180773e-16
0.554000000000114 -0.876034500431482 -0.306564749871931 0.785390488322165 7.06796836180773e-16
0.555000000000109 -0.876162618758025 -0.30754219209489 0.785390488322165 7.06796836180773e-16
0.556000000000104 -0.876242741599086 -0.308504674016778 0.785390488322165 7.06796836180773e-16
0.5570000000001 -0.876277987857701 -0.309453099560968 0.785390488322165 5.65437468944618e-16
0.558000000000095 -0.876271567897597 -0.3103884080227 0.785390488322165 7.06796836180773e-16
0.559000000000091 -0.87622670103114 -0.311311548994972 0.785390488322165 7.06796836180773e-16
0.560000000000086 -0.876146531006862 -0.31222345467904 0.785390488322164 8.48156203416927e-16
0.561000000000082 -0.876034043382909 -0.313125012273733 0.785390488322164 8.48156203416927e-16
0.562000000000077 -0.875891988617944 -0.314017037139701 0.785390488322165 5.65437468944618e-16
0.563000000000073 -0.875722814404877 -0.314900250683135 0.785390488322165 7.06796836180773e-16
0.564000000000068 -0.875528610336843 -0.315775261214164 0.785390488322165 7.06796836180773e-16
0.565000000000063 -0.875311067214335 -0.316642548069304 0.785390488322165 7.06796836180773e-16
0.566000000000059 -0.875071452510939 -0.317502452966741 0.785390488322165 5.65437468944618e-16
0.567000000000054 -0.874810602647859 -0.318355176047513 0.785390488322165 7.06796836180773e-16
0.56800000000005 -0.874528931686514 -0.31920077795302 0.785390488322164 8.48156203416927e-16
0.569000000000045 -0.874226455364129 -0.320039185137118 0.785390488322165 7.06796836180773e-16
0.570000000000041 -0.873902828467184 -0.320870203140168 0.785390488322165 7.06796836180773e-16
0.571000000000036 -0.873557393024473 -0.321693530512796 0.785390488322165 7.06796836180773e-16
0.572000000000032 -0.873189234405165 -0.32250877700799 0.785390488322165 4.24078101708464e-16
0.573000000000027 -0.872797242117599 -0.323315484776217 0.785390488322165 7.06796836180773e-16
0.574000000000022 -0.872380172138291 -0.324113147303467 0.785390488322165 5.65437468944618e-16
0.575000000000018 -0.871936707821332 -0.324901231883759 0.785390488322165 4.24078101708464e-16
0.576000000000013 -0.871465516681331 -0.325679196693036 0.785390488322164 9.89515570653082e-16
0.577000000000009 -0.870965300904299 -0.326446511142911 0.785390488322165 7.06796836180773e-16
0.578000000000004 -0.870434839959326 -0.327202667333421 0.785390488322165 4.24078101708464e-16
0.579 -0.869873024279192 -0.327947194477479 0.785390488322164 8.48156203416927e-16
0.579999999999995 -0.869278879549116 -0.3286796672685 0.785390488322165 7.06796836180773e-16
0.580999999999991 -0.868651581782199 -0.329399710380783 0.785390488322165 4.24078101708464e-16
0.581999999999986 -0.867990463717765 -0.330107002391102 0.785390488322165 4.24078101708464e-16
0.582999999999982 -0.867295013577049 -0.330801275253562 0.785390488322165 5.65437468944618e-16
0.583999999999977 -0.866564867435262 -0.331482312094026 0.785390488322164 8.48156203416927e-16
0.584999999999972 -0.865799796636843 -0.3321499436533 0.785390488322165 7.06796836180773e-16
0.585999999999968 -0.864999691737923 -0.33280404177394 0.785390488322165 7.06796836180773e-16
0.586999999999963 -0.864164544570752 -0.333444514903098 0.785390488322165 7.06796836180773e-16
0.587999999999959 -0.86329442947153 -0.334071300485686 0.785390488322165 5.65437468944618e-16
0.588999999999954 -0.862389485034081 -0.334684359546614 0.785390488322165 7.06796836180773e-16
0.58999999999995 -0.861449897756982 -0.335283669395555 0.785390488322165 5.65437468944618e-16
0.590999999999945 -0.860475887012338 -0.335869220986062 0.785390488322165 7.06796836180773e-16
0.591999999999941 -0.859467692965834 -0.336441012448609 0.785390488322165 7.06796836180773e-16
0.592999999999936 -0.858425567431368 -0.336999046296833 0.785390488322165 2.82718734472309e-16
0.593999999999931 -0.857349767117281 -0.337543328170473 0.785390488322165 7.06796836180773e-16
0.594999999999927 -0.856240549721313 -0.338073863920129 0.785390488322165 4.24078101708464e-16
0.595999999999922 -0.855098172332946 -0.338590659717346 0.785390488322165 7.06796836180773e-16
0.596999999999918 -0.853922890931491 -0.339093722649142 0.785390488322165 7.06796836180773e-16
0.597999999999913 -0.852714962225837 -0.33958305987074 0.785390488322165 7.06796836180773e-16
0.598999999999909 -0.851474646453457 -0.340058681111965 0.785390488322165 7.06796836180773e-16
0.599999999999904 -0.850202210404078 -0.340520598398482 0.785390488322165 4.24078101708464e-16
0.6009999999999 -0.848897930880057 -0.340968829806719 0.785390488322165 4.24078101708464e-16
0.601999999999895 -0.847562097301662 -0.341403397379244 0.785390488322165 7.06796836180773e-16
0.602999999999891 -0.846195015538646 -0.341824331132749 0.785390488322165 5.65437468944618e-16
0.603999999999886 -0.844797010558207 -0.342231668819051 0.785390488322165 4.24078101708464e-16
0.604999999999881 -0.843368427858348 -0.342625456751652 0.785390488322165 7.06796836180773e-16
0.605999999999877 -0.841909635406584 -0.343005751540929 0.785390488322165 7.06796836180773e-16
0.606999999999872 -0.840421024619907 -0.343372619324648 0.785390488322165 7.06796836180773e-16
0.607999999999868 -0.83890301040152 -0.343726136369838 0.785390488322165 5.65437468944618e-16
0.608999999999863 -0.837356031674899 -0.344066389640046 0.785390488322165 5.65437468944618e-16
0.609999999999859 -0.835780550848662 -0.3443934761272 0.785390488322165 7.06796836180773e-16
0.610999999999854 -0.834177053214848 -0.34470750314667 0.785390488322165 4.24078101708464e-16
0.61199999999985 -0.832546046280127 -0.345008588468875 0.785390488322165 4.24078101708464e-16
0.612999999999845 -0.830888059127954 -0.345296859134764 0.785390488322165 4.24078101708464e-16
0.61399999999984 -0.829203641282501 -0.345572451783741 0.785390488322165 2.82718734472309e-16
0.614999999999836 -0.827493361806736 -0.345835512807907 0.785390488322165 4.24078101708464e-16
0.615999999999831 -0.825757808458619 -0.346086196771308 0.785390488322165 7.06796836180773e-16
0.616999999999827 -0.823997586656677 -0.346324667626247 0.785390488322165 4.24078101708464e-16
0.617999999999822 -0.822213319095084 -0.346551096904376 0.785390488322165 4.24078101708464e-16
0.618999999999818 -0.82040564505631 -0.346765665933402 0.785390488322165 4.24078101708464e-16
0.619999999999813 -0.818575219479714 -0.346968562238986 0.785390488322165 4.24078101708464e-16
0.620999999999809 -0.816722712290501 -0.347159983243006 0.785390488322165 7.06796836180773e-16
0.621999999999804 -0.814848808811341 -0.347340132489583 0.785390488322165 4.24078101708464e-16
0.622999999999799 -0.812954209537446 -0.34750922258298 0.785390488322165 4.24078101708464e-16
0.623999999999795 -0.81103963009217 -0.347667474437704 0.785390488322165 4.24078101708464e-16
0.62499999999979 -0.809105800900632 -0.347815116181429 0.785390488322165 4.24078101708464e-16
0.625999999999786 -0.807153467295267 -0.347952384810348 0.785390488322165 2.82718734472309e-16
0.626999999999781 -0.805183390168612 -0.348079525171363 0.785390488322165 7.06796836180773e-16
0.627999999999777 -0.803196346507574 -0.348196791015098 0.785390488322165 4.24078101708464e-16
0.628999999999772 -0.801193129602654 -0.348304445658101 0.785390488322165 4.24078101708464e-16
0.629999999999768 -0.79917454891058 -0.348402760873706 0.785390488322165 4.24078101708464e-16
0.630999999999763 -0.797141430164512 -0.348492017227123 0.785390488322165 4.24078101708464e-16
0.631999999999759 -0.795094615310465 -0.348572505359098 0.785390488322165 2.82718734472309e-16
0.632999999999754 -0.793034962164146 -0.348644523993099 0.785390488322165 1.41359367236155e-16
0.633999999999749 -0.790963343966256 -0.348708381761601 0.785390488322165 2.82718734472309e-16
0.634999999999745 -0.78888064875448 -0.348764395471479 0.785390488322165 4.24078101708464e-16
0.63599999999974 -0.786787778552062 -0.348812891171498 0.785390488322165 2.82718734472309e-16
0.636999999999736 -0.784685648620933 -0.348854202353166 0.785390488322165 1.41359367236155e-16
0.637999999999731 -0.782575186720045 -0.348888671773401 0.785390488322165 1.41359367236155e-16
0.638999999999727 -0.780457332171656 -0.348916649057908 0.785390488322165 1.41359367236155e-16
0.639999999999722 -0.778333035262962 -0.348938491556365 0.785390488322165 2.82718734472309e-16
0.640999999999718 -0.776203256996785 -0.348954564827576 0.785390488322165 NaN
0.641999999999713 -0.774068968724626 -0.348965240766878 0.785390488322165 2.82718734472309e-16
0.642999999999708 -0.771931152139688 -0.348970899787165 0.785390488322165 4.24078101708464e-16
0.643999999999704 -0.769790799324808 -0.348971930147482 0.785390488322165 5.65437468944618e-16
0.644999999999699 -0.767648912925008 -0.348968726951849 0.785390488322165 2.82718734472309e-16
0.645999999999695 -0.765506506409547 -0.348961693640313 0.785390488322165 2.82718734472309e-16
0.64699999999969 -0.763364604309672 -0.348951242419252 0.785390488322165 4.24078101708464e-16
0.647999999999686 -0.7612242423754 -0.348937793249689 0.785390488322165 4.24078101708464e-16
0.648999999999681 -0.759086467413566 -0.348921775308235 0.785390488322165 4.24078101708464e-16
0.649999999999677 -0.756952336756237 -0.348903625403777 0.785390488322165 4.24078101708464e-16
0.650999999999672 -0.754822917547687 -0.348883788823228 0.785390488322165 4.24078101708464e-16
0.651999999999668 -0.752699285750703 -0.348862718768379 0.785390488322165 1.41359367236155e-16
0.652999999999663 -0.750582524918395 -0.348840875334536 0.785390488322165 2.82718734472309e-16
0.653999999999658 -0.74847372468248 -0.348818725422288 0.785390488322165 4.24078101708464e-16
0.654999999999654 -0.746373979120875 -0.348796742195942 0.785390488322165 4.24078101708464e-16
0.655999999999649 -0.744284385080908 -0.348775403647045 0.785390488322165 4.24078101708464e-16
0.656999999999645 -0.742206040654732 -0.348755193054238 0.785390488322165 1.41359367236155e-16
0.65799999999964 -0.740140043930701 -0.348736597811587 0.785390488322165 4.24078101708464e-16
0.658999999999636 -0.738087492143514 -0.348720108193366 0.785390488322165 4.24078101708464e-16
0.659999999999631 -0.736049481147514 -0.348706219126556 0.785390488322165 5.65437468944618e-16
0.660999999999627 -0.734027105360235 -0.348695428361199 0.785390488322165 4.24078101708464e-16
0.661999999999622 -0.732021458080546 -0.348688238307388 0.785390488322165 2.82718734472309e-16
0.662999999999617 -0.730033632246029 -0.348685154639012 0.785390488322165 4.24078101708464e-16
0.663999999999613 -0.728064721405424 -0.348686689015298 0.785390488322165 1.41359367236155e-16
0.664999999999608 -0.726115820799917 -0.348693357545249 0.785390488322165 4.24078101708464e-16
0.665999999999604 -0.724188028255423 -0.348705682878989 0.785390488322165 1.41359367236155e-16
0.666999999999599 -0.72228244480814 -0.348724193510845 0.785390488322165 4.24078101708464e-16
0.667999999999595 -0.720400174802574 -0.348749425632918 0.785390488322165 4.24078101708464e-16
0.66899999999959 -0.718542325393607 -0.348781920373117 0.785390488322165 4.24078101708464e-16
0.669999999999586 -0.716710005244094 -0.34882222575177 0.785390488322165 1.41359367236155e-16
0.670999999999581 -0.714904322430135 -0.348870894347572 0.785390488322165 4.24078101708464e-16
0.671999999999576 -0.713126381550762 -0.348928482322865 0.785390488322165 4.24078101708464e-16
0.672999999999572 -0.711377280189032 -0.348995548153872 0.785390488322165 4.24078101708464e-16
0.673999999999567 -0.709658104924006 -0.349072649636302 0.785390488322165 4.24078101708464e-16
0.674999999999563 -0.707969927139294 -0.349160342970243 0.785390488322165 7.06796836180773e-16
0.675999999999558 -0.706313798934822 -0.349259180398574 0.785390488322165 4.24078101708464e-16
0.676999999999554 -0.704690749436974 -0.349369708135144 0.785390488322165 2.82718734472309e-16
0.677999999999549 -0.703101781894787 -0.349492464660514 0.785390488322165 7.06796836180773e-16
0.678999999999545 -0.701547871756226 -0.349627980810768 0.785390488322165 4.24078101708464e-16
0.67999999999954 -0.700029966008202 -0.349776778428575 0.785390488322165 1.41359367236155e-16
0.680999999999536 -0.698548983830033 -0.349939370407558 0.785390488322165 4.24078101708464e-16
0.681999999999531 -0.697105818517763 -0.35011626366758 0.785390488322165 2.82718734472309e-16
0.682999999999526 -0.695701340566398 -0.350307957196158 0.785390488322165 1.41359367236155e-16
0.683999999999522 -0.694336401578772 -0.350514947666674 0.785390488322165 2.82718734472309e-16
0.684999999999517 -0.693011838595151 -0.350737729374763 0.785390488322165 4.24078101708464e-16
0.685999999999513 -0.691728478403943 -0.350976796243327 0.785390488322165 1.41359367236155e-16
0.686999999999508 -0.690487141117412 -0.351232645135195 0.785390488322165 1.41359367236155e-16
0.687999999999504 -0.689288642787222 -0.351505775290486 0.785390488322165 2.82718734472309e-16
0.688999999999499 -0.688133796162202 -0.351796690395254 0.785390488322165 1.41359367236155e-16
0.689999999999495 -0.687023409400133 -0.352105897012859 0.785390488322165 4.24078101708464e-16
0.69099999999949 -0.685958282651988 -0.352433902414953 0.785390488322165 1.41359367236155e-16
0.691999999999485 -0.684939202098795 -0.352781212525029 0.785390488322165 NaN
0.692999999999481 -0.683966931816649 -0.353148326814721 0.785390488322165 1.41359367236155e-16
0.693999999999476 -0.683042203948816 -0.3535357336648 0.785390488322165 1.41359367236155e-16
0.694999999999472 -0.682165707293738 -0.353943904405209 0.785390488322165 1.41359367236155e-16
0.695999999999467 -0.681338076032285 -0.354373287475299 0.785390488322165 1.41359367236155e-16
0.696999999999463 -0.680559878372055 -0.354824301991161 0.785390488322165 1.41359367236155e-16
0.697999999999458 -0.679831606383189 -0.355297332751043 0.785390488322165 4.24078101708464e-16
0.698999999999454 -0.679153668770404 -0.355792726386527 0.785390488322165 2.82718734472309e-16
0.699999999999449 -0.678526386149754 -0.356310788663394 0.785390488322165 1.41359367236155e-16
0.700999999999445 -0.677949989940959 -0.356851783070764 0.785390488322165 1.41359367236155e-16
0.70199999999944 -0.677424625263372 -0.357415931932526 0.785390488322165 2.82718734472309e-16
0.702999999999435 -0.67695035792455 -0.358003421227268 0.785390488322165 4.24078101708464e-16
0.703999999999431 -0.676527184487433 -0.35861440292316 0.785390488322165 1.41359367236155e-16
0.704999999999426 -0.676155045543116 -0.359249003581109 0.785390488322165 2.82718734472309e-16
0.705999999999422 -0.675833841031126 -0.359907330433297 0.785390488322165 1.41359367236155e-16
0.706999999999417 -0.675563445032047 -0.36058947960243 0.785390488322165 4.24078101708464e-16
0.707999999999413 -0.675343720837025 -0.361295542955183 0.785390488322165 1.41359367236155e-16
0.708999999999408 -0.675174533313431 -0.362025614885581 0.785390488322165 4.24078101708464e-16
0.709999999999404 -0.675055757370508 -0.362779795545647 0.785390488322165 1.41359367236155e-16
0.710999999999399 -0.674987281598664 -0.363558193778831 0.785390488322165 2.82718734472309e-16
0.711999999999394 -0.674969005483725 -0.364360924159898 0.785390488322165 1.41359367236155e-16
0.71299999999939 -0.675000831361448 -0.36518810401219 0.785390488322165 1.41359367236155e-16
0.713999999999385 -0.675082648963414 -0.366039843802251 0.785390488322165 1.41359367236155e-16
0.714999999999381 -0.67521431386011 -0.366916236550318 0.785390488322165 1.41359367236155e-16
0.715999999999376 -0.675395621808788 -0.367817343963968 0.785390488322165 2.82718734472309e-16
0.716999999999372 -0.675626277677109 -0.368743180046983 0.785390488322165 1.41359367236155e-16
0.717999999999367 -0.675905864545332 -0.369693694515067 0.785390488322165 1.41359367236155e-16
0.718999999999363 -0.676233810687069 -0.370668753992332 0.785390488322165 1.41359367236155e-16
0.719999999999358 -0.676609360054485 -0.371668128162768 0.785390488322165 1.41359367236155e-16
0.720999999999353 -0.677031546035106 -0.372691473000074 0.785390488322165 4.24078101708464e-16
0.721999999999349 -0.677499172864751 -0.37373832135843 0.785390488322165 2.82718734472309e-16
0.722999999999344 -0.678010802812802 -0.374808075004213 0.785390488322165 1.41359367236155e-16
0.72399999999934 -0.678564754185395 -0.375900002887459 0.785390488322165 1.41359367236155e-16
0.724999999999335 -0.679159108897682 -0.377013244396117 0.785390488322165 1.41359367236155e-16
0.725999999999331 -0.679791729334045 -0.378146816068445 0.785390488322165 4.24078101708464e-16
0.726999999999326 -0.680460287239782 -0.379299627821713 0.785390488322165 1.41359367236155e-16
0.727999999999322 -0.681162299992003 -0.380470500180275 0.785390488322165 2.82718734472309e-16
0.728999999999317 -0.681895174491633 -0.381658187121166 0.785390488322165 1.41359367236155e-16
0.729999999999313 -0.682656258031026 -0.382861402675532 0.785390488322165 2.82718734472309e-16
0.730999999999308 -0.68344289241351 -0.384078849302402 0.785390488322165 4.24078101708464e-16
0.731999999999303 -0.68425247068819 -0.385309248213386 0.785390488322165 1.41359367236155e-16
0.732999999999299 -0.685082493380841 -0.386551369147432 0.785390488322165 2.82718734472309e-16
0.733999999999294 -0.68593062059621 -0.387804058693721 0.785390488322165 5.65437468944618e-16
0.73499999999929 -0.686794718989312 -0.389066265550208 0.785390488322165 4.24078101708464e-16
0.735999999999285 -0.687672903154951 -0.390337064223625 0.785390488322165 2.82718734472309e-16
0.736999999999281 -0.688563569447972 -0.391615672684693 0.785390488322165 5.65437468944618e-16
0.737999999999276 -0.68946541961374 -0.392901467043385 0.785390488322165 1.41359367236155e-16
0.738999999999272 -0.690377474085343 -0.394193990379945 0.785390488322165 4.24078101708464e-16
0.739999999999267 -0.69129907560399 -0.395492953468569 0.785390488322165 4.24078101708464e-16
0.740999999999262 -0.692229883193466 -0.396798235944346 0.785390488322165 4.24078101708464e-16
0.741999999999258 -0.69316985679335 -0.398109876500148 0.785390488322165 1.41359367236155e-16
0.742999999999253 -0.694119233665676 -0.399428062517357 0.785390488322165 2.82718734472309e-16
0.743999999999249 -0.695078497992879 -0.400753114534316 0.785390488322165 2.82718734472309e-16
0.744999999999244 -0.696048345193493 -0.402085467466526 0.785390488322165 4.24078101708464e-16
0.74599999999924 -0.697029642310691 -0.403425649825269 0.785390488322165 2.82718734472309e-16
0.746999999999235 -0.69802338610226 -0.40477426230142 0.785390488322165 2.82718734472309e-16
0.747999999999231 -0.699030660527459 -0.406131953887707 0.785390488322165 1.41359367236155e-16
0.748999999999226 -0.700052595163687 -0.407499400239696 0.785390488322165 2.82718734472309e-16
0.749999999999222 -0.701090325921175 -0.408877281892098 0.785390488322165 1.41359367236155e-16
0.750999999999217 -0.70214495917066 -0.4102662649299 0.785390488322165 4.24078101708464e-16
0.751999999999212 -0.703217540220438 -0.411666982673616 0.785390488322165 4.24078101708464e-16
0.752999999999208 -0.704309026794618 -0.413080022189428 0.785390488322165 2.82718734472309e-16
0.753999999999203 -0.705420267930982 -0.414505911192145 0.785390488322165 4.24078101708464e-16
0.754999999999199 -0.70655198847246 -0.415945108917837 0.785390488322165 4.24078101708464e-16
0.755999999999194 -0.707704779091365 -0.417398001292802 0.785390488322165 4.24078101708464e-16
0.75699999999919 -0.708879091478206 -0.41886489639211 0.785390488322165 1.41359367236155e-16
0.757999999999185 -0.710075238234639 -0.420346024805513 0.785390488322165 4.24078101708464e-16
0.758999999999181 -0.711293396885051 -0.421841541324256 0.785390488322165 4.24078101708464e-16
0.759999999999176 -0.712533617217453 -0.423351528627657 0.785390488322165 5.65437468944618e-16
0.760999999999171 -0.71379583125106 -0.424876002173763 0.785390488322165 4.24078101708464e-16
0.761999999999167 -0.715079864972031 -0.426414917095663 0.785390488322165 4.24078101708464e-16
0.762999999999162 -0.716385451063328 -0.427968174471877 0.785390488322165 4.24078101708464e-16
0.763999999999158 -0.717712241961543 -0.429535629600005 0.785390488322165 2.82718734472309e-16
0.764999999999153 -0.719059822610646 -0.431117097449194 0.785390488322165 4.24078101708464e-16
0.765999999999149 -0.720427722375337 -0.432712361585618 0.785390488322165 7.06796836180773e-16
0.766999999999144 -0.721815425709979 -0.434321177476614 0.785390488322165 5.65437468944618e-16
0.76799999999914 -0.72322238125286 -0.435943280434548 0.785390488322165 4.24078101708464e-16
0.768999999999135 -0.724648009291229 -0.437578387123786 0.785390488322165 1.41359367236155e-16
0.76999999999913 -0.726091707471184 -0.439226201070361 0.785390488322165 4.24078101708464e-16
0.770999999999126 -0.727552854874451 -0.440886413122996 0.785390488322165 2.82718734472309e-16
0.771999999999121 -0.729030814549965 -0.442558704358559 0.785390488322165 5.65437468944618e-16
0.772999999999117 -0.730524934740352 -0.444242745164752 0.785390488322165 4.24078101708464e-16
0.773999999999112 -0.732034548998561 -0.445938195958483 0.785390488322165 4.24078101708464e-16
0.774999999999108 -0.73355897549715 -0.447644706514546 0.785390488322165 4.24078101708464e-16
0.775999999999103 -0.735097515789249 -0.44936191449289 0.785390488322165 4.24078101708464e-16
0.776999999999099 -0.736649453338408 -0.451089444974283 0.785390488322165 4.24078101708464e-16
0.777999999999094 -0.73821405201398 -0.452826908324143 0.785390488322165 1.41359367236155e-16
0.77899999999909 -0.739790554543298 -0.454573899720391 0.785390488322165 4.24078101708464e-16
0.779999999999085 -0.741378181661872 -0.456329998267053 0.785390488322165 2.82718734472309e-16
0.78099999999908 -0.742976131730632 -0.458094765881976 0.785390488322165 1.41359367236155e-16
0.781999999999076 -0.744583578773891 -0.459867746578301 0.785390488322165 5.65437468944618e-16
0.782999999999071 -0.746199675479673 -0.461648467486164 0.785390488322165 4.24078101708464e-16
0.783999999999067 -0.747823552795765 -0.463436437914695 0.785390488322165 4.24078101708464e-16
0.784999999999062 -0.749454320153488 -0.465231150341454 0.785390488322165 1.41359367236155e-16
0.785999999999058 -0.751091067452613 -0.467032080612785 0.785390488322165 1.41359367236155e-16
0.786999999999053 -0.752732867589891 -0.468838689062093 0.785390488322165 1.41359367236155e-16
0.787999999999049 -0.754378778437232 -0.47065042282591 0.785390488322165 4.24078101708464e-16
0.788999999999044 -0.756027843376833 -0.472466714562804 0.785390488322165 4.24078101708464e-16
0.789999999999039 -0.757679093832326 -0.474286984937233 0.785390488322165 5.65437468944618e-16
0.790999999999035 -0.759331551173403 -0.476110643447637 0.785390488322165 1.41359367236155e-16
0.79199999999903 -0.76098422779873 -0.477937088829723 0.785390488322165 4.24078101708464e-16
0.792999999999026 -0.762636128955641 -0.479765710995849 0.785390488322165 2.82718734472309e-16
0.793999999999021 -0.764286253400051 -0.481595890155194 0.785390488322165 4.24078101708464e-16
0.794999999999017 -0.765933592301721 -0.48342699799427 0.785390488322165 4.24078101708464e-16
0.795999999999012 -0.76757713079143 -0.485258396873109 0.785390488322165 2.82718734472309e-16
0.796999999999008 -0.769215852652097 -0.487089444151634 0.785390488322165 4.24078101708464e-16
0.797999999999003 -0.770848735777266 -0.488919487826497 0.785390488322165 5.65437468944618e-16
0.798999999998999 -0.77247474947848 -0.490747867616914 0.785390488322165 5.65437468944618e-16
0.799999999998994 -0.774092857653617 -0.492573915378188 0.785390488322165 5.65437468944618e-16
0.800999999998989 -0.775702022626088 -0.494396956419108 0.785390488322165 4.24078101708464e-16
0.801999999998985 -0.777301204432582 -0.496216310651588 0.785390488322165 5.65437468944618e-16
0.80299999999898 -0.778889356548364 -0.498031289414925 0.785390488322165 5.65437468944618e-16
0.803999999998976 -0.780465426321491 -0.499841197236796 0.785390488322165 4.24078101708464e-16
0.804999999998971 -0.78202835914502 -0.501645332034942 0.785390488322165 4.24078101708464e-16
0.805999999998967 -0.783577100341823 -0.503442988019028 0.785390488322165 2.82718734472309e-16
0.806999999998962 -0.785110595322456 -0.505233454494935 0.785390488322165 1.41359367236155e-16
0.807999999998958 -0.786627788647415 -0.507016016143563 0.785390488322165 1.41359367236155e-16
0.808999999998953 -0.788127623739197 -0.508789953432988 0.785390488322165 4.24078101708464e-16
0.809999999998948 -0.789609042956844 -0.510554542069315 0.785390488322165 4.24078101708464e-16
0.810999999998944 -0.791070989283574 -0.512309054960525 0.785390488322165 5.65437468944618e-16
0.811999999998939 -0.792512407905523 -0.514052760543981 0.785390488322165 7.06796836180773e-16
0.812999999998935 -0.793932246382706 -0.515784927563843 0.785390488322165 4.24078101708464e-16
0.81399999999893 -0.795329454412224 -0.517504820472224 0.785390488322165 5.65437468944618e-16
0.814999999998926 -0.796702983676905 -0.519211702045657 0.785390488322165 4.24078101708464e-16
0.815999999998921 -0.798051787568234 -0.520904832516347 0.785390488322165 5.65437468944618e-16
0.816999999998917 -0.799374821796727 -0.522583471650467 0.785390488322165 4.24078101708464e-16
0.817999999998912 -0.800671046029617 -0.524246876831041 0.785390488322165 7.06796836180773e-16
0.818999999998907 -0.801939425770378 -0.525894307678941 0.785390488322165 4.24078101708464e-16
0.819999999998903 -0.803178933330603 -0.527525023693345 0.785390488322165 2.82718734472309e-16
0.820999999998898 -0.804388549175577 -0.529138287860025 0.785390488322165 4.24078101708464e-16
0.821999999998894 -0.805567263217448 -0.530733365105679 0.785390488322165 4.24078101708464e-16
0.822999999998889 -0.806714076501207 -0.532309525958722 0.785390488322165 4.24078101708464e-16
0.823999999998885 -0.807828003198793 -0.533866046390626 0.785390488322165 2.82718734472309e-16
0.82499999999888 -0.808908072057857 -0.535402208443456 0.785390488322165 1.41359367236155e-16
0.825999999998876 -0.809953327590556 -0.536917302710787 0.785390488322165 4.24078101708464e-16
0.826999999998871 -0.810962830698958 -0.53841062737671 0.785390488322165 5.65437468944618e-16
0.827999999998867 -0.811935658860879 -0.539881488964118 0.785390488322165 2.82718734472309e-16
0.828999999998862 -0.812870905805859 -0.541329203149369 0.785390488322165 4.24078101708464e-16
0.829999999998857 -0.813767681092237 -0.542753093114747 0.785390488322165 4.24078101708464e-16
0.830999999998853 -0.814625109467023 -0.54415249067786 0.785390488322165 4.24078101708464e-16
0.831999999998848 -0.815442330312042 -0.545526735962188 0.785390488322165 1.41359367236155e-16
0.832999999998844 -0.816218497337374 -0.546875176645138 0.785390488322165 7.06796836180773e-16
0.833999999998839 -0.816952778455924 -0.548197169366722 0.785390488322165 4.24078101708464e-16
0.834999999998835 -0.817644356166547 -0.549492079196078 0.785390488322165 4.24078101708464e-16
0.83599999999883 -0.818292428631043 -0.550759281118005 0.785390488322165 1.41359367236155e-16
0.836999999998826 -0.818896211392961 -0.551998160475614 0.785390488322165 7.06796836180773e-16
0.837999999998821 -0.819454939744759 -0.553208115785178 0.785390488322165 4.24078101708464e-16
0.838999999998816 -0.819967871601712 -0.554388559682721 0.785390488322165 7.06796836180773e-16
0.839999999998812 -0.820434290630924 -0.555538921094252 0.785390488322165 7.06796836180773e-16
0.840999999998807 -0.820853509428591 -0.556658647955349 0.785390488322165 1.41359367236155e-16
0.841999999998803 -0.821224872512179 -0.557747208035645 0.785390488322165 2.82718734472309e-16
0.842999999998798 -0.82154775879375 -0.558804091767408 0.785390488322165 2.82718734472309e-16
0.843999999998794 -0.821821583484962 -0.559828811998413 0.785390488322165 4.24078101708464e-16
0.844999999998789 -0.822045799102689 -0.560820905997844 0.785390488322165 2.82718734472309e-16
0.845999999998785 -0.822219895613081 -0.561779934807198 0.785390488322165 1.41359367236155e-16
0.84699999999878 -0.82234339972115 -0.562705483218084 0.785390488322165 1.41359367236155e-16
0.847999999998776 -0.822415873414549 -0.563597159285262 0.785390488322165 2.82718734472309e-16
0.848999999998771 -0.822436912197066 -0.564454592610879 0.785390488322165 7.06796836180773e-16
0.849999999998766 -0.822406142970829 -0.565277434092858 0.785390488322165 4.24078101708464e-16
0.850999999998762 -0.822323222033772 -0.566065354792888 0.785390488322165 4.24078101708464e-16
0.851999999998757 -0.822187833468439 -0.56681804438967 0.785390488322165 2.82718734472309e-16
0.852999999998753 -0.821999688303151 -0.567535212396656 0.785390488322165 4.24078101708464e-16
0.853999999998748 -0.82175852483487 -0.568216587782958 0.785390488322165 1.41359367236155e-16
0.854999999998744 -0.821464109566731 -0.568861919355934 0.785390488322165 4.24078101708464e-16
0.855999999998739 -0.821116239492355 -0.569470979081542 0.785390488322165 1.41359367236155e-16
0.856999999998735 -0.820714745334763 -0.570043561734275 0.785390488322165 4.24078101708464e-16
0.85799999999873 -0.820259495372348 -0.570579490129234 0.785390488322165 4.24078101708464e-16
0.858999999998725 -0.819750399777924 -0.571078614668313 0.785390488322165 4.24078101708464e-16
0.859999999998721 -0.8191874151715 -0.571540818676878 0.785390488322165 2.82718734472309e-16
0.860999999998716 -0.818570548566798 -0.571966019009537 0.785390488322165 4.24078101708464e-16
0.861999999998712 -0.817899861153698 -0.572354168647051 0.785390488322165 1.41359367236155e-16
0.862999999998707 -0.817175470999738 -0.572705257633634 0.785390488322165 2.82718734472309e-16
0.863999999998703 -0.81639755459635 -0.573019314476591 0.785390488322165 1.41359367236155e-16
0.864999999998698 -0.815566347108486 -0.573296404878002 0.785390488322165 1.41359367236155e-16
0.865999999998694 -0.814682142191483 -0.573536632192795 0.785390488322165 1.41359367236155e-16
0.866999999998689 -0.813745290375195 -0.573740135714656 0.785390488322165 NaN
0.867999999998684 -0.81275619626882 -0.573907089297714 0.785390488322165 4.24078101708464e-16
0.86899999999868 -0.81171531600704 -0.574037699574776 0.785390488322165 1.41359367236155e-16
0.869999999998675 -0.810623153827247 -0.574132203940671 0.785390488322165 1.41359367236155e-16
0.870999999998671 -0.809480259325881 -0.574190870024916 0.785390488322165 1.41359367236155e-16
0.871999999998666 -0.808287224351545 -0.574213992079159 0.785390488322165 2.82718734472309e-16
0.872999999998662 -0.807044681488502 -0.574201893362959 0.785390488322165 1.41359367236155e-16
0.873999999998657 -0.805753302120099 -0.57415492314008 0.785390488322165 1.41359367236155e-16
0.874999999998653 -0.804413795701349 -0.574073457087101 0.785390488322165 1.41359367236155e-16
0.875999999998648 -0.803026909768036 -0.573957898039785 0.785390488322165 1.41359367236155e-16
0.876999999998644 -0.801593430845447 -0.573808676986882 0.785390488322165 1.41359367236155e-16
0.877999999998639 -0.800114185055879 -0.573626252755977 0.785390488322165 1.41359367236155e-16
0.878999999998634 -0.798590039359382 -0.573411112451474 0.785390488322165 1.41359367236155e-16
0.87999999999863 -0.797021903123458 -0.573163772678718 0.785390488322165 2.82718734472309e-16
0.880999999998625 -0.795410729481835 -0.572884779200548 0.785390488322165 1.41359367236155e-16
0.881999999998621 -0.793757516278799 -0.572574706760829 0.785390488322165 1.41359367236155e-16
0.882999999998616 -0.792063307594848 -0.572234159555332 0.785390488322165 NaN
0.883999999998612 -0.790329195095943 -0.57186377071393 0.785390488322165 1.41359367236155e-16
0.884999999998607 -0.788556317793546 -0.571464201485822 0.785390488322165 1.41359367236155e-16
0.885999999998603 -0.78674586348696 -0.57103614119138 0.785390488322165 1.41359367236155e-16
0.886999999998598 -0.784899070134115 -0.570580307555916 0.785390488322165 2.82718734472309e-16
0.887999999998593 -0.783017226580448 -0.570097447719069 0.785390488322165 1.41359367236155e-16
0.888999999998589 -0.781101672552303 -0.569588336780585 0.785390488322165 1.41359367236155e-16
0.889999999998584 -0.779153798786423 -0.569053779417128 0.785390488322165 1.41359367236155e-16
0.89099999999858 -0.777175046876685 -0.568494611564567 0.785390488322165 2.82718734472309e-16
0.891999999998575 -0.775166909844469 -0.567911700867697 0.785390488322165 1.41359367236155e-16
0.892999999998571 -0.773130929203871 -0.56730594555165 0.785390488322165 1.41359367236155e-16
0.893999999998566 -0.771068689076355 -0.566678275666952 0.785390488322165 1.41359367236155e-16
0.894999999998562 -0.76898180978985 -0.566029648437507 0.785390488322165 2.82718734472309e-16
0.895999999998557 -0.766871938716825 -0.56536104752322 0.785390488322165 2.82718734472309e-16
0.896999999998553 -0.764740739163525 -0.564673476694475 0.785390488322165 4.24078101708464e-16
0.897999999998548 -0.762589876859062 -0.563967952663564 0.785390488322165 NaN
0.898999999998543 -0.760420998945641 -0.563245495837917 0.785390488322165 4.24078101708464e-16
0.899999999998539 -0.75823571158735 -0.562507116707256 0.785390488322165 1.41359367236155e-16
0.900999999998534 -0.756035559594743 -0.561753803897078 0.785390488322165 1.41359367236155e-16
0.90199999999853 -0.753821999917291 -0.560986508426598 0.785390488322165 2.82718734472309e-16
0.902999999998525 -0.751596375702025 -0.560206127230364 0.785390488322165 4.24078101708464e-16
0.903999999998521 -0.749359893189073 -0.559413488216432 0.785390488322165 2.82718734472309e-16
0.904999999998516 -0.747113598490888 -0.558609332894312 0.785390488322165 1.41359367236155e-16
0.905999999998512 -0.744858355419273 -0.557794302296212 0.785390488322165 4.24078101708464e-16
0.906999999998507 -0.742594830108917 -0.556968924946251 0.785390488322165 4.24078101708464e-16
0.907999999998502 -0.740323479673657 -0.556133606296664 0.785390488322165 1.41359367236155e-16
0.908999999998498 -0.738044549934394 -0.555288625800177 0.785390488322165 4.24078101708464e-16
0.909999999998493 -0.735758075867235 -0.554434132035142 0.785390488322165 4.24078101708464e-16
0.910999999998489 -0.733463888701657 -0.553570147855245 0.785390488322165 4.24078101708464e-16
0.911999999998484 -0.731161632948261 -0.552696576177361 0.785390488322165 1.41359367236155e-16
0.91299999999848 -0.728850785680578 -0.551813211278155 0.785390488322165 4.24078101708464e-16
0.913999999998475 -0.726530689069985 -0.550919755593194 0.785390488322165 1.41359367236155e-16
0.914999999998471 -0.724200580481188 -0.550015838385175 0.785390488322165 1.41359367236155e-16
0.915999999998466 -0.721859623857474 -0.549101034862273 0.785390488322165 4.24078101708464e-16
0.916999999998461 -0.719506949579289 -0.548174890605599 0.785390488322165 2.82718734472309e-16
0.917999999998457 -0.717141691951866 -0.547236943958435 0.785390488322165 2.82718734472309e-16
0.918999999998452 -0.714763023215429 -0.546286749871959 0.785390488322165 4.24078101708464e-16
0.919999999998448 -0.712370187471674 -0.545323900602034 0.785390488322165 1.41359367236155e-16
0.920999999998443 -0.709962531026143 -0.544348045120595 0.785390488322165 2.82718734472309e-16
0.921999999998439 -0.707539526159985 -0.543358907645162 0.785390488322165 4.24078101708464e-16
0.922999999998434 -0.705100789156369 -0.542356298080803 0.785390488322165 1.41359367236155e-16
0.92399999999843 -0.702646093073295 -0.541340122571409 0.785390488322165 2.82718734472309e-16
0.924999999998425 -0.700175374610218 -0.540310388671745 0.785390488322165 5.65437468944618e-16
0.925999999998421 -0.697688734540794 -0.539267207513735 0.785390488322165 5.65437468944618e-16
0.926999999998416 -0.695186432621242 -0.53821079020927 0.785390488322165 4.24078101708464e-16
0.927999999998411 -0.692668877906568 -0.537141444247693 0.785390488322165 1.41359367236155e-16
0.928999999998407 -0.690136615196856 -0.53605956353563 0.785390488322165 4.24078101708464e-16
0.929999999998402 -0.687590308288275 -0.534965620604432 0.785390488322165 1.41359367236155e-16
0.930999999998398 -0.685030721372627 -0.533860152807327 0.785390488322165 4.24078101708464e-16
0.931999999998393 -0.682458699673958 -0.532743751524913 0.785390488322165 4.24078101708464e-16
0.932999999998389 -0.679875150213293 -0.53161704959774 0.785390488322165 NaN
0.933999999998384 -0.677281023428169 -0.530480708244623 0.785390488322165 1.41359367236155e-16
0.93499999999838 -0.674677296343939 -0.529335408298492 0.785390488322165 1.41359367236155e-16
0.935999999998375 -0.672064957994522 -0.528181838516208 0.785390488322165 4.24078101708464e-16
0.93699999999837 -0.669444997429425 -0.52702068871033 0.785390488322165 NaN
0.937999999998366 -0.666818394436191 -0.525852642626317 0.785390488322165 1.41359367236155e-16
0.938999999998361 -0.664186112841008 -0.524678374721852 0.785390488322165 1.41359367236155e-16
0.939999999998357 -0.661549096320147 -0.523498545988572 0.785390488322165 1.41359367236155e-16
0.940999999998352 -0.658908266558591 -0.522313802890361 0.785390488322165 1.41359367236155e-16
0.941999999998348 -0.656264523309929 -0.52112477737024 0.785390488322165 2.82718734472309e-16
0.942999999998343 -0.653618746005469 -0.519932088164019 0.785390488322165 4.24078101708464e-16
0.943999999998339 -0.650971796328729 -0.518736341065594 0.785390488322165 1.41359367236155e-16
0.944999999998334 -0.648324521485941 -0.517538132803056 0.785390488322165 1.41359367236155e-16
0.94599999999833 -0.645677757642334 -0.516338052529866 0.785390488322165 1.41359367236155e-16
0.946999999998325 -0.643032333356832 -0.515136682757927 0.785390488322165 5.65437468944618e-16
0.94799999999832 -0.640389072520188 -0.513934604112555 0.785390488322165 1.41359367236155e-16
0.948999999998316 -0.637748796790278 -0.512732393736872 0.785390488322165 4.24078101708464e-16
0.949999999998311 -0.635112327250907 -0.511530628859298 0.785390488322165 4.24078101708464e-16
0.950999999998307 -0.632480485385583 -0.510329886320273 0.785390488322165 4.24078101708464e-16
0.951999999998302 -0.629854093338592 -0.509130742769131 0.785390488322165 2.82718734472309e-16
0.952999999998298 -0.627233973522101 -0.507933774364103 0.785390488322165 1.41359367236155e-16
0.953999999998293 -0.624620947670728 -0.506739557075781 0.785390488322165 4.24078101708464e-16
0.954999999998289 -0.622015835477963 -0.505548663707527 0.785390488322165 4.24078101708464e-16
0.955999999998284 -0.619419452966948 -0.504361665307046 0.785390488322165 4.24078101708464e-16
0.956999999998279 -0.616832610740968 -0.503179128098546 0.785390488322165 7.06796836180773e-16
0.957999999998275 -0.61425611228853 -0.50200161303229 0.785390488322165 1.41359367236155e-16
0.95899999999827 -0.611690752389292 -0.500829674767365 0.785390488322165 1.41359367236155e-16
0.959999999998266 -0.609137315764828 -0.499663860479755 0.785390488322165 2.82718734472309e-16
0.960999999998261 -0.606596576021285 -0.498504709973481 0.785390488322165 4.24078101708464e-16
0.961999999998257 -0.604069294864289 -0.497352754367904 0.785390488322165 2.82718734472309e-16
0.962999999998252 -0.601556221670286 -0.49620851627791 0.785390488322165 2.82718734472309e-16
0.963999999998248 -0.599058093342874 -0.495072509641933 0.785390488322165 7.06796836180773e-16
0.964999999998243 -0.596575634509362 -0.493945240296716 0.785390488322165 1.41359367236155e-16
0.965999999998238 -0.594109557977193 -0.492827206090338 0.785390488322165 1.41359367236155e-16
0.966999999998234 -0.591660565351713 -0.491718897547521 0.785390488322165 2.82718734472309e-16
0.967999999998229 -0.589229347851459 -0.490620798477883 0.785390488322165 4.24078101708464e-16
0.968999999998225 -0.586816587168409 -0.48953338685542 0.785390488322165 1.41359367236155e-16
0.96999999999822 -0.584422956365291 -0.488457136073379 0.785390488322165 4.24078101708464e-16
0.970999999998216 -0.582049120750892 -0.487392514082744 0.785390488322165 7.06796836180773e-16
0.971999999998211 -0.579695738652209 -0.486339986506509 0.785390488322165 1.41359367236155e-16
0.972999999998207 -0.577363462088925 -0.485300015202991 0.785390488322165 4.24078101708464e-16
0.973999999998202 -0.575052937222283 -0.484273059534351 0.785390488322165 1.41359367236155e-16
0.974999999998198 -0.572764804588617 -0.483259577171923 0.785390488322165 1.41359367236155e-16
0.975999999998193 -0.570499699018701 -0.482260023147761 0.785390488322165 4.24078101708464e-16
0.976999999998188 -0.568258249233809 -0.481274851029371 0.785390488322165 2.82718734472309e-16
0.977999999998184 -0.56604107706333 -0.480304510740622 0.785390488322165 4.24078101708464e-16
0.978999999998179 -0.563848796365296 -0.479349449190444 0.785390488322165 4.24078101708464e-16
0.979999999998175 -0.561682011571996 -0.478410109209587 0.785390488322165 1.41359367236155e-16
0.98099999999817 -0.559541316009922 -0.477486928068027 0.785390488322165 2.82718734472309e-16
0.981999999998166 -0.557427289967478 -0.476580336171416 0.785390488322165 2.82718734472309e-16
0.982999999998161 -0.555340498651811 -0.475690755865244 0.785390488322165 1.41359367236155e-16
0.983999999998157 -0.553281490164251 -0.474818599058311 0.785390488322165 5.65437468944618e-16
0.984999999998152 -0.551250793502827 -0.473964267710659 0.785390488322165 4.24078101708464e-16
0.985999999998147 -0.549248916825928 -0.47312815052218 0.785390488322165 4.24078101708464e-16
0.986999999998143 -0.547276345938791 -0.472310623367388 0.785390488322165 4.24078101708464e-16
0.987999999998138 -0.545333543139952 -0.471512047762799 0.785390488322165 4.24078101708464e-16
0.988999999998134 -0.543420946397749 -0.470732770506913 0.785390488322165 1.41359367236155e-16
0.989999999998129 -0.54153896892185 -0.46997312301097 0.785390488322165 4.24078101708464e-16
0.990999999998125 -0.539687998921929 -0.469233422141768 0.785390488322165 2.82718734472309e-16
0.99199999999812 -0.537868399696565 -0.468513969245798 0.785390488322165 4.24078101708464e-16
0.992999999998116 -0.536080509737538 -0.467815051581956 0.785390488322165 1.41359367236155e-16
0.993999999998111 -0.534324642884238 -0.467136940456147 0.785390488322165 4.24078101708464e-16
0.994999999998107 -0.532601088289969 -0.466479893462685 0.785390488322165 4.24078101708464e-16
0.995999999998102 -0.530910110184585 -0.46584415375961 0.785390488322165 4.24078101708464e-16
0.996999999998097 -0.529251947315188 -0.465229948314434 0.785390488322165 4.24078101708464e-16
0.997999999998093 -0.527626812057445 -0.464637489413789 0.785390488322165 4.24078101708464e-16
0.998999999998088 -0.526034889220288 -0.464066971915955 0.785390488322165 4.24078101708464e-16
0.999999999998084 -0.524476334594489 -0.463518573106766 0.785390488322165 4.24078101708464e-16
0.999999999998084 -0.524476334594489 -0.463518573106766 0.785390488322165 4.24078101708464e-16
