"Time, Y-Force, Work integrand, Mass, Mass error"
1e-05 -2.35846105023594e-10 -9.02040764498567e-11 0.784549965727208 NaN
0.001 -1.18468498637557e-05 -8.55291612316983e-11 0.784549965727208 NaN
0.002 -5.68115622135918e-05 -5.19362293450426e-10 0.784549965727208 NaN
0.003 -0.000136161804105306 -3.05151979466428e-09 0.784549965727208 NaN
0.004 -0.000244069385005016 -9.62128103651647e-09 0.784549965727208 NaN
0.005 -0.000374943412586771 -2.25403976468717e-08 0.784549965727208 NaN
0.006 -0.000526352262867335 -4.47489547087949e-08 0.784549965727208 NaN
0.007 -0.000698885933652727 -7.9206251062589e-08 0.784549965727208 NaN
0.008 -0.000894693672775302 -1.30120067420654e-07 0.784549965727208 NaN
0.009 -0.00111605306866891 -2.02973423440268e-07 0.784549965727208 NaN
0.01 -0.00136456402701004 -3.01683340232742e-07 0.784549965727208 NaN
0.011 -0.00164096740952904 -4.32619914953834e-07 0.784549965727208 NaN
0.012 -0.00194533276746242 -6.02703849061855e-07 0.784549965727208 NaN
0.013 -0.00227735918184456 -8.18476951310465e-07 0.784549965727208 NaN
0.014 -0.00263663473651319 -1.08681679414672e-06 0.784549965727208 NaN
0.015 -0.00302279893053253 -1.41543205657136e-06 0.784549965727208 NaN
0.016 -0.0034356138583193 -1.81279975443121e-06 0.784549965727208 NaN
0.017 -0.00387497151860322 -2.28908461145486e-06 0.784549965727208 NaN
0.018 -0.0043408680981886 -2.85172776597324e-06 0.784549965727208 NaN
0.019 -0.0048333663216119 -3.51165973399295e-06 0.784549965727208 NaN
0.02 -0.00535256035289068 -4.2790832724305e-06 0.784549965727208 NaN
0.021 -0.00589854929597617 -5.16564809805524e-06 0.784549965727208 NaN
0.022 -0.00647142047289734 -6.18191332672672e-06 0.784549965727208 NaN
0.023 -0.00707124212598856 -7.34079210941091e-06 0.784549965727208 NaN
0.024 -0.00769806275690307 -8.6551444896642e-06 0.784549965727208 NaN
0.025 -0.0083519154194898 -1.01373145450378e-05 0.784549965727208 NaN
0.026 -0.00903282463759615 -1.18012709456667e-05 0.784549965727208 NaN
0.027 -0.00974081414137618 -1.3660640221473e-05 0.784549965727208 NaN
0.028 -0.0104759134423645 -1.57314236678523e-05 0.784549965727208 NaN
0.029 -0.0112381622472773 -1.80276084910194e-05 0.784549965727208 NaN
0.03 -0.0120276117072509 -2.05644902244399e-05 0.784549965727207 NaN
0.031 -0.0128443228735423 -2.33602970579572e-05 0.784549965727207 NaN
0.032 -0.0136883627109456 -2.64298287819396e-05 0.784549965727207 NaN
0.033 -0.0145597995367068 -2.97914469372207e-05 0.784549965727207 NaN
0.034 -0.0154586984293609 -3.34625206451802e-05 0.784549965727207 NaN
0.035 -0.0163851183037859 -3.74623916783914e-05 0.784549965727207 NaN
0.036 -0.0173391108773134 -4.18085477839913e-05 0.784549965727207 NaN
0.037 -0.0183207215281682 -4.65212895020199e-05 0.784549965727207 NaN
0.038 -0.0193299916661093 -5.16198793204771e-05 0.784549965727207 NaN
0.039 -0.0203669615952754 -5.7124654741925e-05 0.784549965727207 NaN
0.04 -0.0214316734005068 -6.30572085508338e-05 0.784549965727207 NaN
0.041 -0.0225241726913854 -6.94392901762235e-05 0.784549965727207 NaN
0.042 -0.0236445092175549 -7.62910407604823e-05 0.784549965727207 NaN
0.043 -0.0247927360259118 -8.36359480727327e-05 0.784549965727207 NaN
0.044 -0.0259689073560451 -9.14971185108829e-05 0.784549965727207 NaN
0.045 -0.027173075985791 -9.98973051094578e-05 0.784549965727207 NaN
0.046 -0.0284052901668074 -0.000108861607308347 0.784549965727207 NaN
0.047 -0.0296655910852599 -0.000118413367177118 0.784549965727207 NaN
0.048 -0.0309540110662714 -0.000128578048063274 0.784549965727207 NaN
0.049 -0.0322705728755152 -0.000139380674316869 0.784549965727207 NaN
0.05 -0.0336152902975752 -0.000150847700747305 0.784549965727207 NaN
0.051 -0.0349881699953824 -0.00016300413962434 0.784549965727207 NaN
0.052 -0.0363892140985504 -0.000175877871165562 0.784549965727207 NaN
0.053 -0.0378184236520472 -0.000189495918950133 0.784549965727207 NaN
0.054 -0.0392758020901909 -0.000203884928378877 0.784549965727207 NaN
0.055 -0.0407613586780602 -0.000219074514608056 0.784549965727207 NaN
0.056 -0.0422751110465884 -0.00023509252232055 0.784549965727207 NaN
0.057 -0.0438170870033949 -0.000251967014028306 0.784549965727207 NaN
0.058 -0.0453873250578435 -0.000269729731248401 0.784549965727207 NaN
0.059 -0.0469858737173431 -0.000288409807143741 0.784549965727207 NaN
0.06 -0.0486127895458213 -0.000308038013739188 0.784549965727207 NaN
0.061 -0.0502681340484972 -0.000328645740445137 0.784549965727207 NaN
0.062 -0.0519519699770097 -0.00035026413239005 0.784549965727207 NaN
0.063 -0.0536643568284662 -0.000372926638882791 0.784549965727207 NaN
0.064 -0.0554053464257623 -0.000396663638437275 0.784549965727207 NaN
0.065 -0.0571749786564629 -0.000421510965649091 0.784549965727207 NaN
0.066 -0.0589732777583646 -0.000447499976286935 0.784549965727206 NaN
0.067 -0.0608002494655653 -0.000474665201183261 0.784549965727207 NaN
0.068 -0.0626558791277125 -0.000503040887378076 0.784549965727206 NaN
0.069 -0.0645401313006601 -0.00053266071388321 0.784549965727206 NaN
0.07 -0.06645295008932 -0.000563559856712327 0.784549965727207 NaN
0.071 -0.0683942610311586 -0.000595772922612491 0.784549965727207 NaN
0.072 -0.0703639739482296 -0.000629335491989171 0.784549965727207 NaN
0.073 -0.0723619865681728 -0.00066428128070999 0.784549965727207 NaN
0.074 -0.0743881887432519 -0.000700648483023828 0.784549965727207 NaN
0.075 -0.076442467118941 -0.000738471294203829 0.784549965727207 NaN
0.076 -0.0785247099307721 -0.000777786508441979 0.784549965727207 NaN
0.077 -0.080634811418947 -0.000818630925988091 0.784549965727207 NaN
0.078 -0.0827726760472428 -0.0008610408345219 0.784549965727207 NaN
0.079 -0.0849382219676809 -0.000905054014876758 0.784549965727207 NaN
0.08 -0.0871313839610049 -0.000950708994032276 0.784549965727207 NaN
0.081 -0.0893521150138618 -0.000998042807723113 0.784549965727207 NaN
0.082 -0.0916003876706507 -0.00104709521082249 0.784549965727207 NaN
0.083 -0.0938761937259399 -0.00109790527053991 0.784549965727207 NaN
0.084 -0.0961795435780986 -0.00115051352076309 0.784549965727207 NaN
0.085 -0.0985104643146455 -0.00120495962716113 0.784549965727207 NaN
0.086 -0.100868997462147 -0.00126128407837283 0.784549965727207 NaN
0.087 -0.103255195631474 -0.00131952927779917 0.784549965727207 NaN
0.088 -0.105669119129197 -0.00137973707877022 0.784549965727207 NaN
0.089 -0.108110831848379 -0.00144194964598971 0.784549965727207 NaN
0.09 -0.110580397191306 -0.00150620911143403 0.784549965727207 NaN
0.091 -0.11307787372928 -0.00157255950596811 0.784549965727207 NaN
0.092 -0.11560331096778 -0.00164104366772687 0.784549965727207 NaN
0.093 -0.118156745376131 -0.00171170604662217 0.784549965727206 NaN
0.094 -0.120738196492579 -0.00178458915750304 0.784549965727207 NaN
0.095 -0.123347663502144 -0.00185973842807097 0.784549965727207 NaN
0.096 -0.125985122300777 -0.00193719728835935 0.784549965727207 NaN
0.097 -0.128650522891637 -0.00201700971637855 0.784549965727207 NaN
0.098 -0.131343787434798 -0.00209921919791611 0.784549965727207 NaN
0.099 -0.134064808764849 -0.00218386969517031 0.784549965727207 NaN
0.1 -0.136813449581799 -0.00227100518285409 0.784549965727207 NaN
0.101 -0.139589542079302 -0.00236066955698558 0.784549965727206 NaN
0.102 -0.142392888243153 -0.00245290505510474 0.784549965727206 NaN
0.103 -0.145223260666506 -0.0025477547025626 0.784549965727206 NaN
0.104 -0.148080403721615 -0.00264526147458426 0.784549965727206 NaN
0.105 -0.150964035510981 -0.00274546696547846 0.784549965727206 NaN
0.106 -0.153873849887052 -0.00284841257687722 0.784549965727207 NaN
0.107 -0.156809519226717 -0.00295414077586761 0.784549965727207 NaN
0.108 -0.159770697257117 -0.003062691596505 0.784549965727207 NaN
0.109 -0.162757022412144 -0.00317410611651042 0.784549965727207 NaN
0.11 -0.16576812127252 -0.00328842475007311 0.784549965727207 NaN
0.111 -0.168803612266098 -0.00340568696841203 0.784549965727206 NaN
0.112 -0.171863109601936 -0.00352593281198201 0.784549965727207 NaN
0.113 -0.174946227147412 -0.00364920179465646 0.784549965727207 NaN
0.114 -0.178052582574577 -0.00377553296759744 0.784549965727206 NaN
0.115 -0.181181801078582 -0.00390496568172424 0.784549965727206 NaN
0.116 -0.184333519590594 -0.00403753840183227 0.784549965727206 NaN
0.117 -0.187507390242486 -0.00417329134716438 0.784549965727206 NaN
0.118 -0.190703083959594 -0.00431226278637998 0.784549965727206 NaN
0.119 -0.193920293715055 -0.00445449310725893 0.784549965727206 NaN
0.12 -0.197158737171796 -0.00460002019497479 0.784549965727206 NaN
0.121 -0.200418159166379 -0.00474888582391756 0.784549965727206 NaN
0.122 -0.203698333486502 -0.00490112967558127 0.784549965727206 NaN
0.123 -0.206999064138006 -0.00505679220810762 0.784549965727206 NaN
0.124 -0.210320185899988 -0.0052159144824877 0.784549965727206 NaN
0.125 -0.213661564316594 -0.00537853893418738 0.784549965727206 NaN
0.126 -0.217023094916237 -0.00554470767272499 0.784549965727206 NaN
0.127 -0.220404701685487 -0.00571446339184245 0.784549965727206 NaN
0.128 -0.223806335007037 -0.00588785044760361 0.784549965727206 NaN
0.129 -0.227227968554612 -0.0060649112505822 0.784549965727206 NaN
0.13 -0.230669596014357 -0.0062456923274491 0.784549965727206 NaN
0.131 -0.234131226767395 -0.00643023748243784 0.784549965727206 NaN
0.132 -0.237612881237864 -0.00661859185729446 0.784549965727206 NaN
0.133 -0.241114585644893 -0.00681080219766895 0.784549965727206 NaN
0.134 -0.24463636656295 -0.00700691347798155 0.784549965727206 NaN
0.135 -0.248178244797831 -0.00720697189235426 0.784549965727207 NaN
0.136 -0.251740229351808 -0.0074110224148535 0.784549965727207 NaN
0.137 -0.255322311109164 -0.00761911083369876 0.784549965727207 NaN
0.138 -0.258924456396945 -0.00783128270647866 0.784549965727207 NaN
0.139 -0.262546600548099 -0.00804758059912049 0.784549965727207 NaN
0.14 -0.266188641744484 -0.00826804797205353 0.784549965727207 NaN
0.141 -0.26985043480961 -0.00849272769945457 0.784549965727207 NaN
0.142 -0.273531785274042 -0.00872165949602285 0.784549965727207 NaN
0.143 -0.277232443800769 -0.00895488233922604 0.784549965727207 NaN
0.144 -0.280952100968818 -0.00919243374686391 0.784549965727207 NaN
0.145 -0.284690382402202 -0.00943434836198718 0.784549965727207 NaN
0.146 -0.288446844393454 -0.00968065799041582 0.784549965727207 NaN
0.147 -0.292220969954393 -0.00993139356167309 0.784549965727207 NaN
0.148 -0.29601216561782 -0.0101865811268846 0.784549965727207 NaN
0.149 -0.299819758632356 -0.0104462452246684 0.784549965727207 NaN
0.15 -0.303642994885371 -0.0107104066598441 0.784549965727207 NaN
0.151 -0.307481037433938 -0.010979080919167 0.784549965727207 NaN
0.152 -0.311332965876412 -0.0112522838489565 0.784549965727207 NaN
0.153 -0.315197776201337 -0.0115300226614168 0.784549965727207 NaN
0.154 -0.319074381536628 -0.0118123036741485 0.784549965727207 NaN
0.155 -0.322961613734653 -0.0120991276960561 0.784549965727207 NaN
0.156 -0.326858225478351 -0.0123904915316794 0.784549965727207 NaN
0.157 -0.330762893386269 -0.0126863881290564 0.784549965727207 NaN
0.158 -0.334674221544148 -0.0129868055549672 0.784549965727207 NaN
0.159 -0.338590745996585 -0.0132917271145828 0.784549965727207 NaN
0.16 -0.342510939955396 -0.013601131391594 0.784549965727207 NaN
0.161 -0.346433219364413 -0.0139149934813211 0.784549965727207 NaN
0.162 -0.350355949414089 -0.0142332836814933 0.784549965727207 NaN
0.163 -0.354277451225796 -0.0145559683217054 0.784549965727207 NaN
0.164 -0.35819600908535 -0.0148830092755269 0.784549965727207 NaN
0.165 -0.362109878190357 -0.0152143644421343 0.784549965727207 NaN
0.166 -0.366017292510298 -0.015549988452 0.784549965727207 NaN
0.167 -0.369916472734297 -0.0158898319377861 0.784549965727207 NaN
0.168 -0.373805634556014 -0.0162338432053019 0.784549965727207 NaN
0.169 -0.377682996664215 -0.0165819653771922 0.784549965727207 NaN
0.17 -0.381546788923512 -0.0169341414702785 0.784549965727207 NaN
0.171 -0.385395260049928 -0.0172903096666314 0.784549965727207 NaN
0.172 -0.389226685126101 -0.0176504079853143 0.784549965727207 NaN
0.173 -0.393039372858769 -0.0180143730901624 0.784549965727207 NaN
0.174 -0.396831672083684 -0.0183821365758388 0.784549965727207 NaN
0.175 -0.400601978102114 -0.0187536317481975 0.784549965727207 NaN
0.176 -0.404348738252822 -0.0191287919953526 0.784549965727207 NaN
0.177 -0.4080704568949 -0.0195075463895027 0.784549965727207 NaN
0.178 -0.411765699858895 -0.0198898268388426 0.784549965727207 NaN
0.179 -0.415433098175263 -0.0202755638235235 0.784549965727207 NaN
0.18 -0.419071351144026 -0.0206646876776486 0.784549965727207 NaN
0.181 -0.422679228828498 -0.0210571299113155 0.784549965727207 NaN
0.182 -0.426255573670934 -0.0214528226443767 0.784549965727207 NaN
0.183 -0.429799301931542 -0.0218516976723286 0.784549965727207 NaN
0.184 -0.433309404018111 -0.0222536896587976 0.784549965727207 NaN
0.185 -0.43678494476268 -0.0226587320593165 0.784549965727207 NaN
0.186 -0.440225062799634 -0.0230667617423363 0.784549965727207 NaN
0.187 -0.44362896981258 -0.023477714539772 0.784549965727207 NaN
0.188 -0.44699594931144 -0.0238915309633496 0.784549965727207 NaN
0.189 -0.450325354963968 -0.0243081492958567 0.784549965727208 NaN
0.19 -0.453616608542593 -0.0247275117493496 0.784549965727208 NaN
0.191 -0.456869197947951 -0.0251495610666445 0.784549965727207 NaN
0.192 -0.460082674709481 -0.0255742421163417 0.784549965727207 NaN
0.193 -0.463256651510119 -0.0260015021716291 0.784549965727207 NaN
0.194 -0.466390799674632 -0.0264312883105015 0.784549965727207 NaN
0.195 -0.469484846425505 -0.026863550060415 0.784549965727207 NaN
0.196 -0.472538572141338 -0.0272982389925306 0.784549965727207 NaN
0.197 -0.47555180773728 -0.0277353076050299 0.784549965727207 NaN
0.198 -0.478524431894408 -0.0281747104547427 0.784549965727207 NaN
0.199 -0.481456368365919 -0.0286164032530775 0.784549965727207 NaN
0.2 -0.484347583378193 -0.0290603438425229 0.784549965727207 NaN
0.201 -0.487198083068513 -0.0295064905280319 0.784549965727207 NaN
0.202 -0.490007910960907 -0.0299548044150041 0.784549965727207 NaN
0.203 -0.492777145315759 -0.0304052467414466 0.784549965727207 NaN
0.204 -0.495505896705816 -0.0308577813263326 0.784549965727207 NaN
0.205 -0.49819430557587 -0.0313123720590281 0.784549965727207 NaN
0.206 -0.500842539846074 -0.0317689849415819 0.784549965727207 NaN
0.207 -0.503450792477026 -0.0322275868889342 0.784549965727207 NaN
0.208 -0.506019279187967 -0.032688146443447 0.784549965727207 NaN
0.209 -0.508548235837894 -0.0331506335168052 0.784549965727207 NaN
0.21 -0.511037916232634 -0.0336150168550456 0.784549965727207 NaN
0.211 -0.513488589592966 -0.034081268497939 0.784549965727207 NaN
0.212 -0.51590053821362 -0.03454936107054 0.784549965727207 NaN
0.213 -0.518274055019507 -0.0350192662261497 0.784549965727207 NaN
0.214 -0.520609441214483 -0.035490958760104 0.784549965727207 NaN
0.215 -0.522907003805955 -0.0359644113431561 0.784549965727207 NaN
0.216 -0.525167053240764 -0.0364395992477209 0.784549965727207 NaN
0.217 -0.527389900970085 -0.0369164973141097 0.784549965727207 NaN
0.218 -0.529575857185909 -0.0373950788058203 0.784549965727207 NaN
0.219 -0.531725228513964 -0.0378753201336185 0.784549965727207 NaN
0.22 -0.53383831579931 -0.0383571956794036 0.784549965727208 NaN
0.221 -0.535915412014785 -0.0388406783071392 0.784549965727208 NaN
0.222 -0.537956800194419 -0.0393257431964265 0.784549965727207 NaN
0.223 -0.539962751678806 -0.0398123629501573 0.784549965727208 NaN
0.224 -0.541933524148884 -0.0403005101639014 0.784549965727208 NaN
0.225 -0.543869360357554 -0.0407901568490951 0.784549965727208 NaN
0.226 -0.545770486491087 -0.0412812721749947 0.784549965727208 NaN
0.227 -0.547637111087406 -0.0417738269515778 0.784549965727208 NaN
0.228 -0.549469423984626 -0.0422677885138897 0.784549965727208 NaN
0.229 -0.551267595626677 -0.0427631232480235 0.784549965727208 NaN
0.23 -0.553031776431686 -0.0432597970616156 0.784549965727208 NaN
0.231 -0.554762096591996 -0.0437577730147164 0.784549965727208 NaN
0.232 -0.556458665850945 -0.0442570137365109 0.784549965727208 NaN
0.233 -0.558121573831335 -0.0447574785747556 0.784549965727208 NaN
0.234 -0.559750890248052 -0.0452591273726156 0.784549965727208 NaN
0.235 -0.561346665682897 -0.0457619159950254 0.784549965727208 NaN
0.236 -0.562908932329439 -0.0462658011197827 0.784549965727208 NaN
0.237 -0.564437705042954 -0.0467707341151465 0.784549965727208 NaN
0.238 -0.565932982622069 -0.0472766681040816 0.784549965727208 NaN
0.239 -0.567394749233999 -0.0477835535753745 0.784549965727208 NaN
0.24 -0.568822975923533 -0.0482913392253605 0.784549965727208 NaN
0.241 -0.57021762240462 -0.048799971977937 0.784549965727208 NaN
0.242 -0.57157863888908 -0.04930939772762 0.784549965727208 NaN
0.243 -0.572905968073103 -0.0498195613473612 0.784549965727209 NaN
0.244 -0.574199547090988 -0.0503304075498863 0.784549965727209 NaN
0.245 -0.575459309631867 -0.0508418784481855 0.784549965727208 NaN
0.246 -0.576685188092319 -0.0513539166721444 0.784549965727208 NaN
0.247 -0.577877115597221 -0.0518664641835428 0.784549965727209 NaN
0.248 -0.579035028197929 -0.0523794612248927 0.784549965727208 NaN
0.249 -0.580158866844218 -0.0528928503034446 0.784549965727209 NaN
0.25 -0.58124857943506 -0.0534065706106505 0.784549965727208 NaN
0.251 -0.582304122610375 -0.0539205647644257 0.784549965727208 NaN
0.252 -0.583325463620585 -0.054434774919892 0.784549965727208 NaN
0.253 -0.584312581986014 -0.0549491411072785 0.784549965727208 NaN
0.254 -0.585265470934474 -0.0554636077490012 0.784549965727208 NaN
0.255 -0.586184138701026 -0.0559781187429968 0.784549965727208 NaN
0.256 -0.587068609873091 -0.0564926179558702 0.784549965727208 NaN
0.257 -0.587918926099097 -0.0570070510176056 0.784549965727208 NaN
0.258 -0.588735147077449 -0.0575213656756801 0.784549965727208 NaN
0.259 -0.58951735096964 -0.0580355104599321 0.784549965727208 NaN
0.26 -0.590265634814296 -0.0585494340073208 0.784549965727208 NaN
0.261 -0.590980114616109 -0.0590630887984157 0.784549965727208 NaN
0.262 -0.591660925221849 -0.0595764283525339 0.784549965727208 NaN
0.263 -0.5923082201616 -0.0600894053579207 0.784549965727208 NaN
0.264 -0.592922170996486 -0.0606019775373034 0.784549965727208 NaN
0.265 -0.593502966655554 -0.061114102316272 0.784549965727208 NaN
0.266 -0.594050812538972 -0.0616257385575869 0.784549965727208 NaN
0.267 -0.594565929868189 -0.0621368478527436 0.784549965727208 NaN
0.268 -0.595048554119174 -0.0626473931630838 0.784549965727208 NaN
0.269 -0.595498933821168 -0.0631573369617531 0.784549965727208 NaN
0.27 -0.595917329148582 -0.0636666442884545 0.784549965727208 NaN
0.271 -0.596304010270552 -0.0641752826948735 0.784549965727208 NaN
0.272 -0.596659255985567 -0.064683217261816 0.784549965727208 NaN
0.273 -0.596983351873245 -0.065190417863987 0.784549965727208 NaN
0.274 -0.597276588870405 -0.0656968526591554 0.784549965727208 NaN
0.275 -0.597539261429933 -0.0662024911531332 0.784549965727208 NaN
0.276 -0.597771666104967 -0.0667073029991939 0.784549965727208 NaN
0.277 -0.597974099836728 -0.0672112575401519 0.784549965727208 NaN
0.278 -0.598146858606476 -0.0677143264760933 0.784549965727208 NaN
0.279 -0.598290235914731 -0.0682164790727954 0.784549965727208 NaN
0.28 -0.598404521559365 -0.0687176856182509 0.784549965727208 NaN
0.281 -0.598490000568651 -0.0692179145155321 0.784549965727208 NaN
0.282 -0.598546952237211 -0.0697171359503019 0.784549965727208 NaN
0.283 -0.598575649317715 -0.0702153181369314 0.784549965727208 NaN
0.284 -0.598576357437701 -0.0707124288951785 0.784549965727208 NaN
0.285 -0.598549334638201 -0.0712084356822396 0.784549965727208 NaN
0.286 -0.59849483126282 -0.0717033041552649 0.784549965727208 NaN
0.287 -0.598413090140171 -0.0721969994313313 0.784549965727208 NaN
0.288 -0.598304346460528 -0.0726894869599147 0.784549965727208 NaN
0.289 -0.598168828469272 -0.0731807293026858 0.784549965727208 NaN
0.29 -0.598006758465182 -0.0736706911950498 0.784549965727208 NaN
0.291 -0.597818353790486 -0.0741593334562743 0.784549965727208 NaN
0.292 -0.597603827683109 -0.0746466192718804 0.784549965727208 NaN
0.293 -0.597363390705451 -0.0751325078122645 0.784549965727208 NaN
0.294 -0.597097252182587 -0.0756169627289907 0.784549965727208 NaN
0.295 -0.59680562226049 -0.0760999435565718 0.784549965727208 NaN
0.296 -0.596488714021094 -0.076581412244858 0.784549965727208 NaN
0.297 -0.596146745749461 -0.0770613300673647 0.784549965727208 NaN
0.298 -0.595779943047772 -0.0775396602109328 0.784549965727208 NaN
0.299 -0.59538854101618 -0.0780163662131547 0.784549965727208 NaN
0.3 -0.594972787404325 -0.0784914126368123 0.784549965727207 NaN
0.301 -0.594532945102831 -0.0789647669045621 0.784549965727208 NaN
0.302 -0.59406929416891 -0.079436398380996 0.784549965727208 NaN
0.303 -0.593582134566515 -0.0799062773950251 0.784549965727208 NaN
0.304 -0.593071789024378 -0.0803743801863322 0.784549965727208 NaN
0.305 -0.592538606172495 -0.0808406836422093 0.784549965727208 NaN
0.306 -0.591982963199372 -0.0813051706177154 0.784549965727208 NaN
0.307 -0.591405268417898 -0.0817678271375413 0.784549965727208 NaN
0.308 -0.590805963567657 -0.0822286451424108 0.784549965727208 NaN
0.309 -0.590185526042387 -0.0826876193668154 0.784549965727208 NaN
0.31 -0.589544471125358 -0.0831447532558924 0.784549965727208 NaN
0.311 -0.588883354022392 -0.0836000549114542 0.784549965727208 NaN
0.312 -0.588202771919155 -0.0840535380496912 0.784549965727208 NaN
0.313 -0.587503365578901 -0.0845052247473303 0.784549965727208 NaN
0.314 -0.58678582085959 -0.0849551447918673 0.784549965727208 NaN
0.315 -0.586050869739067 -0.0854033329165898 0.784549965727208 NaN
0.316 -0.585299291216949 -0.0858498357835781 0.784549965727208 NaN
0.317 -0.58453191178187 -0.0862947045444302 0.784549965727208 NaN
0.318 -0.583749605831799 -0.0867380008280923 0.784549965727208 NaN
0.319 -0.582953295799894 -0.0871797953111018 0.784549965727208 NaN
0.32 -0.582143951980599 -0.0876201668438035 0.784549965727208 NaN
0.321 -0.581322591975838 -0.0880592032572032 0.784549965727208 NaN
0.322 -0.580490279830947 -0.0884970023312772 0.784549965727208 NaN
0.323 -0.579648124906123 -0.0889336708835569 0.784549965727208 NaN
0.324 -0.578797280424442 -0.0893693247070022 0.784549965727208 NaN
0.325 -0.577938941611538 -0.0898040896169794 0.784549965727208 NaN
0.326 -0.57707434367134 -0.0902380988525096 0.784549965727208 NaN
0.327 -0.576204759487309 -0.0906714967205055 0.784549965727208 NaN
0.328 -0.575331496980301 -0.0911044356381204 0.784549965727208 NaN
0.329 -0.574455896301323 -0.0915370767567851 0.784549965727208 NaN
0.33 -0.573579326721935 -0.091969589414475 0.784549965727208 NaN
0.331 -0.572703183358606 -0.0924021515647589 0.784549965727208 NaN
0.332 -0.571828883711849 -0.0928349477939936 0.784549965727208 NaN
0.333 -0.570957864048808 -0.0932681720115506 0.784549965727208 NaN
0.334 -0.570091575525677 -0.0937020225607774 0.784549965727208 NaN
0.335 -0.569231480287724 -0.0941367059371695 0.784549965727208 NaN
0.336 -0.568379047587393 -0.0945724341339087 0.784549965727208 NaN
0.337 -0.567535749437772 -0.0950094253470677 0.784549965727208 NaN
0.338 -0.566703056623486 -0.0954479008483538 0.784549965727208 NaN
0.339 -0.565882434396237 -0.0958880877665664 0.784549965727208 NaN
0.34 -0.565075338314947 -0.0963302158773184 0.784549965727208 NaN
0.341 -0.564283209983184 -0.096774518387054 0.784549965727208 NaN
0.342 -0.563507473001722 -0.0972212300324336 0.784549965727208 NaN
0.343 -0.562749528726974 -0.0976705892791283 0.784549965727208 NaN
0.344 -0.562010752419532 -0.0981228342824645 0.784549965727208 NaN
0.345 -0.561292489241925 -0.0985782027243609 0.784549965727208 NaN
0.346 -0.560596050568261 -0.0990369337210012 0.784549965727208 NaN
0.347 -0.559922710363225 -0.0994992632583732 0.784549965727208 NaN
0.348 -0.559273701815491 -0.0999654282556251 0.784549965727208 NaN
0.349 -0.558650214046541 -0.10043566162972 0.784549965727208 NaN
0.35 -0.558053389121316 -0.100910194294188 0.784549965727208 NaN
0.351 -0.557484319279082 -0.101389252725276 0.784549965727208 NaN
0.352 -0.556944044417263 -0.101873059951457 0.784549965727207 NaN
0.353 -0.556433549698846 -0.102361834614887 0.784549965727207 NaN
0.354 -0.555953763602626 -0.10285578869178 0.784549965727207 NaN
0.355 -0.555505556105541 -0.103355130914798 0.784549965727207 NaN
0.356 -0.55508973727222 -0.103860061288485 0.784549965727207 NaN
0.357 -0.554707055939292 -0.104370775309617 0.784549965727207 NaN
0.358 -0.554358198871558 -0.10488746044287 0.784549965727207 NaN
0.359 -0.554043790151421 -0.105410296915775 0.784549965727207 NaN
0.36 -0.553764390838307 -0.105939457890556 0.784549965727207 NaN
0.361 -0.553520498888391 -0.106475108291094 0.784549965727207 NaN
0.362 -0.553312549447391 -0.107017403769248 0.784549965727207 NaN
0.363 -0.553140915344548 -0.107566493521471 0.784549965727207 NaN
0.364 -0.553005907984152 -0.108122518026561 0.784549965727207 NaN
0.365 -0.552907778263683 -0.108685608483337 0.784549965727207 NaN
0.366 -0.552846718098036 -0.109255888292265 0.784549965727207 NaN
0.367 -0.552822861908892 -0.109833471399506 0.784549965727207 NaN
0.368 -0.552836288450462 -0.110418464961763 0.784549965727207 NaN
0.369 -0.552887022899527 -0.11101096652135 0.784549965727207 NaN
0.37 -0.552975039084878 -0.111611066111394 0.784549965727207 NaN
0.371 -0.553100261979542 -0.112218844851033 0.784549965727207 NaN
0.372 -0.553262570273501 -0.112834377547009 0.784549965727207 NaN
0.373 -0.553461799292232 -0.113457731573849 0.784549965727207 NaN
0.374 -0.553697743815289 -0.114088964997318 0.784549965727207 NaN
0.375 -0.553970161167566 -0.114728131287877 0.784549965727207 NaN
0.376 -0.554278774451229 -0.115375277043666 0.784549965727207 NaN
0.377 -0.554623275656479 -0.116030443157688 0.784549965727207 NaN
0.378 -0.555003329115056 -0.116693663260218 0.784549965727207 NaN
0.379 -0.555418574720417 -0.117364968964517 0.784549965727207 NaN
0.38 -0.555868631383873 -0.11804438447156 0.784549965727207 NaN
0.381 -0.556353100445213 -0.118731931434429 0.784549965727207 NaN
0.382 -0.556871568672802 -0.119427627312652 0.784549965727207 NaN
0.383 -0.557423611822899 -0.120131486000943 0.784549965727207 NaN
0.384 -0.558008797609292 -0.120843520612125 0.784549965727207 NaN
0.385 -0.558626689028055 -0.121563740351249 0.784549965727207 NaN
0.386 -0.559276847347067 -0.122292153406812 0.784549965727207 NaN
0.387 -0.559958835143281 -0.1230287675931 0.784549965727207 NaN
0.388 -0.560672218923069 -0.123773590336508 0.784549965727207 NaN
0.389 -0.561416571570264 -0.124526628074127 0.784549965727207 NaN
0.39 -0.562191474579602 -0.125287886965759 0.784549965727207 NaN
0.391 -0.562996520276108 -0.126057376656955 0.784549965727207 NaN
0.392 -0.563831313792958 -0.126835105660048 0.784549965727207 NaN
0.393 -0.564695475193811 -0.127621086045905 0.784549965727207 NaN
0.394 -0.565588640080953 -0.128415328889061 0.784549965727207 NaN
0.395 -0.566510462507921 -0.129217850459253 0.784549965727207 NaN
0.396 -0.567460616235984 -0.130028667943039 0.784549965727207 NaN
0.397 -0.568438794393261 -0.130847803510382 0.784549965727207 NaN
0.398 -0.569444709338823 -0.131675279269406 0.784549965727207 NaN
0.399 -0.570478093586961 -0.132511122312829 0.784549965727207 NaN
0.4 -0.571538700839327 -0.133355363310405 0.784549965727207 NaN
0.401 -0.572626306363122 -0.134208036079564 0.784549965727207 NaN
0.402 -0.573740706577159 -0.135069176471488 0.784549965727207 NaN
0.403 -0.574881718336597 -0.135938826551004 0.784549965727207 NaN
0.404 -0.576049177670817 -0.136817028940803 0.784549965727207 NaN
0.405 -0.577242938817544 -0.137703831685124 0.784549965727207 NaN
0.406 -0.578462873492868 -0.138599284875972 0.784549965727207 NaN
0.407 -0.579708870119908 -0.13950344208098 0.784549965727207 NaN
0.408 -0.580980832408611 -0.140416360388932 0.784549965727207 NaN
0.409 -0.582278678181574 -0.1413380975932 0.784549965727207 NaN
0.41 -0.583602338240242 -0.142268716549366 0.784549965727207 NaN
0.411 -0.584951753753258 -0.143208280633356 0.784549965727208 NaN
0.412 -0.586326875124441 -0.144156855113994 0.784549965727207 NaN
0.413 -0.587727661146395 -0.145114508491062 0.784549965727207 NaN
0.414 -0.589154077466262 -0.146081309359536 0.784549965727207 NaN
0.415 -0.59060609390302 -0.147057328066206 0.784549965727207 NaN
0.416 -0.592083682287403 -0.148042634725811 0.784549965727208 NaN
0.417 -0.593586814950282 -0.149037300523249 0.784549965727208 NaN
0.418 -0.595115463755294 -0.1500413971421 0.784549965727208 NaN
0.419 -0.596669599047501 -0.151054995394855 0.784549965727207 NaN
0.42 -0.598249188219576 -0.152078165677393 0.784549965727208 NaN
0.421 -0.599854194442445 -0.153110977911388 0.784549965727207 NaN
0.422 -0.601484574939628 -0.154153501589194 0.784549965727208 NaN
0.423 -0.603140279645337 -0.155205803140879 0.784549965727207 NaN
0.424 -0.604821250121087 -0.156267947629564 0.784549965727208 NaN
0.425 -0.606527418444382 -0.157340000517306 0.784549965727208 NaN
0.426 -0.608258706653724 -0.158422021819889 0.784549965727208 NaN
0.427 -0.610015026695098 -0.159514070944433 0.784549965727207 NaN
0.428 -0.611796278887112 -0.160616204148765 0.784549965727207 NaN
0.429 -0.61360235132593 -0.161728475858679 0.784549965727208 NaN
0.43 -0.615433120225104 -0.162850936647665 0.784549965727208 NaN
0.431 -0.61728844961763 -0.163983635495871 0.784549965727208 NaN
0.432 -0.61916819132988 -0.165126617931389 0.784549965727208 NaN
0.433 -0.621072185032692 -0.166279925343183 0.784549965727208 NaN
0.434 -0.623000258282461 -0.167443597206026 0.784549965727208 NaN
0.435 -0.624952226880286 -0.168617668783446 0.784549965727208 NaN
0.436 -0.62692789494876 -0.169802173763612 0.784549965727208 NaN
0.437 -0.628927055357088 -0.170997141105188 0.784549965727208 NaN
0.438 -0.630949490019803 -0.172202597006453 0.784549965727208 NaN
0.439 -0.632994970671589 -0.173418564299259 0.784549965727208 NaN
0.44 -0.635063258993523 -0.174645062330303 0.784549965727208 NaN
0.441 -0.637154106623329 -0.175882108644012 0.784549965727208 NaN
0.442 -0.63926725624736 -0.177129717052791 0.784549965727207 NaN
0.443 -0.641402442104369 -0.178387896211546 0.784549965727208 NaN
0.444 -0.643559390365485 -0.179656655700456 0.784549965727208 NaN
0.445 -0.645737819708828 -0.180935998910138 0.784549965727208 NaN
0.446 -0.647937441663346 -0.182225927141568 0.784549965727208 NaN
0.447 -0.650157961034671 -0.183526439855623 0.784549965727208 NaN
0.448 -0.652399076172226 -0.184837530784168 0.784549965727208 NaN
0.449 -0.654660479266601 -0.18615919483043 0.784549965727208 NaN
0.45 -0.656941856471697 -0.187491420202737 0.784549965727208 NaN
0.451 -0.659242887996086 -0.188834192853074 0.784549965727208 NaN
0.452 -0.661563248058454 -0.190187497243877 0.784549965727208 NaN
0.453 -0.663902604938456 -0.191551313576416 0.784549965727208 NaN
0.454 -0.666260620652212 -0.192925618483744 0.784549965727208 NaN
0.455 -0.668636950712886 -0.194310385083183 0.784549965727208 NaN
0.456 -0.671031243845047 -0.195705584330067 0.784549965727208 NaN
0.457 -0.673443141400991 -0.197111181369797 0.784549965727208 NaN
0.458 -0.675872276829804 -0.198527139674458 0.784549965727208 NaN
0.459 -0.678318275019448 -0.199953416475085 0.784549965727208 NaN
0.46 -0.68078075153384 -0.201389965630237 0.784549965727208 NaN
0.461 -0.683259311749281 -0.202836736638214 0.784549965727208 NaN
0.462 -0.685753549908222 -0.204293673340909 0.784549965727208 NaN
0.463 -0.688263048177031 -0.205760715052134 0.784549965727208 NaN
0.464 -0.690787375453699 -0.207237794585677 0.784549965727208 NaN
0.465 -0.693326086352145 -0.208724840162514 0.784549965727208 NaN
0.466 -0.695878719875711 -0.210221772346668 0.784549965727208 NaN
0.467 -0.698444798241312 -0.211728505110048 0.784549965727208 NaN
0.468 -0.701023825651152 -0.213244946266271 0.784549965727208 NaN
0.469 -0.703615286887892 -0.214770995954103 0.784549965727208 NaN
0.47 -0.706218646040553 -0.216306545595063 0.784549965727208 NaN
0.471 -0.708833345225802 -0.217851479822669 0.784549965727208 NaN
0.472 -0.711458803233037 -0.219405672714525 0.784549965727208 NaN
0.473 -0.714094414299348 -0.220968990869885 0.784549965727208 NaN
0.474 -0.716739546849588 -0.222541290212744 0.784549965727208 NaN
0.475 -0.719393542280864 -0.224122417465778 0.784549965727208 NaN
0.476 -0.722055713850053 -0.225712207726648 0.784549965727208 NaN
0.477 -0.72472534571177 -0.227310488695377 0.784549965727208 NaN
0.478 -0.727401691796407 -0.228917072667266 0.784549965727208 NaN
0.479 -0.730083975123009 -0.230531764021718 0.784549965727208 NaN
0.48 -0.73277138694999 -0.232154353944033 0.784549965727208 NaN
0.481 -0.735463086172793 -0.233784621991836 0.784549965727208 NaN
0.482 -0.738158198930459 -0.235422335007404 0.784549965727208 NaN
0.483 -0.740855818140894 -0.237067248772294 0.784549965727207 NaN
0.484 -0.743555003412879 -0.238719106039646 0.784549965727208 NaN
0.485 -0.746254781065793 -0.240377635172719 0.784549965727208 NaN
0.486 -0.748954144139667 -0.242042555934912 0.784549965727208 NaN
0.487 -0.751652052930165 -0.243713571052194 0.784549965727208 NaN
0.488 -0.754347435330452 -0.245390372879218 0.784549965727208 NaN
0.489 -0.757039187663303 -0.247072640235497 0.784549965727208 NaN
0.49 -0.759726175532999 -0.248760040316677 0.784549965727208 NaN
0.491 -0.762407234958265 -0.250452227917548 0.784549965727208 NaN
0.492 -0.765081173558346 -0.25214884581996 0.784549965727208 NaN
0.493 -0.767746772163839 -0.253849523223391 0.784549965727208 NaN
0.494 -0.770402786406108 -0.255553882329021 0.784549965727208 NaN
0.495 -0.77304794861302 -0.257261529195342 0.784549965727208 NaN
0.496 -0.775680969831343 -0.258972063485627 0.784549965727208 NaN
0.497 -0.778300542081514 -0.260685073318549 0.784549965727208 NaN
0.498 -0.780905340702502 -0.262400138557944 0.784549965727208 NaN
0.499 -0.783494026938649 -0.26411683013558 0.784549965727208 NaN
0.5 -0.786065250656965 -0.265834709185673 0.784549965727208 NaN
0.501 -0.788617653161079 -0.267553332390468 0.784549965727208 NaN
0.502 -0.791149870166169 -0.269272250380552 0.784549965727208 NaN
0.503 -0.793660534908295 -0.270991005160884 0.784549965727208 NaN
0.504 -0.796148281340643 -0.272709137943574 0.784549965727208 NaN
0.505 -0.798611747343575 -0.274426185218623 0.784549965727208 NaN
0.506 -0.801049578112976 -0.276141678464097 0.784549965727208 NaN
0.507 -0.803460429487887 -0.277855152114416 0.784549965727208 NaN
0.508 -0.805842971459301 -0.279566136232062 0.784549965727208 NaN
0.509 -0.808195891460806 -0.28127416381563 0.784549965727208 NaN
0.51 -0.810517897885497 -0.282978768458062 0.784549965727208 NaN
0.511 -0.812807723434553 -0.284679486379578 0.784549965727208 NaN
0.512 -0.815064128396838 -0.286375859522297 0.784549965727208 NaN
0.513 -0.817285904024882 -0.288067431606612 0.784549965727208 NaN
0.514 -0.819471875605756 -0.289753753956319 0.784549965727208 NaN
0.515 -0.821620905598026 -0.291434385922551 0.784549965727208 NaN
0.516 -0.823731896579318 -0.293108892794954 0.784549965727208 NaN
0.517 -0.82580379399484 -0.294776851263298 0.784549965727208 NaN
0.518 -0.827835588821468 -0.296437845454809 0.784549965727208 NaN
0.519 -0.829826320043863 -0.298091472922956 0.784549965727208 NaN
0.52 -0.831775076950015 -0.299737341161514 0.784549965727208 NaN
0.521 -0.833681001119532 -0.301375072473309 0.784549965727208 NaN
0.522 -0.83554328831357 -0.303004299954774 0.784549965727208 NaN
0.523 -0.837361190071031 -0.304624674223616 0.784549965727208 NaN
0.524 -0.839134015096896 -0.306235857530404 0.784549965727208 NaN
0.525 -0.840861130397674 -0.307837528903827 0.784549965727208 NaN
0.526 -0.842541962045797 -0.309429384234914 0.784549965727208 NaN
0.527 -0.844175995904396 -0.311011135431742 0.784549965727208 NaN
0.528 -0.845762777898459 -0.312582509081787 0.784549965727208 NaN
0.529 -0.847301914084494 -0.314143252590319 0.784549965727208 NaN
0.53 -0.848793070516461 -0.315693127450073 0.784549965727208 NaN
0.531 -0.850235972710325 -0.31723191427593 0.784549965727208 NaN
0.532 -0.851630404947132 -0.318759410390163 0.784549965727208 NaN
0.533 -0.852976209338225 -0.3202754305557 0.784549965727208 NaN
0.534 -0.854273284576967 -0.321779806624102 0.784549965727208 NaN
0.535 -0.855521584491468 -0.32327238827204 0.784549965727208 NaN
0.536 -0.856721116368236 -0.324753041622619 0.784549965727208 NaN
0.537 -0.857871939139659 -0.32622164858588 0.784549965727208 NaN
0.538 -0.858974161177495 -0.327678107295055 0.784549965727208 NaN
0.539 -0.860027937833564 -0.329122331483649 0.784549965727208 NaN
0.54 -0.861033469318175 -0.330554250203872 0.784549965727208 NaN
0.541 -0.861990998146217 -0.331973805893201 0.784549965727208 NaN
0.542 -0.862900806194772 -0.333380955451718 0.784549965727208 NaN
0.543 -0.863763211954073 -0.334775668284774 0.784549965727208 NaN
0.544 -0.864578567501174 -0.33615792582462 0.784549965727208 NaN
0.545 -0.865347255626495 -0.337527719980341 0.784549965727208 NaN
0.546 -0.866069686652624 -0.33888505435898 0.784549965727208 NaN
0.547 -0.86674629545007 -0.340229940160545 0.784549965727208 NaN
0.548 -0.867377538235352 -0.341562399529529 0.784549965727208 NaN
0.549 -0.867963889581965 -0.34288246165866 0.784549965727208 NaN
0.55 -0.868505839286002 -0.344190160548817 0.784549965727208 NaN
0.551 -0.869003889381174 -0.345485538304309 0.784549965727208 NaN
0.552 -0.869458551228431 -0.346768639724761 0.784549965727209 NaN
0.553 -0.869870342773299 -0.348039515452396 0.784549965727208 NaN
0.554 -0.870239784346865 -0.349298216911209 0.784549965727208 NaN
0.555 -0.870567396464456 -0.35054479839174 0.784549965727208 NaN
0.556 -0.870853699189865 -0.351779318292967 0.784549965727208 NaN
0.557 -0.871099210261208 -0.353001834456151 0.784549965727208 NaN
0.558 -0.871304441299511 -0.354212405518044 0.784549965727208 NaN
0.559 -0.871469895245741 -0.355411087392567 0.784549965727208 NaN
0.56 -0.871596064404784 -0.356597935531783 0.784549965727208 NaN
0.561 -0.871683429019486 -0.357773002668225 0.784549965727208 NaN
0.562 -0.871732455900241 -0.358936338840639 0.784549965727208 NaN
0.563 -0.871743597220427 -0.360087990079023 0.784549965727208 NaN
0.564 -0.871717289419926 -0.361228000292254 0.784549965727208 NaN
0.565 -0.871653952164924 -0.362356407583086 0.784549965727208 NaN
0.566 -0.871553987770247 -0.363473247608101 0.784549965727208 NaN
0.567 -0.871417780458283 -0.364578549107468 0.784549965727208 NaN
0.568 -0.871245696080518 -0.365672337727244 0.784549965727208 NaN
0.569 -0.871038081850685 -0.366754634009075 0.784549965727208 NaN
0.57 -0.870795266277535 -0.367825451641228 0.784549965727208 NaN
0.571 -0.870517559269504 -0.368884801344615 0.784549965727208 NaN
0.572 -0.870205252389037 -0.369932687608537 0.784549965727208 NaN
0.573 -0.869858619311629 -0.370969110644864 0.784549965727208 NaN
0.574 -0.869477916436292 -0.371994065326731 0.784549965727208 NaN
0.575 -0.869063383548799 -0.37300754083763 0.784549965727208 NaN
0.576 -0.868615244776722 -0.374009523336534 0.784549965727208 NaN
0.577 -0.868133709382852 -0.374999994765125 0.784549965727208 NaN
0.578 -0.867618972890147 -0.375978931664235 0.784549965727208 NaN
0.579 -0.867071216998567 -0.376946308484179 0.784549965727208 NaN
0.58 -0.866490608191884 -0.377902090359025 0.784549965727208 NaN
0.581 -0.865877308976524 -0.378846247122827 0.784549965727208 NaN
0.582 -0.865231472899658 -0.379778745997221 0.784549965727208 NaN
0.583 -0.864553245255125 -0.380699551957064 0.784549965727208 NaN
0.584 -0.86384276446634 -0.381608627073689 0.784549965727208 NaN
0.585 -0.863100164093709 -0.382505934349232 0.784549965727208 NaN
0.586 -0.862325571820506 -0.383391432490949 0.784549965727208 NaN
0.587 -0.861519114053871 -0.384265083107022 0.784549965727208 NaN
0.588 -0.860680917106816 -0.385126846774006 0.784549965727208 NaN
0.589 -0.859811102875149 -0.385976682920747 0.784549965727208 NaN
0.59 -0.858909790852829 -0.386814553124777 0.784549965727208 NaN
0.591 -0.857977107286358 -0.387640419411974 0.784549965727208 NaN
0.592 -0.857013186689141 -0.388454249972251 0.784549965727208 NaN
0.593 -0.856018163248965 -0.389256012213536 0.784549965727208 NaN
0.594 -0.854992178354382 -0.390045676787787 0.784549965727208 NaN
0.595 -0.853935384014924 -0.390823217465889 0.784549965727208 NaN
0.596 -0.852847935511005 -0.391588609505164 0.784549965727208 NaN
0.597 -0.851729984436224 -0.392341830302701 0.784549965727208 NaN
0.598 -0.850581680842595 -0.39308285745475 0.784549965727208 NaN
0.599 -0.849403182378892 -0.39381167481591 0.784549965727208 NaN
0.6 -0.848194662993555 -0.394528273818663 0.784549965727208 NaN
0.601 -0.846956315357477 -0.39523265250881 0.784549965727208 NaN
0.602 -0.845688349162871 -0.395924815052382 0.784549965727208 NaN
0.603 -0.844390985807353 -0.396604770185327 0.784549965727208 NaN
0.604 -0.84306445492353 -0.397272528316149 0.784549965727208 NaN
0.605 -0.841708994260906 -0.397928106236177 0.784549965727208 NaN
0.606 -0.840324850311349 -0.398571522236928 0.784549965727208 NaN
0.607 -0.838912279180873 -0.399202801649151 0.784549965727208 NaN
0.608 -0.837471547156524 -0.39982197338504 0.784549965727208 NaN
0.609 -0.836002930107525 -0.400429072880777 0.784549965727208 NaN
0.61 -0.834506716947532 -0.401024141632522 0.784549965727208 NaN
0.611 -0.832983212809692 -0.401607225842938 0.784549965727208 NaN
0.612 -0.831432730635239 -0.402178374605184 0.784549965727208 NaN
0.613 -0.829855586606282 -0.402737642542092 0.784549965727208 NaN
0.614 -0.828252105249139 -0.403285089115656 0.784549965727208 NaN
0.615 -0.826622625304989 -0.403820780628199 0.784549965727208 NaN
0.616 -0.824967503577274 -0.404344791500186 0.784549965727208 NaN
0.617 -0.823287114791553 -0.404857202902125 0.784549965727208 NaN
0.618 -0.821581847874845 -0.405358102363115 0.784549965727208 NaN
0.619 -0.819852101874573 -0.405847581768108 0.784549965727208 NaN
0.62 -0.818098284385649 -0.406325737762163 0.784549965727208 NaN
0.621 -0.816320809904438 -0.406792670625498 0.784549965727208 NaN
0.622 -0.814520107520938 -0.407248487127704 0.784549965727208 NaN
0.623 -0.812696622773375 -0.40769330651748 0.784549965727208 NaN
0.624 -0.810850816682714 -0.408127252787751 0.784549965727208 NaN
0.625 -0.808983166393888 -0.408550457113248 0.784549965727208 NaN
0.626 -0.807094164680895 -0.408963060200441 0.784549965727208 NaN
0.627 -0.805184319510142 -0.409365208423705 0.784549965727208 NaN
0.628 -0.803254153800511 -0.409757057004771 0.784549965727208 NaN
0.629 -0.80130420580395 -0.410138767424883 0.784549965727208 NaN
0.63 -0.799335030193468 -0.410510510707973 0.784549965727208 NaN
0.631 -0.797347199160298 -0.410872467235616 0.784549965727208 NaN
0.632 -0.795341303741528 -0.411224826480794 0.784549965727208 NaN
0.633 -0.793317954635525 -0.411567788065679 0.784549965727208 NaN
0.634 -0.791277784596626 -0.411901560656111 0.784549965727208 NaN
0.635 -0.789221446148878 -0.41222636661775 0.784549965727208 NaN
0.636 -0.787149610161059 -0.412542437159217 0.784549965727208 NaN
0.637 -0.785062968418453 -0.412850014366057 0.784549965727208 NaN
0.638 -0.782962237915984 -0.413149354201819 0.784549965727208 NaN
0.639 -0.780848162857823 -0.413440722809746 0.784549965727208 NaN
0.64 -0.778721513430873 -0.413724403427127 0.784549965727208 NaN
0.641 -0.77658308308138 -0.414000690318006 0.784549965727208 NaN
0.642 -0.774433686660985 -0.414269889697936 0.784549965727208 NaN
0.643 -0.772274160525591 -0.414532321065653 0.784549965727208 NaN
0.644 -0.770105364394963 -0.414788316589126 0.784549965727208 NaN
0.645 -0.767928183137653 -0.415038223014279 0.784549965727208 NaN
0.646 -0.765743527868817 -0.415282401323281 0.784549965727208 NaN
0.647 -0.763552335999973 -0.41552122751296 0.784549965727208 NaN
0.648 -0.761355570280135 -0.415755092698532 0.784549965727208 NaN
0.649 -0.759154217820606 -0.415984402360142 0.784549965727208 NaN
0.65 -0.75694928883802 -0.416209573870708 0.784549965727208 NaN
0.651 -0.754741815921239 -0.416431040674987 0.784549965727208 NaN
0.652 -0.752532853415997 -0.416649250298779 0.784549965727208 NaN
0.653 -0.750323476955915 -0.41686466317933 0.784549965727208 NaN
0.654 -0.748114783004299 -0.417077752942638 0.784549965727208 NaN
0.655 -0.745907888206142 -0.417289008090361 0.784549965727208 NaN
0.656 -0.743703928447368 -0.417498928956437 0.784549965727208 NaN
0.657 -0.741504057713694 -0.417708030644521 0.784549965727208 NaN
0.658 -0.739309446508814 -0.417916839182942 0.784549965727208 NaN
0.659 -0.737121279892564 -0.418125890411667 0.784549965727208 NaN
0.66 -0.734940756287266 -0.418335727527925 0.784549965727208 NaN
0.661 -0.732769086538701 -0.418546915110942 0.784549965727208 NaN
0.662 -0.730607489880203 -0.418760025503287 0.784549965727208 NaN
0.663 -0.72845719077323 -0.418975637316458 0.784549965727208 NaN
0.664 -0.726319417151062 -0.419194335145435 0.784549965727208 NaN
0.665 -0.724195399714396 -0.419416709675767 0.784549965727208 NaN
0.666 -0.72208637015357 -0.419643359263552 0.784549965727208 NaN
0.667 -0.719993557938643 -0.41987488414832 0.784549965727208 NaN
0.668 -0.717918187046307 -0.420111889143411 0.784549965727208 NaN
0.669 -0.715861472933643 -0.420354980810163 0.784549965727208 NaN
0.67 -0.713824620268299 -0.420604764580763 0.784549965727208 NaN
0.671 -0.711808820907915 -0.420861848132768 0.784549965727208 NaN
0.672 -0.70981525181496 -0.421126834520272 0.784549965727208 NaN
0.673 -0.707845072673745 -0.421400324746673 0.784549965727208 NaN
0.674 -0.705899426310753 -0.421682916896326 0.784549965727208 NaN
0.675 -0.703979430951131 -0.421975205574029 0.784549965727208 NaN
0.676 -0.702086177230542 -0.422277776485727 0.784549965727208 NaN
0.677 -0.700220727818499 -0.422591206917848 0.784549965727208 NaN
0.678 -0.698384116175009 -0.42291606392952 0.784549965727208 NaN
0.679 -0.696577344881779 -0.423252905213413 0.784549965727208 NaN
0.68 -0.694801383338224 -0.423602277886529 0.784549965727208 NaN
0.681 -0.69305716554141 -0.423964714447609 0.784549965727208 NaN
0.682 -0.691345587949856 -0.424340735685453 0.784549965727208 NaN
0.683 -0.689667507847658 -0.424730845318575 0.784549965727208 NaN
0.684 -0.688023741871998 -0.425135531707146 0.784549965727208 NaN
0.685 -0.686415065047131 -0.425555266162346 0.784549965727208 NaN
0.686 -0.684842209854383 -0.425990503128426 0.784549965727208 NaN
0.687 -0.683305865530154 -0.426441677791473 0.784549965727208 NaN
0.688 -0.681806677524319 -0.426909207532509 0.784549965727208 NaN
0.689 -0.680345244267459 -0.427393488144498 0.784549965727208 NaN
0.69 -0.67892212282997 -0.427894896161928 0.784549965727208 NaN
0.691 -0.677537827107668 -0.428413790500067 0.784549965727208 NaN
0.692 -0.67619282175579 -0.428950506173566 0.784549965727208 NaN
0.693 -0.674887524668791 -0.429505356766579 0.784549965727208 NaN
0.694 -0.673622313249117 -0.430078633858426 0.784549965727208 NaN
0.695 -0.672397527655651 -0.430670610280513 0.784549965727207 NaN
0.696 -0.671213469224443 -0.431281540409669 0.784549965727208 NaN
0.697 -0.670070397817135 -0.431911659374351 0.784549965727208 NaN
0.698 -0.668968530870138 -0.432561178422008 0.784549965727207 NaN
0.699 -0.667908045285485 -0.433230288927673 0.784549965727207 NaN
0.7 -0.666889081007021 -0.433919162680622 0.784549965727207 NaN
0.701 -0.665911744399654 -0.434627949966284 0.784549965727207 NaN
0.702 -0.664976111056446 -0.435356786188654 0.784549965727207 NaN
0.703 -0.664082228140553 -0.436105778735834 0.784549965727207 NaN
0.704 -0.663230134361622 -0.436875001357117 0.784549965727207 NaN
0.705 -0.66241984254158 -0.437664574891988 0.784549965727207 NaN
0.706 -0.661651321575982 -0.438474582814819 0.784549965727207 NaN
0.707 -0.660924513620765 -0.439305080792591 0.784549965727207 NaN
0.708 -0.660239346366868 -0.440156114027965 0.784549965727207 NaN
0.709 -0.659595741423044 -0.441027716636514 0.784549965727208 NaN
0.71 -0.658993611708983 -0.441919916017611 0.784549965727207 NaN
0.711 -0.658432857591921 -0.44283273195365 0.784549965727207 NaN
0.712 -0.657913363793405 -0.44376616991274 0.784549965727207 NaN
0.713 -0.657435004487409 -0.444720226636118 0.784549965727207 NaN
0.714 -0.656997651301324 -0.445694890962645 0.784549965727207 NaN
0.715 -0.656601178372574 -0.446690151160286 0.784549965727207 NaN
0.716 -0.656245456700742 -0.447705983352682 0.784549965727207 NaN
0.717 -0.655930365466666 -0.44874237353455 0.784549965727208 NaN
0.718 -0.65565578165392 -0.449799305171106 0.784549965727208 NaN
0.719 -0.655421603905453 -0.450876767702077 0.784549965727208 NaN
0.72 -0.655227740283322 -0.451974751238735 0.784549965727208 NaN
0.721 -0.65507408378372 -0.453093237079512 0.784549965727208 NaN
0.722 -0.654960541107864 -0.454232142946922 0.784549965727207 NaN
0.723 -0.654887115078765 -0.45539142936977 0.784549965727208 NaN
0.724 -0.654853787389241 -0.456571156611128 0.784549965727208 NaN
0.725 -0.654860514663125 -0.45777136547123 0.784549965727208 NaN
0.726 -0.654907239022794 -0.458992086847362 0.784549965727208 NaN
0.727 -0.65499389577962 -0.460233331577679 0.784549965727208 NaN
0.728 -0.655120423042832 -0.461495102227608 0.784549965727208 NaN
0.729 -0.655286778052793 -0.462777402900376 0.784549965727208 NaN
0.73 -0.655492943542718 -0.464080247369676 0.784549965727208 NaN
0.731 -0.655738920567847 -0.465403662426964 0.784549965727208 NaN
0.732 -0.656024716140844 -0.46674767996464 0.784549965727208 NaN
0.733 -0.65635033386084 -0.46811233411881 0.784549965727207 NaN
0.734 -0.65671577061132 -0.469497656854895 0.784549965727207 NaN
0.735 -0.657121017115301 -0.470903680157226 0.784549965727207 NaN
0.736 -0.657566059225936 -0.472330433780913 0.784549965727207 NaN
0.737 -0.658050878468427 -0.473777949783638 0.784549965727207 NaN
0.738 -0.658575451466011 -0.475246258902867 0.784549965727207 NaN
0.739 -0.659139748784774 -0.476735394635511 0.784549965727207 NaN
0.74 -0.659743733007818 -0.478245392352805 0.784549965727207 NaN
0.741 -0.660387356911216 -0.479776284229671 0.784549965727207 NaN
0.742 -0.661070560873438 -0.481328105033395 0.784549965727207 NaN
0.743 -0.661793270208071 -0.482900885383902 0.784549965727207 NaN
0.744 -0.662555392653958 -0.484494653738777 0.784549965727207 NaN
0.745 -0.663356815717974 -0.486109433457445 0.784549965727207 NaN
0.746 -0.664197404002921 -0.487745242445195 0.784549965727207 NaN
0.747 -0.665076997352731 -0.489402090227767 0.784549965727207 NaN
0.748 -0.665995408281856 -0.49107997973647 0.784549965727208 NaN
0.749 -0.66695242034976 -0.492778903849319 0.784549965727208 NaN
0.75 -0.66794778586037 -0.494498845071913 0.784549965727208 NaN
0.751 -0.668981224554742 -0.496239775146824 0.784549965727208 NaN
0.752 -0.670052421866214 -0.498001652328134 0.784549965727208 NaN
0.753 -0.671161027834833 -0.499784422104223 0.784549965727208 NaN
0.754 -0.672306655852046 -0.501588017979924 0.784549965727208 NaN
0.755 -0.673488881961961 -0.503412356276628 0.784549965727208 NaN
0.756 -0.674707246154642 -0.505257338485266 0.784549965727208 NaN
0.757 -0.675961251672529 -0.507122853788995 0.784549965727208 NaN
0.758 -0.677250359648694 -0.509008773281826 0.784549965727208 NaN
0.759 -0.678573991173615 -0.510914948737716 0.784549965727208 NaN
0.76 -0.679931528702946 -0.512841214672825 0.784549965727208 NaN
0.761 -0.681322317086214 -0.514787388193553 0.784549965727208 NaN
0.762 -0.682745664645241 -0.51675326861551 0.784549965727208 NaN
0.763 -0.684200843868049 -0.518738638904078 0.784549965727208 NaN
0.764 -0.685687091816108 -0.520743262705445 0.784549965727208 NaN
0.765 -0.687203610938651 -0.522766885133339 0.784549965727208 NaN
0.766 -0.688749577407013 -0.524809220439188 0.784549965727208 NaN
0.767 -0.690324120830107 -0.526869972493767 0.784549965727208 NaN
0.768 -0.691926342210341 -0.52894884036148 0.784549965727207 NaN
0.769 -0.693555316937679 -0.531045501703168 0.784549965727207 NaN
0.77 -0.695210111933441 -0.533159612868177 0.784549965727207 NaN
0.771 -0.696889767069958 -0.535290817304208 0.784549965727207 NaN
0.772 -0.698593289372751 -0.537438739814183 0.784549965727208 NaN
0.773 -0.700319664919229 -0.539603006028176 0.784549965727207 NaN
0.774 -0.702067820909656 -0.541783203568794 0.784549965727208 NaN
0.775 -0.703836667079754 -0.543978902434348 0.784549965727208 NaN
0.776 -0.705625102380525 -0.546189656003228 0.784549965727207 NaN
0.777 -0.707432026945658 -0.548414999084414 0.784549965727208 NaN
0.778 -0.709256361129744 -0.550654448738858 0.784549965727208 NaN
0.779 -0.711097042699515 -0.552907561489766 0.784549965727208 NaN
0.78 -0.712952980724661 -0.555173813276744 0.784549965727207 NaN
0.781 -0.71482302232039 -0.557452703971151 0.784549965727207 NaN
0.782 -0.716705973474669 -0.55974371145415 0.784549965727207 NaN
0.783 -0.718600631516494 -0.562046306412019 0.784549965727207 NaN
0.784 -0.72050577874797 -0.564359923399059 0.784549965727207 NaN
0.785 -0.72242021349852 -0.566683990375296 0.784549965727207 NaN
0.786 -0.72434274077419 -0.569017927306018 0.784549965727207 NaN
0.787 -0.726272178597164 -0.571361143093877 0.784549965727207 NaN
0.788 -0.728207360572239 -0.573713032877653 0.784549965727207 NaN
0.789 -0.730147110085768 -0.576072990463966 0.784549965727207 NaN
0.79 -0.732090260182224 -0.578440407220537 0.784549965727207 NaN
0.791 -0.734035628725985 -0.580814657351544 0.784549965727207 NaN
0.792 -0.735982007565443 -0.583195088877258 0.784549965727207 NaN
0.793 -0.737928191426243 -0.585581044056427 0.784549965727207 NaN
0.794 -0.739872975825199 -0.587971852158881 0.784549965727207 NaN
0.795 -0.741815167693562 -0.590366831617901 0.784549965727207 NaN
0.796 -0.743753592484627 -0.592765302721253 0.784549965727207 NaN
0.797 -0.745687070608685 -0.595166596086257 0.784549965727207 NaN
0.798 -0.747614436010487 -0.597570042462471 0.784549965727207 NaN
0.799 -0.749534524749476 -0.599974961833597 0.784549965727207 NaN
0.8 -0.751446158501496 -0.602380644133574 0.784549965727207 NaN
0.801 -0.75334814360074 -0.604786357124278 0.784549965727206 NaN
0.802 -0.755239284478707 -0.607191353850685 0.784549965727207 NaN
0.803 -0.757118394080694 -0.609594875961711 0.784549965727207 NaN
0.804 -0.758984318261879 -0.611996201045214 0.784549965727207 NaN
0.805 -0.760835909143375 -0.614394602769391 0.784549965727206 NaN
0.806 -0.762672015823204 -0.616789346914355 0.784549965727206 NaN
0.807 -0.764491482132539 -0.619179684875536 0.784549965727206 NaN
0.808 -0.766293146609178 -0.621564859631705 0.784549965727206 NaN
0.809 -0.768075845087765 -0.623944105975098 0.784549965727206 NaN
0.81 -0.769838415095361 -0.626316651446813 0.784549965727206 NaN
0.811 -0.771579699179968 -0.628681721869239 0.784549965727206 NaN
0.812 -0.773298545944711 -0.631038543105979 0.784549965727206 NaN
0.813 -0.774993810292184 -0.633386339051242 0.784549965727206 NaN
0.814 -0.776664353465382 -0.635724331438709 0.784549965727206 NaN
0.815 -0.778309042566342 -0.638051742509144 0.784549965727206 NaN
0.816 -0.779926749985462 -0.640367791555827 0.784549965727206 NaN
0.817 -0.781516352992817 -0.642671695791722 0.784549965727206 NaN
0.818 -0.783076733996558 -0.644962668115693 0.784549965727206 NaN
0.819 -0.78460678789635 -0.647239930293575 0.784549965727206 NaN
0.82 -0.786105425867911 -0.649502705435012 0.784549965727206 NaN
0.821 -0.787571588212605 -0.651750209891023 0.784549965727206 NaN
0.822 -0.789004205264743 -0.653981680600433 0.784549965727206 NaN
0.823 -0.790402207233243 -0.656196353314978 0.784549965727207 NaN
0.824 -0.791764544504057 -0.658393472033245 0.784549965727206 NaN
0.825 -0.793090195046071 -0.660572291662736 0.784549965727206 NaN
0.826 -0.794378164021757 -0.662732086760718 0.784549965727207 NaN
0.827 -0.795627481282071 -0.664872142007348 0.784549965727207 NaN
0.828 -0.79683719912437 -0.666991752492085 0.784549965727207 NaN
0.829 -0.798006392815671 -0.669090227373665 0.784549965727207 NaN
0.83 -0.799134162821784 -0.671166885604046 0.784549965727207 NaN
0.831 -0.80021963756474 -0.673221062527464 0.784549965727207 NaN
0.832 -0.801261976149812 -0.675252110951529 0.784549965727207 NaN
0.833 -0.802260370579237 -0.677259403561415 0.784549965727207 NaN
0.834 -0.80321404755995 -0.679242333415766 0.784549965727207 NaN
0.835 -0.804122270576061 -0.681200315961938 0.784549965727206 NaN
0.836 -0.804984341456983 -0.683132788247851 0.784549965727206 NaN
0.837 -0.805799602070577 -0.685039212359789 0.784549965727206 NaN
0.838 -0.806567436032745 -0.686919073974285 0.784549965727207 NaN
0.839 -0.80728727018197 -0.688771887701577 0.784549965727207 NaN
0.84 -0.807958575959238 -0.690597191985481 0.784549965727207 NaN
0.841 -0.808580870870511 -0.692394555487822 0.784549965727207 NaN
0.842 -0.80915371923049 -0.694163575731217 0.784549965727207 NaN
0.843 -0.809676733223973 -0.695903879673866 0.784549965727207 NaN
0.844 -0.810149573549963 -0.697615123781662 0.784549965727207 NaN
0.845 -0.81057194645649 -0.699296992532774 0.784549965727207 NaN
0.846 -0.810943609241326 -0.700949202478921 0.784549965727207 NaN
0.847 -0.811264374441396 -0.702571506076228 0.784549965727207 NaN
0.848 -0.811534101805277 -0.704163685205814 0.784549965727207 NaN
0.849 -0.81175269174288 -0.70572553756234 0.784549965727207 NaN
0.85 -0.811920087467085 -0.707256890697284 0.784549965727207 NaN
0.851 -0.812036281491078 -0.708757600728559 0.784549965727206 NaN
0.852 -0.812101319251562 -0.710227560551103 0.784549965727207 NaN
0.853 -0.81211530266791 -0.711666701134884 0.784549965727206 NaN
0.854 -0.812078381238251 -0.713074984183133 0.784549965727206 NaN
0.855 -0.811990748497936 -0.714452396918208 0.784549965727206 NaN
0.856 -0.811852640628196 -0.715798949603003 0.784549965727207 NaN
0.857 -0.811664334803149 -0.717114677612515 0.784549965727207 NaN
0.858 -0.811426148550923 -0.718399642660286 0.784549965727207 NaN
0.859 -0.811138438685811 -0.71965393011826 0.784549965727207 NaN
0.86 -0.81080160056887 -0.720877650886724 0.784549965727207 NaN
0.861 -0.810416066874185 -0.722070938151698 0.784549965727207 NaN
0.862 -0.809982299306469 -0.723233936302076 0.784549965727207 NaN
0.863 -0.809500795019703 -0.724366812414224 0.784549965727207 NaN
0.864 -0.808972088988846 -0.725469767841544 0.784549965727207 NaN
0.865 -0.808396739661203 -0.726543007557437 0.784549965727207 NaN
0.866 -0.807775340486937 -0.727586764823682 0.784549965727207 NaN
0.867 -0.807108509665616 -0.728601294012848 0.784549965727207 NaN
0.868 -0.806396883629391 -0.72958686426498 0.784549965727207 NaN
0.869 -0.805641119544939 -0.730543753316921 0.784549965727207 NaN
0.87 -0.804841893824371 -0.731472253035654 0.784549965727207 NaN
0.871 -0.80399990470063 -0.732372665204472 0.784549965727207 NaN
0.872 -0.803115910201184 -0.733245294082644 0.784549965727207 NaN
0.873 -0.802190653890411 -0.734090458635666 0.784549965727207 NaN
0.874 -0.801224824832403 -0.73490848953954 0.784549965727207 NaN
0.875 -0.800219121300722 -0.73569972782426 0.784549965727207 NaN
0.876 -0.79917429686787 -0.736464530002111 0.784549965727207 NaN
0.877 -0.798091125750257 -0.737203247894678 0.784549965727207 NaN
0.878 -0.796970391308269 -0.737916238758092 0.784549965727207 NaN
0.879 -0.795812843718065 -0.738603847121558 0.784549965727207 NaN
0.88 -0.79461919905734 -0.739266414774978 0.784549965727207 NaN
0.881 -0.793390182751262 -0.739904292571244 0.784549965727207 NaN
0.882 -0.792126545809012 -0.740517857482524 0.784549965727207 NaN
0.883 -0.790829058703027 -0.741107505267842 0.784549965727207 NaN
0.884 -0.789498479848026 -0.741673632028952 0.784549965727207 NaN
0.885 -0.788135547282232 -0.742216613185389 0.784549965727207 NaN
0.886 -0.78674098047258 -0.742736806182305 0.784549965727206 NaN
0.887 -0.785315472973817 -0.74323455266211 0.784549965727206 NaN
0.888 -0.783859689041247 -0.743710178804934 0.784549965727207 NaN
0.889 -0.782374283311775 -0.744164008002174 0.784549965727207 NaN
0.89 -0.78085992106804 -0.744596377956443 0.784549965727207 NaN
0.891 -0.779317253732948 -0.745007623006965 0.784549965727207 NaN
0.892 -0.777746888025912 -0.745398064247648 0.784549965727207 NaN
0.893 -0.776149399321131 -0.745767986427481 0.784549965727207 NaN
0.894 -0.774525343191552 -0.746117665775342 0.784549965727207 NaN
0.895 -0.772875302121876 -0.746447429751731 0.784549965727207 NaN
0.896 -0.771199894895241 -0.746757608059538 0.784549965727206 NaN
0.897 -0.769499723082867 -0.747048504746923 0.784549965727207 NaN
0.898 -0.767775313330586 -0.747320390825678 0.784549965727207 NaN
0.899 -0.766027132707244 -0.747573510315096 0.784549965727207 NaN
0.9 -0.76425561069969 -0.747808076499285 0.784549965727207 NaN
0.901 -0.762461145335946 -0.748024265186677 0.784549965727207 NaN
0.902 -0.760644207573419 -0.748222300174824 0.784549965727207 NaN
0.903 -0.75880527280783 -0.748402480833321 0.784549965727207 NaN
0.904 -0.756944724871431 -0.748565065959365 0.784549965727207 NaN
0.905 -0.755062901711741 -0.748710272144236 0.784549965727207 NaN
0.906 -0.753160184332734 -0.748838311833001 0.784549965727207 NaN
0.907 -0.75123696752886 -0.748949409726497 0.784549965727207 NaN
0.908 -0.749293619919251 -0.749043788281927 0.784549965727207 NaN
0.909 -0.747330500186211 -0.749121664022504 0.784549965727207 NaN
0.91 -0.745347972800007 -0.749183240711236 0.784549965727207 NaN
0.911 -0.743346381126064 -0.74922870842276 0.784549965727207 NaN
0.912 -0.741326038912826 -0.749258248428092 0.784549965727207 NaN
0.913 -0.739287285421432 -0.749272010347069 0.784549965727207 NaN
0.914 -0.737230415141997 -0.749270212765524 0.784549965727207 NaN
0.915 -0.735155729151331 -0.749253080179661 0.784549965727207 NaN
0.916 -0.733063541135533 -0.749220832724352 0.784549965727207 NaN
0.917 -0.730954164104042 -0.749173687403149 0.784549965727207 NaN
0.918 -0.728827898117614 -0.749111857397497 0.784549965727207 NaN
0.919 -0.726685026292045 -0.749035550634209 0.784549965727207 NaN
0.92 -0.724525819888554 -0.748944969450898 0.784549965727207 NaN
0.921 -0.722350546976052 -0.748840316824694 0.784549965727207 NaN
0.922 -0.720159481701394 -0.748721799321283 0.784549965727207 NaN
0.923 -0.717952910149898 -0.748589627289765 0.784549965727207 NaN
0.924 -0.71573113345786 -0.748444026333063 0.784549965727207 NaN
0.925 -0.713494468392733 -0.748285227337422 0.784549965727207 NaN
0.926 -0.711243246033975 -0.748113470379567 0.784549965727207 NaN
0.927 -0.708977810834929 -0.747929002459648 0.784549965727207 NaN
0.928 -0.706698519198866 -0.74773207735207 0.784549965727206 NaN
0.929 -0.704405739027657 -0.747522952437074 0.784549965727207 NaN
0.93 -0.70209984951022 -0.747301892775799 0.784549965727207 NaN
0.931 -0.699781241962928 -0.747069169177109 0.784549965727207 NaN
0.932 -0.697450320651195 -0.74682506034042 0.784549965727207 NaN
0.933 -0.695107503484309 -0.746569852269589 0.784549965727207 NaN
0.934 -0.692753222947882 -0.746303841659454 0.784549965727207 NaN
0.935 -0.690387926148334 -0.746027331225296 0.784549965727207 NaN
0.936 -0.688012074943841 -0.745740637369633 0.784549965727206 NaN
0.937 -0.685626145497504 -0.745444083959611 0.784549965727206 NaN
0.938 -0.683230628107783 -0.745138004108328 0.784549965727207 NaN
0.939 -0.680826026456613 -0.744822741701799 0.784549965727207 NaN
0.94 -0.678412857497448 -0.744498650924197 0.784549965727206 NaN
0.941 -0.675991651111739 -0.744166094319343 0.784549965727207 NaN
0.942 -0.673562949733536 -0.743825445847093 0.784549965727207 NaN
0.943 -0.671127308593837 -0.743477087618169 0.784549965727207 NaN
0.944 -0.668685295562115 -0.743121412420405 0.784549965727207 NaN
0.945 -0.666237491449517 -0.742758822940324 0.784549965727206 NaN
0.946 -0.663784490173231 -0.742389730696855 0.784549965727206 NaN
0.947 -0.661326899273533 -0.742014557544219 0.784549965727206 NaN
0.948 -0.658865340142348 -0.74163373469352 0.784549965727206 NaN
0.949 -0.656400448498903 -0.7412477020704 0.784549965727206 NaN
0.95 -0.653932874738332 -0.740856909688322 0.784549965727206 NaN
0.951 -0.651463283606843 -0.740461816175753 0.784549965727206 NaN
0.952 -0.648992354719602 -0.740062889432676 0.784549965727206 NaN
0.953 -0.646520781851627 -0.739660606134234 0.784549965727206 NaN
0.954 -0.644049272683971 -0.739255452081146 0.784549965727206 NaN
0.955 -0.641578548386203 -0.738847920418039 0.784549965727206 NaN
0.956 -0.639109342759183 -0.738438513271308 0.784549965727206 NaN
0.957 -0.636642401810772 -0.738027740498585 0.784549965727206 NaN
0.958 -0.634178482920551 -0.737616119684879 0.784549965727206 NaN
0.959 -0.631718354555375 -0.737204175407164 0.784549965727206 NaN
0.96 -0.629262795705388 -0.736792440805253 0.784549965727206 NaN
0.961 -0.626812595219845 -0.736381454695973 0.784549965727206 NaN
0.962 -0.624368551973452 -0.735971763263572 0.784549965727206 NaN
0.963 -0.621931474060776 -0.735563918717138 0.784549965727206 NaN
0.964 -0.619502178654713 -0.735158480001373 0.784549965727206 NaN
0.965 -0.617081491618525 -0.73475601191609 0.784549965727206 NaN
0.966 -0.614670246929099 -0.734357084475722 0.784549965727206 NaN
0.967 -0.612269285921219 -0.733962272699638 0.784549965727207 NaN
0.968 -0.609879456430415 -0.733572156061556 0.784549965727206 NaN
0.969 -0.607501611854953 -0.733187317472083 0.784549965727207 NaN
0.97 -0.605136609616153 -0.73280834238125 0.784549965727207 NaN
0.971 -0.602785310096923 -0.732435818562949 0.784549965727206 NaN
0.972 -0.600448574283697 -0.732070335564325 0.784549965727206 NaN
0.973 -0.598127262616047 -0.73171248064156 0.784549965727206 NaN
0.974 -0.595822232493932 -0.731362840741289 0.784549965727206 NaN
0.975 -0.593534336184902 -0.731021998770801 0.784549965727206 NaN
0.976 -0.591264418861615 -0.730690534801529 0.784549965727206 NaN
0.977 -0.589013316062803 -0.730369022783613 0.784549965727206 NaN
0.978 -0.586781851431822 -0.730058027853413 0.784549965727206 NaN
0.979 -0.584570834470781 -0.729758108510099 0.784549965727206 NaN
0.98 -0.582381058226565 -0.729469812552519 0.784549965727206 NaN
0.981 -0.580213296995102 -0.729193675182245 0.784549965727206 NaN
0.982 -0.578068304289111 -0.728930220467473 0.784549965727206 NaN
0.983 -0.575946810379251 -0.728679956504874 0.784549965727206 NaN
0.984 -0.573849520855985 -0.728443378078425 0.784549965727206 NaN
0.985 -0.571777114027275 -0.728220960601063 0.784549965727206 NaN
0.986 -0.569730239675202 -0.728013164494076 0.784549965727206 NaN
0.987 -0.567709517041017 -0.727820429136808 0.784549965727207 NaN
0.988 -0.565715533198357 -0.72764317478067 0.784549965727206 NaN
0.989 -0.563748841941832 -0.727481801502384 0.784549965727206 NaN
0.99 -0.56180996205868 -0.727336686925708 0.784549965727206 NaN
0.991 -0.55989937633979 -0.727208185063353 0.784549965727207 NaN
0.992 -0.558017530633649 -0.727096629183433 0.784549965727207 NaN
0.993 -0.556164832712068 -0.727002325791611 0.784549965727207 NaN
0.994 -0.554341651738746 -0.726925558747108 0.784549965727207 NaN
0.995 -0.552548317767933 -0.726866585387215 0.784549965727207 NaN
0.996 -0.550785121037181 -0.726825638156812 0.784549965727207 NaN
0.997 -0.549052311966095 -0.726802923790562 0.784549965727207 NaN
0.998 -0.547350101052152 -0.726798621719635 0.784549965727207 NaN
0.999 -0.545678658748199 -0.726812885063641 0.784549965727207 NaN
1 -0.544038115815983 -0.726845841483642 0.784549965727207 NaN
