             Time,          Y-Force,   Work integrand
                0,  2.739178574e-06,                0
             0.01,  -0.001451659024, -2.166601093e-07
             0.02,  -0.005670765382, -3.368434637e-06
             0.03,   -0.01249966375, -1.662142788e-05
             0.04,   -0.02173409797, -5.111859843e-05
             0.05,    -0.0332047433, -0.0001214048427
             0.06,   -0.04673744879, -0.0002448107568
             0.07,    -0.0621615209, -0.0004408961273
             0.08,   -0.07930985994, -0.0007309196692
             0.09,   -0.09801904481,  -0.001137339482
              0.1,    -0.1181263907,  -0.001683301067
             0.11,    -0.1394849299,  -0.002392410646
             0.12,    -0.1619335445,  -0.003287898687
             0.13,    -0.1853270266,  -0.004392667516
             0.14,    -0.2095209715,  -0.005728722402
             0.15,    -0.2343751158,  -0.007316898147
             0.16,    -0.2597534158,  -0.009176568673
             0.17,    -0.2855246258,   -0.01132540566
             0.18,    -0.3115637359,   -0.01377921778
             0.19,    -0.3377546127,   -0.01655191811
              0.2,    -0.3639930411,   -0.01965562422
             0.21,     -0.390188226,   -0.02310080128
             0.22,    -0.4162615121,   -0.02689632134
             0.23,    -0.4421435736,   -0.03104942192
             0.24,    -0.4677726707,    -0.0355656917
             0.25,    -0.4930949178,   -0.04044919247
             0.26,    -0.5180652845,   -0.04570268327
             0.27,    -0.5426480275,   -0.05132785596
             0.28,    -0.5668164678,   -0.05732555029
             0.29,    -0.5905524397,   -0.06369595268
              0.3,    -0.6138455001,   -0.07043877113
             0.31,    -0.6366919794,   -0.07755338076
             0.32,    -0.6590940514,   -0.08503895089
             0.33,    -0.6810589226,   -0.09289456413
             0.34,    -0.7025981476,    -0.1011193306
             0.35,    -0.7237270535,     -0.109712498
             0.36,    -0.7444642482,    -0.1186735569
             0.37,    -0.7648311941,    -0.1280023399
             0.38,    -0.7848518345,     -0.137699115
             0.39,    -0.8045522574,     -0.147764671
              0.4,    -0.8239603788,    -0.1582003927
             0.41,    -0.8431056214,    -0.1690083205
             0.42,    -0.8620185681,    -0.1801911894
             0.43,    -0.8807305819,    -0.1917524421
             0.44,    -0.8992734023,    -0.2036962169
             0.45,    -0.9176787306,    -0.2160273087
             0.46,    -0.9359778258,    -0.2287511087
             0.47,    -0.9542011537,    -0.2418735325
             0.48,    -0.9723781329,    -0.2554009509
             0.49,    -0.9905369777,    -0.2693401289
              0.5,     -1.008704596,    -0.2836981675
             0.51,     -1.026906509,    -0.2984824431
             0.52,     -1.045166809,    -0.3137005468
             0.53,     -1.063508132,    -0.3293602262
             0.54,     -1.081951647,    -0.3454693247
             0.55,      -1.10051703,    -0.3620357116
             0.56,     -1.119222433,    -0.3790672074
             0.57,     -1.138084476,    -0.3965715106
             0.58,     -1.157118236,    -0.4145561218
             0.59,     -1.176337239,    -0.4330282649
              0.6,      -1.19575345,    -0.4519948042
             0.61,     -1.215377273,    -0.4714621635
             0.62,     -1.235217557,     -0.491436246
             0.63,     -1.255281616,    -0.5119223585
             0.64,     -1.275575261,    -0.5329251394
             0.65,     -1.296102848,    -0.5544484964
             0.66,     -1.316867328,    -0.5764955452
             0.67,     -1.337870277,    -0.5990685423
             0.68,     -1.359111913,    -0.6221688149
             0.69,     -1.380591137,    -0.6457967003
              0.7,      -1.40230561,     -0.669951505
             0.71,     -1.424251827,    -0.6946314723
             0.72,     -1.446425173,    -0.7198337372
             0.73,     -1.468819917,    -0.7455542622
             0.74,      -1.49142921,    -0.7717877705
             0.75,     -1.514245112,    -0.7985276958
             0.76,     -1.537258642,    -0.8257661501
             0.77,     -1.560459817,    -0.8534938868
             0.78,      -1.58383765,    -0.8817002462
             0.79,     -1.607380119,    -0.9103730834
              0.8,     -1.631074123,    -0.9394986951
             0.81,     -1.654905463,    -0.9690617508
             0.82,      -1.67885881,    -0.9990452276
             0.83,     -1.702917681,     -1.029430342
             0.84,     -1.727064393,     -1.060196473
             0.85,     -1.751280008,     -1.091321082
             0.86,     -1.775544252,     -1.122779612
             0.87,     -1.799835415,     -1.154545374
             0.88,     -1.824130251,     -1.186589431
             0.89,     -1.848403881,     -1.218880494
              0.9,     -1.872629733,     -1.251384819
             0.91,     -1.896779477,     -1.284066122
             0.92,     -1.920822943,     -1.316885476
             0.93,     -1.944728017,     -1.349801198
             0.94,     -1.968460522,     -1.382768715
             0.95,     -1.991984116,     -1.415740461
             0.96,     -2.015260251,     -1.448665801
             0.97,     -2.038248187,     -1.481491013
             0.98,      -2.06090504,     -1.514159299
             0.99,     -2.083185865,     -1.546610828
                1,     -2.105043733,       -1.5787828
             1.01,     -2.126429845,      -1.61060953
             1.02,     -2.147293695,     -1.642022605
             1.03,     -2.167583306,     -1.672951092
             1.04,     -2.187245559,     -1.703321853
             1.05,     -2.206226612,     -1.733059948
             1.06,     -2.224472423,     -1.762089137
             1.07,     -2.241929356,     -1.790332481
             1.08,     -2.258544851,     -1.817713032
             1.09,     -2.274268159,     -1.844154585
              1.1,     -2.289051099,     -1.869582485
             1.11,     -2.302848818,     -1.893924469
             1.12,     -2.315620516,     -1.917111488
             1.13,     -2.327330086,     -1.939078481
             1.14,     -2.337946591,     -1.959765027
             1.15,     -2.347444517,     -1.979115801
             1.16,      -2.35580373,     -1.997080785
             1.17,     -2.363009111,     -2.013615174
             1.18,     -2.369049848,      -2.02867898
             1.19,     -2.373918446,     -2.042236341
              1.2,     -2.377609523,     -2.054254628
             1.21,     -2.380118516,     -2.064703425
             1.22,     -2.381440417,     -2.073553512
             1.23,     -2.381568679,     -2.080775959
             1.24,     -2.380494389,     -2.086341458
             1.25,     -2.378205816,     -2.090219956
             1.26,     -2.374688341,     -2.092380642
             1.27,     -2.369924734,     -2.092792253
             1.28,     -2.363895717,     -2.091423641
             1.29,     -2.356580719,     -2.088244531
              1.3,     -2.347958756,     -2.083226406
             1.31,     -2.338009375,     -2.076343457
             1.32,      -2.32671355,     -2.067573502
             1.33,     -2.314054382,     -2.056898725
             1.34,     -2.300017519,     -2.044306171
             1.35,     -2.284591313,     -2.029787988
             1.36,      -2.26776679,     -2.013341499
             1.37,     -2.249537454,      -1.99496911
             1.38,     -2.229898854,      -1.97467801
             1.39,     -2.208847978,     -1.952479694
              1.4,      -2.18638268,     -1.928389524
             1.41,     -2.162501384,     -1.902426533
             1.42,     -2.137203143,     -1.874613541
             1.43,     -2.110487911,     -1.844977452
             1.44,     -2.082356826,     -1.813549548
             1.45,     -2.052812356,     -1.780365667
             1.46,     -2.021858293,     -1.745466221
             1.47,     -1.989499632,     -1.708896128
             1.48,     -1.955742412,      -1.67070469
             1.49,     -1.920593567,      -1.63094549
              1.5,     -1.884060863,     -1.589676354
             1.51,     -1.846152992,     -1.546959438
             1.52,     -1.806879823,     -1.502861452
             1.53,     -1.766252632,     -1.457453828
             1.54,     -1.724284104,     -1.410812702
             1.55,     -1.680988131,      -1.36301872
             1.56,     -1.636379629,     -1.314156844
             1.57,     -1.590474488,     -1.264316282
             1.58,     -1.543289612,     -1.213590479
             1.59,     -1.494842932,     -1.162077068
              1.6,     -1.445153352,     -1.109877774
             1.61,     -1.394240667,     -1.057098286
             1.62,     -1.342125505,      -1.00384814
             1.63,     -1.288829308,    -0.9502406381
             1.64,     -1.234374382,    -0.8963928014
             1.65,     -1.178783976,    -0.8424253357
             1.66,     -1.122082297,    -0.7884625445
             1.67,     -1.064294498,    -0.7346322039
             1.68,     -1.005446664,    -0.6810654393
             1.69,     -0.945565833,    -0.6278966088
              1.7,    -0.8846799559,    -0.5752631413
             1.71,    -0.8228177541,    -0.5233053033
             1.72,    -0.7600085262,     -0.472165937
             1.73,    -0.6962819902,    -0.4219902296
             1.74,    -0.6316681556,     -0.372925509
             1.75,    -0.5661971285,    -0.3251210074
             1.76,    -0.4998987864,    -0.2787275665
             1.77,    -0.4328023709,    -0.2338973295
             1.78,    -0.3649360862,    -0.1907834768
             1.79,    -0.2963267545,    -0.1495400373
              1.8,    -0.2269995141,    -0.1103217639
             1.81,    -0.1569775213,   -0.07328405321
             1.82,   -0.08628160394,   -0.03858288996
             1.83,   -0.01492982401,  -0.006374807172
             1.84,    0.05706309965,    0.02318313962
             1.85,     0.1296865099,      0.049933359
             1.86,      0.202934646,    0.07371763363
             1.87,     0.2768075462,    0.09437691006
             1.88,      0.351311983,     0.1117509366
             1.89,     0.4264624116,     0.1256777264
              1.9,     0.5022819346,     0.1359928338
             1.91,     0.5788033219,     0.1425284369
             1.92,     0.6560701284,     0.1451122153
             1.93,     0.7341379751,     0.1435660035
             1.94,     0.8130760046,     0.1377041783
             1.95,     0.8929684441,     0.1273317191
             1.96,     0.9739160859,     0.1122418811
             1.97,      1.056037392,     0.0922134491
             1.98,      1.139468902,    0.06700760827
             1.99,      1.224364667,    0.03636454887
                2,      1.310894626,  -4.94831035e-15
              nan,     -2.369243723,     -1.657759442
