             Time,          Y-Force,   Work integrand
                0,  -0.006355193495,                0
            0.005,    0.01047996761, -8.238954075e-06
             0.01,    0.04668431185, -7.839073611e-05
            0.015,     0.0858264272, -0.0002607271212
             0.02,     0.1212514964, -0.0006089091827
            0.025,     0.1537416672,  -0.001165286238
             0.03,     0.1853768051,  -0.001962591256
            0.035,     0.2171466115,  -0.003042202526
             0.04,     0.2490999617,  -0.004434183465
            0.045,     0.2809886308,  -0.006162073752
             0.05,     0.3126821728,  -0.008247577559
            0.055,     0.3441731679,   -0.01070763344
             0.06,     0.3754940669,   -0.01355594168
            0.065,     0.4066699377,    -0.0168033423
             0.07,     0.4377120593,   -0.02045732132
            0.075,      0.468628662,   -0.02452262987
             0.08,     0.4994322483,   -0.02900169711
            0.085,     0.5301394924,   -0.03389487329
             0.09,     0.5607695071,    -0.0392007705
            0.095,     0.5913438417,   -0.04491656265
              0.1,     0.6218870264,   -0.05103826599
            0.105,      0.652426548,   -0.05756103907
             0.11,     0.6829919551,    -0.0644794445
            0.115,      0.713614123,   -0.07178767609
             0.12,     0.7443257422,    -0.0794797942
            0.125,     0.7751619389,    -0.0875499632
             0.13,     0.8061600413,   -0.09599266779
            0.135,      0.837358904,    -0.1048028949
             0.14,     0.8687982935,    -0.1139762984
            0.145,     0.9005188013,    -0.1235093597
             0.15,     0.9325625373,    -0.1333995455
            0.155,     0.9649738479,    -0.1436454947
             0.16,     0.9977991096,    -0.1542471776
            0.165,      1.031085888,    -0.1652059671
             0.17,      1.064882131,    -0.1765246074
            0.175,      1.099235825,    -0.1882072268
             0.18,      1.134194987,    -0.2002593708
            0.185,       1.16980752,    -0.2126879181
             0.19,      1.206120843,    -0.2255009522
            0.195,      1.243181158,    -0.2387075806
              0.2,      1.281032524,    -0.2523176962
            0.205,      1.319715944,    -0.2663416426
             0.21,       1.35926859,    -0.2807898206
            0.215,       1.39972297,    -0.2956722648
             0.22,      1.441106076,    -0.3109982521
            0.225,       1.48343891,    -0.3267759019
             0.23,      1.526736524,    -0.3430117905
            0.235,      1.571008176,    -0.3597105839
             0.24,      1.616256994,    -0.3768746521
            0.245,      1.662479178,    -0.3945036653
             0.25,      1.709663426,    -0.4125942446
            0.255,      1.757791203,    -0.4311397447
             0.26,      1.806837432,    -0.4501301386
            0.265,      1.856770733,    -0.4695519309
             0.27,      1.907553181,    -0.4893880761
            0.275,      1.959140238,    -0.5096179084
             0.28,      2.011481592,    -0.5302172737
            0.285,      2.064522501,    -0.5511588248
             0.29,      2.118204853,    -0.5724123514
            0.295,      2.172467462,    -0.5939450755
              0.3,       2.22724615,      -0.61572196
            0.305,      2.282473963,    -0.6377059594
             0.31,        2.3380816,    -0.6598582776
            0.315,      2.393997584,    -0.6821384877
             0.32,      2.450147916,    -0.7045044568
            0.325,      2.506455309,    -0.7269120723
             0.33,      2.562838265,    -0.7493148276
            0.335,      2.619210361,    -0.7716634258
             0.34,      2.675479889,    -0.7939054392
            0.345,       2.73154986,    -0.8159851655
             0.35,      2.787318397,     -0.837843734
            0.355,      2.842679462,    -0.8594194696
             0.36,      2.897523886,    -0.8806484891
            0.365,      2.951740481,    -0.9014653993
             0.37,      3.005217258,     -0.921804067
            0.375,      3.057842866,    -0.9415984738
             0.38,      3.109507677,    -0.9607832721
            0.385,      3.160104549,    -0.9792943849
             0.39,      3.209529215,    -0.9970694108
            0.395,      3.257680447,     -1.014047893
              0.4,      3.304460293,     -1.030171571
            0.405,      3.349774402,     -1.045384652
             0.41,      3.393532386,     -1.059634015
            0.415,      3.435648012,     -1.072869324
             0.42,      3.476039218,     -1.085043091
            0.425,      3.514628171,     -1.096110709
             0.43,      3.551341397,       -1.1060305
            0.435,      3.586110204,     -1.114763878
             0.44,      3.618871466,     -1.122275648
            0.445,      3.649568677,     -1.128534481
             0.45,      3.678152774,     -1.133513417
            0.455,      3.704581799,     -1.137190049
             0.46,      3.728819367,     -1.139546244
            0.465,      3.750833389,     -1.140567604
             0.47,      3.770596738,      -1.14024329
            0.475,      3.788089469,     -1.138566219
             0.48,      3.803300591,     -1.135533412
            0.485,      3.816226933,     -1.131145587
             0.49,      3.826869632,     -1.125406223
            0.495,      3.835230857,      -1.11832058
              0.5,      3.841312933,     -1.109894807
            0.505,      3.845119578,     -1.100135536
             0.51,      3.846656869,     -1.089050078
            0.515,      3.845933524,     -1.076647537
             0.52,      3.842962512,     -1.062939812
            0.525,      3.837764753,     -1.047941709
             0.53,      3.830370584,     -1.031669852
            0.535,      3.820815955,     -1.014142039
             0.54,      3.809138703,    -0.9953782421
            0.545,      3.795377988,    -0.9754007709
             0.55,      3.779573327,    -0.9542322664
            0.555,      3.761762221,    -0.9318941858
             0.56,      3.741982932,    -0.9084085936
            0.565,      3.720283807,    -0.8838010919
             0.57,      3.696731406,    -0.8581034692
            0.575,      3.671405332,    -0.8313523343
             0.58,      3.644382511,    -0.8035844885
            0.585,       3.61572824,    -0.7748338094
             0.59,      3.585504344,    -0.7451333588
            0.595,      3.553783898,    -0.7145203982
              0.6,      3.520654926,    -0.6830386278
            0.605,      3.486209052,    -0.6507350616
             0.61,      3.450527681,    -0.6176545262
            0.615,      3.413679759,    -0.5838371772
             0.62,      3.375731452,    -0.5493211994
            0.625,      3.336756767,    -0.5141470211
             0.63,      3.296841895,    -0.4783592695
            0.635,      3.256084418,    -0.4420066511
             0.64,      3.214590161,    -0.4051417659
            0.645,      3.172465781,     -0.367819783
             0.65,      3.129805452,     -0.330094428
            0.655,      3.086679048,    -0.2920129673
             0.66,      3.043135421,    -0.2536159661
            0.665,       2.99922113,    -0.2149430609
             0.67,      2.954997535,    -0.1760386645
            0.675,      2.910543448,    -0.1369521963
             0.68,      2.865948432,   -0.09773460205
            0.685,      2.821304662,   -0.05843567003
             0.69,       2.77669616,   -0.01910265447
            0.695,       2.73218872,    0.02022000426
              0.7,      2.687835516,    0.05948751387
            0.705,      2.643698813,    0.09865162925
             0.71,      2.599858099,     0.1376653128
            0.715,      2.556387481,     0.1764902099
             0.72,      2.513334682,     0.2150934016
            0.725,      2.470735336,     0.2534382336
             0.73,      2.428638928,     0.2914843579
            0.735,      2.387106148,     0.3291929411
             0.74,      2.346192036,     0.3665212244
            0.745,      2.305951139,     0.4034134613
             0.75,      2.266445417,     0.4398142939
            0.755,      2.227715906,     0.4756939221
             0.76,      2.189755249,      0.511038453
            0.765,      2.152544795,         0.545805
             0.77,      2.116113827,     0.5799070564
            0.775,      2.080525804,     0.6132599323
             0.78,      2.045814501,      0.645827166
            0.785,      2.011970887,     0.6776118025
             0.79,      1.978978269,     0.7086107521
            0.795,       1.94682159,     0.7387792075
              0.8,      1.915481593,     0.7680311641
            0.805,      1.884958192,     0.7962785022
             0.81,      1.855281478,     0.8234719955
            0.815,      1.826472153,     0.8495957331
             0.82,      1.798509145,     0.8746298481
            0.825,      1.771348488,     0.8985359688
             0.83,      1.744952272,     0.9212719644
            0.835,      1.719293785,     0.9428014637
             0.84,       1.69435373,     0.9630877959
            0.845,      1.670118511,     0.9820899581
             0.85,      1.646574857,     0.9997678382
            0.855,      1.623702206,      1.016086028
             0.86,      1.601470678,      1.031012965
            0.865,      1.579846031,      1.044520406
             0.87,      1.558798224,      1.056584641
            0.875,      1.538305394,      1.067184097
             0.88,      1.518347548,      1.076294969
            0.885,      1.498899603,      1.083895222
             0.89,      1.479933093,      1.089973973
            0.895,      1.461418887,       1.09452973
              0.9,      1.443327166,      1.097559091
            0.905,       1.42563476,      1.099057401
             0.91,      1.408328921,      1.099029376
            0.915,      1.391394695,      1.097488817
             0.92,      1.374810173,      1.094447816
            0.925,      1.358561009,      1.089916157
             0.93,      1.342642533,      1.083909191
            0.935,      1.327044906,      1.076449641
             0.94,      1.311748885,      1.067562754
            0.945,      1.296735583,      1.057274474
             0.95,      1.281989211,      1.045612538
            0.955,      1.267492996,      1.032603887
             0.96,      1.253231217,      1.018273633
            0.965,       1.23919267,       1.00264917
             0.97,      1.225369173,     0.9857627788
            0.975,      1.211751544,     0.9676479832
             0.98,      1.198320835,      0.948330662
            0.985,      1.185046401,     0.9278284532
             0.99,      1.171900633,     0.9061621864
            0.995,      1.158866826,     0.8833595828
                1,      1.145923731,     0.8594427982
            1.005,      1.133034684,     0.8344214548
             1.01,      1.120157775,     0.8083002042
            1.015,      1.107257447,     0.7810872022
             1.02,      1.094307524,     0.7527985901
            1.025,      1.081292293,     0.7234596671
             1.03,      1.068199561,     0.6930965483
            1.035,      1.055000893,     0.6617200855
             1.04,      1.041648202,     0.6293289296
            1.045,      1.028092328,     0.5959280537
             1.05,       1.01428173,     0.5615059451
            1.055,      1.000148495,     0.5259877843
             1.06,     0.9856426364,     0.4892971439
            1.065,      0.970787505,     0.4515016618
             1.07,     0.9556672444,     0.4127963403
            1.075,     0.9403409656,     0.3732872432
             1.08,     0.9247525677,     0.3328617892
            1.085,     0.9087433316,     0.2913109204
             1.09,     0.8921929554,     0.2485200455
            1.095,     0.8750958897,     0.2044912991
              1.1,     0.8574541164,     0.1592216086
            1.105,     0.8391881245,     0.1126201368
             1.11,     0.8201965597,    0.06453935206
            1.115,     0.8004150251,    0.01484121682
             1.12,     0.7797668652,   -0.03660554372
            1.125,      0.758118779,   -0.08995418423
             1.13,     0.7353638527,    -0.1453020081
            1.135,     0.7114918487,    -0.2026416015
             1.14,      0.686473248,    -0.2620298896
            1.145,     0.6601670576,    -0.3236783594
             1.15,     0.6324400814,    -0.3877701785
            1.155,      0.603254069,    -0.4543627781
             1.16,     0.5725799135,    -0.5235015094
            1.165,     0.5403352624,    -0.5953008837
             1.17,     0.5064216436,    -0.6699110406
            1.175,     0.4707584384,    -0.7474638317
             1.18,     0.4332538912,    -0.8281051531
            1.185,     0.3937618091,    -0.9120391062
             1.19,     0.3521093944,    -0.9994697019
            1.195,     0.3081972107,     -1.090467081
              1.2,     0.2620652056,     -1.184901454
            1.205,     0.2138347753,     -1.282541246
             1.21,     0.1635670613,     -1.383244387
            1.215,      0.111172129,     -1.487063299
             1.22,    0.05646661487,      -1.59414898
            1.225,  -0.000662660197,     -1.704519498
             1.23,   -0.06014295266,     -1.817915734
            1.235,    -0.1217720325,     -1.933913787
             1.24,    -0.1853937252,     -2.052182998
            1.245,    -0.2510042099,     -2.172609431
             1.25,    -0.3186919625,     -2.295185038
            1.255,    -0.3885076361,     -2.419834215
             1.26,    -0.4604020253,     -2.546352602
            1.265,    -0.5342564157,     -2.674450131
             1.27,    -0.6099427279,      -2.80382034
            1.275,    -0.6873609378,     -2.934199262
             1.28,    -0.7664412255,     -3.065382757
            1.285,    -0.8471191691,     -3.197182642
             1.29,    -0.9293103431,     -3.329376349
            1.295,     -1.012911128,     -3.461714737
              1.3,     -1.097820755,     -3.593960956
            1.305,     -1.183950033,     -3.725895599
             1.31,     -1.271200328,     -3.857291016
            1.315,     -1.359447175,     -3.987902117
             1.32,     -1.448559802,     -4.117483685
            1.325,     -1.538422145,     -4.245798403
             1.33,     -1.628919333,     -4.372608801
            1.335,     -1.719919291,     -4.497675056
             1.34,     -1.811278416,     -4.620756264
            1.345,     -1.902849117,     -4.741601906
             1.35,     -1.994481023,     -4.859952198
            1.355,     -2.086026062,     -4.975555195
             1.36,     -2.177340115,     -5.088179921
            1.365,     -2.268274993,      -5.19760697
             1.37,     -2.358671975,     -5.303604391
            1.375,     -2.448360567,     -5.405916262
             1.38,     -2.537162263,     -5.504279025
            1.385,     -2.624909191,     -5.598455425
             1.39,     -2.711459946,     -5.688251343
            1.395,      -2.79667783,     -5.773486729
              1.4,     -2.880384776,     -5.853936414
            1.405,     -2.962348378,     -5.929309379
             1.41,     -3.042325511,     -5.999302607
            1.415,     -3.120135038,      -6.06369458
             1.42,     -3.195698092,     -6.122405222
            1.425,     -3.268985801,     -6.175448426
             1.43,     -3.339898533,       -6.2227723
            1.435,     -3.408212172,     -6.264147563
             1.44,     -3.473670762,     -6.299276115
            1.445,      -3.53610243,     -6.327993728
             1.45,     -3.595396268,     -6.350265851
            1.455,     -3.651411336,     -6.366012461
             1.46,     -3.704004859,     -6.375103717
            1.465,     -3.753134742,     -6.377548676
             1.47,     -3.798822756,     -6.373506027
            1.475,     -3.840995521,     -6.363039726
             1.48,     -3.879441664,     -6.345998171
            1.485,     -3.913950316,     -6.322204245
             1.49,     -3.944440203,     -6.291673212
            1.495,     -3.970940485,     -6.254593782
              1.5,     -3.993493624,     -6.211171373
            1.505,     -4.012098955,     -6.161546406
             1.51,     -4.026716963,     -6.105819054
            1.515,     -4.037295281,     -6.044089333
             1.52,     -4.043795643,      -5.97647354
            1.525,     -4.046211124,     -5.903114416
             1.53,     -4.044559888,     -5.824185541
            1.535,     -4.038866227,     -5.739881558
             1.54,     -4.029154517,      -5.65040585
            1.545,     -4.015456232,     -5.555968839
             1.55,     -3.997814902,     -5.456794118
            1.555,     -3.976287914,      -5.35312363
             1.56,     -3.950945298,      -5.24521225
            1.565,     -3.921856455,     -5.133308641
             1.57,     -3.889069715,     -5.017635549
            1.575,     -3.852612886,     -4.898395915
             1.58,     -3.812526579,      -4.77581043
            1.585,     -3.768897792,      -4.65015081
             1.59,     -3.721855008,     -4.521730503
            1.595,     -3.671535225,     -4.390869419
              1.6,     -3.618062289,     -4.257871874
            1.605,     -3.561550973,     -4.123027842
             1.61,     -3.502117251,       -3.9866197
            1.615,      -3.43987292,     -3.848918332
             1.62,     -3.374909918,     -3.710171901
            1.625,     -3.307305678,     -3.570613911
             1.63,     -3.237162056,     -3.430500916
            1.635,     -3.164639622,     -3.290141577
             1.64,     -3.089943232,     -3.149877122
            1.645,     -3.013268875,     -3.010029039
             1.65,     -2.934764499,     -2.870865034
            1.655,     -2.854534849,     -2.732607779
             1.66,     -2.772673433,     -2.595465856
            1.665,     -2.689289433,     -2.459656329
             1.67,     -2.604516984,     -2.325410494
            1.675,     -2.518507729,     -2.192965197
             1.68,     -2.431413503,     -2.062547236
            1.685,       -2.3433741,     -1.934364167
             1.69,     -2.254521857,     -1.808610296
            1.695,     -2.164995633,     -1.685479184
              1.7,     -2.074941937,     -1.565162085
            1.705,     -1.984496299,     -1.447828989
             1.71,     -1.893763764,     -1.333611915
            1.715,      -1.80282408,      -1.22261198
             1.72,     -1.711761297,     -1.114926433
            1.725,     -1.620696575,     -1.010676021
             1.73,     -1.529796145,    -0.9100092273
            1.735,     -1.439241964,    -0.8130750143
             1.74,     -1.349188642,    -0.7199871504
            1.745,     -1.259738193,    -0.6308064524
             1.75,     -1.170946824,    -0.5455497877
            1.755,     -1.082851884,    -0.4642130054
             1.76,    -0.9954981774,     -0.386790851
            1.765,    -0.9089524238,    -0.3132870619
             1.77,    -0.8233022552,    -0.2437128943
            1.775,    -0.7386458189,    -0.1780790857
             1.78,    -0.6550798637,    -0.1163870407
            1.785,    -0.5726909671,   -0.05862249333
             1.79,    -0.4915523145,  -0.004753762716
            1.795,    -0.4117247368,    0.04526677571
              1.8,    -0.3332611128,    0.09149872181
            1.805,    -0.2562104087,     0.1340095704
             1.81,    -0.1806113828,     0.1728775742
            1.815,    -0.1064827214,     0.2081965164
             1.82,    -0.0338240949,     0.2400740698
            1.825,     0.0373659537,     0.2686208045
             1.83,     0.1070679538,     0.2939379308
            1.835,     0.1752375717,     0.3161161652
             1.84,      0.241821521,     0.3352447419
            1.845,     0.3067799345,     0.3514227921
             1.85,     0.3700998644,      0.364764832
            1.855,     0.4317892298,     0.3753959022
             1.86,     0.4918647291,     0.3834446878
            1.865,     0.5503402688,     0.3890372567
             1.87,     0.6072219674,     0.3922947903
            1.875,     0.6625097307,     0.3933344744
             1.88,     0.7162008741,     0.3922711564
            1.885,     0.7682951162,     0.3892194177
             1.89,     0.8187977698,     0.3842943689
            1.895,     0.8677139485,     0.3776089572
              1.9,     0.9150445258,     0.3692726302
            1.905,     0.9607821422,     0.3593902967
             1.91,      1.004904744,     0.3480609133
            1.915,      1.047383051,     0.3353806445
             1.92,      1.088197801,     0.3214474411
            1.925,        1.1273458,     0.3063614418
             1.93,      1.164835558,     0.2902228191
            1.935,      1.200673768,      0.273127843
             1.94,       1.23484604,     0.2551650862
            1.945,       1.26731687,     0.2364169325
             1.95,      1.298044515,      0.216963335
            1.955,      1.326988578,     0.1968831667
             1.96,      1.354108057,     0.1762536526
            1.965,       1.37935505,     0.1551495196
             1.97,      1.402670556,     0.1336429103
            1.975,      1.423989676,     0.1118043396
             1.98,      1.443255339,    0.08970364428
            1.985,      1.460424572,    0.06740933423
             1.99,        1.4754511,    0.04498665635
            1.995,      1.488248398,     0.0224969032
                2,      1.498670884,  9.284332781e-14
              nan,       1.08068466,     -2.297400414
