             Time,          Y-Force,   Work integrand,             Mass,       Mass error
                0,  -0.002941836258,                0,     0.7848375397,              nan
      0.001953125,  -0.003278007672, -1.828999522e-08,     0.7848375397,              nan
       0.00390625,  -0.003999977762, -9.063557304e-08,     0.7848375397,              nan
      0.005859375,  -0.004726921152, -2.447159467e-07,     0.7848375397,              nan
        0.0078125,  -0.005500585185, -5.149135754e-07,     0.7848375397,              nan
      0.009765625,  -0.006422977508,  -9.51457288e-07,     0.7848375397,              nan
       0.01171875,  -0.007499327702, -1.613551544e-06,     0.7848375397,              nan
      0.013671875,  -0.008684820263, -2.560601725e-06,     0.7848375397,              nan
         0.015625,  -0.009935663539, -3.850048548e-06,     0.7848375397,              nan
      0.017578125,   -0.01111406169, -5.499002065e-06,     0.7848375397,              nan
       0.01953125,   -0.01210661239, -7.496296945e-06,     0.7848375397,              nan
      0.021484375,   -0.01298659767, -9.890815061e-06,     0.7848375397,              nan
        0.0234375,   -0.01395232314, -1.283386177e-05,     0.7848375397,              nan
      0.025390625,   -0.01513699017,  -1.65087594e-05,     0.7848375397,              nan
       0.02734375,   -0.01654047638, -2.105169013e-05,     0.7848375397,              nan
      0.029296875,   -0.01809766291, -2.654830597e-05,     0.7848375397,              nan
          0.03125,   -0.01975195767, -3.307238363e-05,     0.7848375397,              nan
      0.033203125,    -0.0214763653, -4.071270241e-05,     0.7848375397,              nan
       0.03515625,   -0.02326394705, -4.957725437e-05,     0.7848375397,              nan
      0.037109375,   -0.02511590563,  -5.97880985e-05,     0.7848375397,              nan
        0.0390625,   -0.02703599958, -7.147765518e-05,     0.7848375397,              nan
      0.041015625,   -0.02902849944, -8.478723048e-05,     0.7848375397,              nan
       0.04296875,   -0.03109648182, -9.986439432e-05,     0.7848375397,              nan
      0.044921875,   -0.03324072866, -0.0001168594701,     0.7848375397,              nan
         0.046875,   -0.03546068809, -0.0001359254479,     0.7848375397,              nan
      0.048828125,   -0.03775694775, -0.0001572231817,     0.7848375397,              nan
       0.05078125,   -0.04013270067, -0.0001809271143,     0.7848375397,              nan
      0.052734375,   -0.04259269297, -0.0002072251162,     0.7848375397,              nan
        0.0546875,   -0.04514095709, -0.0002363125888,     0.7848375397,              nan
      0.056640625,   -0.04777965206, -0.0002683871887,     0.7848375397,              nan
       0.05859375,   -0.05050974116, -0.0003036491281,     0.7848375397,              nan
      0.060546875,    -0.0533324888, -0.0003423061769,     0.7848375397,              nan
           0.0625,   -0.05625055549, -0.0003845793473,     0.7848375397,              nan
      0.064453125,    -0.0592681442,  -0.000430705663,     0.7848375397,              nan
       0.06640625,   -0.06239022113, -0.0004809362112,     0.7848375397,              nan
      0.068359375,   -0.06562126729, -0.0005355302307,     0.7848375397,              nan
        0.0703125,   -0.06896435772, -0.0005947490157,     0.7848375397,              nan
      0.072265625,   -0.07242121197,  -0.000658854188,     0.7848375397,              nan
       0.07421875,   -0.07599310703, -0.0007281115165,     0.7848375397,              nan
      0.076171875,   -0.07968181934, -0.0008027964031,     0.7848375397,              nan
         0.078125,   -0.08348977493, -0.0008831953018,     0.7848375397,              nan
      0.080078125,   -0.08741930044,  -0.000969600644,     0.7848375397,              nan
       0.08203125,   -0.09147157526,  -0.001062302041,     0.7848375397,              nan
      0.083984375,   -0.09564598494,  -0.001161578894,     0.7848375397,              nan
        0.0859375,   -0.09994012055,   -0.00126769745,     0.7848375397,              nan
      0.087890625,    -0.1043501883,  -0.001380911672,     0.7848375397,              nan
       0.08984375,    -0.1088714847,  -0.001501465594,     0.7848375397,              nan
      0.091796875,    -0.1134988132,  -0.001629596061,     0.7848375397,              nan
          0.09375,    -0.1182269446,  -0.001765536818,     0.7848375397,              nan
      0.095703125,    -0.1230512256,  -0.001909525407,     0.7848375397,              nan
       0.09765625,     -0.127968251,  -0.002061812468,     0.7848375397,              nan
      0.099609375,    -0.1329763566,  -0.002222670988,     0.7848375397,              nan
        0.1015625,    -0.1380756982,  -0.002392402045,     0.7848375397,              nan
      0.103515625,    -0.1432678699,  -0.002571334971,     0.7848375397,              nan
       0.10546875,    -0.1485552343,  -0.002759822453,     0.7848375397,              nan
      0.107421875,    -0.1539402575,   -0.00295823337,     0.7848375397,              nan
         0.109375,    -0.1594250853,  -0.003166946516,     0.7848375397,              nan
      0.111328125,    -0.1650114404,  -0.003386347295,     0.7848375397,              nan
       0.11328125,    -0.1707007569,  -0.003616827504,     0.7848375398,              nan
      0.115234375,    -0.1764943909,  -0.003858786888,     0.7848375398,              nan
        0.1171875,    -0.1823937719,  -0.004112634851,     0.7848375398,              nan
      0.119140625,    -0.1884004449,  -0.004378791336,     0.7848375398,              nan
       0.12109375,    -0.1945160266,  -0.004657686813,     0.7848375398,              nan
      0.123046875,    -0.2007421175,  -0.004949761157,     0.7848375398,              nan
            0.125,    -0.2070801907,  -0.005255461374,     0.7848375398,              nan
      0.126953125,    -0.2135314281,  -0.005575236909,     0.7848375398,              nan
       0.12890625,    -0.2200964639,  -0.005909531414,     0.7848375398,              nan
      0.130859375,     -0.226775017,  -0.006258770347,     0.7848375398,              nan
        0.1328125,    -0.2335654584,  -0.006623345412,     0.7848375398,              nan
      0.134765625,    -0.2404644283,   -0.00700359878,     0.7848375398,              nan
       0.13671875,     -0.247466649,  -0.007399811326,     0.7848375398,              nan
      0.138671875,     -0.254565069,  -0.007812199626,     0.7848375398,              nan
         0.140625,    -0.2617513789,  -0.008240924443,     0.7848375398,              nan
      0.142578125,    -0.2690168513,  -0.008686111114,     0.7848375398,              nan
       0.14453125,    -0.2763533439,  -0.009147878808,     0.7848375398,              nan
      0.146484375,    -0.2837542442,  -0.009626372736,     0.7848375398,              nan
        0.1484375,    -0.2912151262,   -0.01012179152,     0.7848375398,              nan
      0.150390625,    -0.2987339334,   -0.01063440242,     0.7848375398,              nan
       0.15234375,    -0.3063105886,   -0.01116453789,     0.7848375398,              nan
      0.154296875,     -0.313946039,   -0.01171257045,     0.7848375398,              nan
          0.15625,    -0.3216408632,   -0.01227886673,     0.7848375398,              nan
      0.158203125,    -0.3293936508,   -0.01286372546,     0.7848375398,              nan
       0.16015625,    -0.3371994219,   -0.01346730809,     0.7848375398,              nan
      0.162109375,    -0.3450483702,   -0.01408957261,     0.7848375398,              nan
        0.1640625,    -0.3529251575,   -0.01473022227,     0.7848375398,              nan
      0.166015625,    -0.3608089204,   -0.01538867903,     0.7848375398,              nan
       0.16796875,    -0.3686740199,    -0.0160640879,     0.7848375398,              nan
      0.169921875,    -0.3764914693,    -0.0167553552,     0.7848375398,              nan
         0.171875,    -0.3842308509,   -0.01746121677,     0.7848375398,              nan
      0.173828125,    -0.3918624709,   -0.01818032811,     0.7848375398,              nan
       0.17578125,    -0.3993594724,   -0.01891136672,     0.7848375398,              nan
      0.177734375,    -0.4066996264,   -0.01965313165,     0.7848375398,              nan
        0.1796875,    -0.4138666039,   -0.02040462801,     0.7848375398,              nan
      0.181640625,    -0.4208505829,    -0.0211651271,     0.7848375398,              nan
       0.18359375,    -0.4276481835,   -0.02193419489,     0.7848375398,              nan
      0.185546875,    -0.4342617923,   -0.02271168763,     0.7848375398,              nan
           0.1875,    -0.4406984164,   -0.02349771732,     0.7848375398,              nan
      0.189453125,    -0.4469682675,   -0.02429259537,     0.7848375398,              nan
       0.19140625,    -0.4530832717,   -0.02509676176,     0.7848375398,              nan
      0.193359375,    -0.4590556722,    -0.0259107108,     0.7848375398,              nan
        0.1953125,    -0.4648968896,   -0.02673492329,     0.7848375398,              nan
      0.197265625,    -0.4706167076,   -0.02756981187,     0.7848375398,              nan
       0.19921875,    -0.4762228084,   -0.02841568308,     0.7848375398,              nan
      0.201171875,    -0.4817206538,   -0.02927271916,     0.7848375397,              nan
         0.203125,     -0.487113626,   -0.03014097716,     0.7848375397,              nan
      0.205078125,    -0.4924033593,   -0.03102040141,     0.7848375397,              nan
       0.20703125,    -0.4975901711,   -0.03191084583,     0.7848375397,              nan
      0.208984375,    -0.5026735006,   -0.03281209949,     0.7848375397,              nan
        0.2109375,    -0.5076523023,   -0.03372391211,     0.7848375397,              nan
      0.212890625,    -0.5125253452,   -0.03464601532,     0.7848375397,              nan
       0.21484375,    -0.5172913974,    -0.0355781358,     0.7848375397,              nan
      0.216796875,    -0.5219493281,    -0.0365200036,     0.7848375397,              nan
          0.21875,    -0.5264980919,   -0.03747135268,     0.7848375397,              nan
      0.220703125,    -0.5309366814,   -0.03843191586,     0.7848375397,              nan
       0.22265625,     -0.535264038,   -0.03940141649,     0.7848375397,              nan
      0.224609375,    -0.5394789573,   -0.04037955839,     0.7848375397,              nan
        0.2265625,     -0.543580006,   -0.04136601637,     0.7848375397,              nan
      0.228515625,    -0.5475654714,   -0.04236042713,     0.7848375397,              nan
       0.23046875,    -0.5514333251,   -0.04336238322,     0.7848375397,              nan
      0.232421875,    -0.5551812252,    -0.0443714292,     0.7848375397,              nan
         0.234375,    -0.5588065499,   -0.04538706042,     0.7848375397,              nan
      0.236328125,    -0.5623064471,   -0.04640872478,     0.7848375397,              nan
       0.23828125,    -0.5656779042,   -0.04743582598,     0.7848375397,              nan
      0.240234375,    -0.5689178347,   -0.04846772933,     0.7848375397,              nan
        0.2421875,    -0.5720231738,   -0.04950376933,     0.7848375397,              nan
      0.244140625,    -0.5749909835,   -0.05054325741,     0.7848375397,              nan
       0.24609375,    -0.5778185543,   -0.05158549286,     0.7848375397,              nan
      0.248046875,    -0.5805035226,   -0.05262977377,     0.7848375397,              nan
             0.25,    -0.5830439757,   -0.05367540862,     0.7848375397,              nan
      0.251953125,    -0.5854385498,   -0.05472172856,     0.7848375397,              nan
       0.25390625,    -0.5876865124,   -0.05576809966,     0.7848375397,              nan
      0.255859375,    -0.5897878242,   -0.05681393233,     0.7848375397,              nan
        0.2578125,    -0.5917431467,   -0.05785869064,     0.7848375397,              nan
      0.259765625,    -0.5935538314,   -0.05890189664,     0.7848375397,              nan
       0.26171875,    -0.5952218525,   -0.05994313186,     0.7848375397,              nan
      0.263671875,    -0.5967497106,   -0.06098203315,     0.7848375397,              nan
         0.265625,    -0.5981402789,   -0.06201828676,     0.7848375397,              nan
      0.267578125,    -0.5993968688,   -0.06305166591,     0.7848375397,              nan
       0.26953125,     -0.600522159,   -0.06408182149,     0.7848375397,              nan
      0.271484375,    -0.6015195122,   -0.06510857801,     0.7848375397,              nan
        0.2734375,    -0.6023916357,   -0.06613168973,     0.7848375397,              nan
      0.275390625,    -0.6031409799,   -0.06715091252,     0.7848375397,              nan
       0.27734375,    -0.6037695381,   -0.06816597842,     0.7848375397,              nan
      0.279296875,     -0.604278846,   -0.06917659401,     0.7848375397,              nan
          0.28125,    -0.6046699803,   -0.07018243688,     0.7848375397,              nan
      0.283203125,     -0.604943596,    -0.0711831558,     0.7848375397,              nan
       0.28515625,     -0.605099987,   -0.07217837312,     0.7848375397,              nan
      0.287109375,    -0.6051391664,   -0.07316768933,     0.7848375397,              nan
        0.2890625,    -0.6050609622,    -0.0741506895,     0.7848375397,              nan
      0.291015625,    -0.6048651256,   -0.07512695143,     0.7848375397,              nan
       0.29296875,    -0.6045514519,   -0.07609605576,     0.7848375397,              nan
      0.294921875,    -0.6041199174,   -0.07705759824,     0.7848375397,              nan
         0.296875,    -0.6035708283,   -0.07801120424,     0.7848375397,              nan
      0.298828125,    -0.6029049772,   -0.07895654545,     0.7848375397,              nan
       0.30078125,    -0.6021237979,   -0.07989335759,     0.7848375397,              nan
      0.302734375,    -0.6012295047,    -0.0808214576,     0.7848375397,              nan
        0.3046875,    -0.6002252058,   -0.08174075933,     0.7848375397,              nan
      0.306640625,    -0.5991149745,   -0.08265128613,     0.7848375397,              nan
       0.30859375,    -0.5979038594,   -0.08355317751,     0.7848375397,              nan
      0.310546875,    -0.5965978247,   -0.08444668839,     0.7848375397,              nan
           0.3125,    -0.5952036253,   -0.08533218095,     0.7848375397,              nan
      0.314453125,    -0.5937286291,   -0.08621011006,     0.7848375397,              nan
       0.31640625,    -0.5921806097,   -0.08708100454,     0.7848375397,              nan
      0.318359375,    -0.5905675357,   -0.08794544692,     0.7848375397,              nan
        0.3203125,    -0.5888973864,   -0.08880405482,     0.7848375397,              nan
      0.322265625,    -0.5871780339,   -0.08965746944,     0.7848375397,              nan
       0.32421875,    -0.5854172139,   -0.09050635395,     0.7848375397,              nan
      0.326171875,    -0.5836225896,   -0.09135140283,     0.7848375397,              nan
         0.328125,    -0.5818019182,   -0.09219336389,     0.7848375397,              nan
      0.330078125,    -0.5799633084,   -0.09303307289,     0.7848375397,              nan
       0.33203125,    -0.5781155288,   -0.09387149577,     0.7848375397,              nan
      0.333984375,    -0.5762683173,   -0.09470977295,     0.7848375397,              nan
        0.3359375,    -0.5744326465,   -0.09554925984,     0.7848375397,              nan
      0.337890625,    -0.5726208937,   -0.09639155678,     0.7848375397,              nan
       0.33984375,    -0.5708468771,   -0.09723852279,     0.7848375397,              nan
      0.341796875,    -0.5691257263,    -0.0980922681,     0.7848375397,              nan
          0.34375,    -0.5674735797,   -0.09895512327,     0.7848375397,              nan
      0.345703125,      -0.56590712,   -0.09982958527,     0.7848375397,              nan
       0.34765625,    -0.5644429802,    -0.1007182435,     0.7848375397,              nan
      0.349609375,    -0.5630970673,    -0.1016236908,     0.7848375397,              nan
        0.3515625,    -0.5618838631,    -0.1025484274,     0.7848375397,              nan
      0.353515625,    -0.5608157666,    -0.1034947649,     0.7848375397,              nan
       0.35546875,     -0.559902537,    -0.1044647399,     0.7848375397,              nan
      0.357421875,    -0.5591508908,    -0.1054600439,     0.7848375397,              nan
         0.359375,     -0.558564285,    -0.1064819754,     0.7848375397,              nan
      0.361328125,    -0.5581429043,     -0.107531418,     0.7848375397,              nan
       0.36328125,      -0.55788385,    -0.1086088456,     0.7848375397,              nan
      0.365234375,    -0.5577815056,    -0.1097143522,     0.7848375397,              nan
        0.3671875,    -0.5578280445,    -0.1108477036,     0.7848375397,              nan
      0.369140625,    -0.5580140388,    -0.1120084063,     0.7848375397,              nan
       0.37109375,    -0.5583291105,    -0.1131957868,     0.7848375397,              nan
      0.373046875,    -0.5587625703,    -0.1144090729,     0.7848375397,              nan
            0.375,    -0.5593040111,    -0.1156474733,     0.7848375397,              nan
      0.376953125,    -0.5599438257,    -0.1169102527,     0.7848375397,              nan
       0.37890625,    -0.5606736059,    -0.1181967932,     0.7848375397,              nan
      0.380859375,    -0.5614864104,    -0.1195066405,     0.7848375397,              nan
        0.3828125,    -0.5623769112,     -0.120839535,     0.7848375397,              nan
      0.384765625,    -0.5633414221,    -0.1221954282,     0.7848375397,              nan
       0.38671875,     -0.564377832,    -0.1235744857,     0.7848375397,              nan
      0.388671875,    -0.5654854856,    -0.1249770829,     0.7848375397,              nan
         0.390625,    -0.5666650014,      -0.12640379,     0.7848375397,              nan
      0.392578125,    -0.5679180267,    -0.1278553459,     0.7848375397,              nan
       0.39453125,    -0.5692470067,    -0.1293326313,     0.7848375397,              nan
      0.396484375,     -0.570654989,    -0.1308366449,     0.7848375397,              nan
        0.3984375,    -0.5721454133,    -0.1323684742,     0.7848375397,              nan
      0.400390625,    -0.5737219377,    -0.1339292698,     0.7848375397,              nan
       0.40234375,    -0.5753883387,    -0.1355202298,     0.7848375397,              nan
      0.404296875,    -0.5771484165,     -0.137142582,     0.7848375397,              nan
          0.40625,      -0.57900588,    -0.1387975587,     0.7848375397,              nan
      0.408203125,    -0.5809642864,    -0.1404863814,     0.7848375397,              nan
       0.41015625,    -0.5830270236,    -0.1422102523,     0.7848375397,              nan
      0.412109375,    -0.5851972663,    -0.1439703404,     0.7848375397,              nan
        0.4140625,    -0.5874779204,    -0.1457677634,     0.7848375397,              nan
      0.416015625,    -0.5898716216,    -0.1476035806,     0.7848375397,              nan
       0.41796875,    -0.5923807158,    -0.1494787841,     0.7848375397,              nan
      0.419921875,     -0.595007163,    -0.1513942757,     0.7848375397,              nan
         0.421875,    -0.5977524621,    -0.1533508484,     0.7848375397,              nan
      0.423828125,    -0.6006176267,    -0.1553491811,     0.7848375397,              nan
       0.42578125,    -0.6036031637,    -0.1573898318,     0.7848375397,              nan
      0.427734375,    -0.6067090407,    -0.1594732259,     0.7848375397,              nan
        0.4296875,      -0.60993464,    -0.1615996445,     0.7848375397,              nan
      0.431640625,    -0.6132787331,    -0.1637692206,     0.7848375397,              nan
       0.43359375,    -0.6167394971,    -0.1659819448,     0.7848375397,              nan
      0.435546875,     -0.620314556,    -0.1682376791,     0.7848375397,              nan
           0.4375,    -0.6240010435,    -0.1705361711,     0.7848375397,              nan
      0.439453125,    -0.6277956801,    -0.1728770721,     0.7848375397,              nan
       0.44140625,     -0.631694857,     -0.175259958,     0.7848375397,              nan
      0.443359375,    -0.6356947343,    -0.1776843533,     0.7848375397,              nan
        0.4453125,    -0.6397913479,    -0.1801497582,     0.7848375397,              nan
      0.447265625,    -0.6439807144,    -0.1826556771,     0.7848375397,              nan
       0.44921875,     -0.648258923,    -0.1852016448,     0.7848375397,              nan
      0.451171875,    -0.6526222174,    -0.1877872477,     0.7848375397,              nan
         0.453125,    -0.6570670606,    -0.1904121408,     0.7848375397,              nan
      0.455078125,    -0.6615901756,    -0.1930760591,     0.7848375397,              nan
       0.45703125,    -0.6661885586,    -0.1957788221,     0.7848375397,              nan
      0.458984375,    -0.6708594632,    -0.1985203295,     0.7848375397,              nan
        0.4609375,      -0.67560036,    -0.2013005502,     0.7848375397,              nan
      0.462890625,    -0.6804088685,    -0.2041195026,     0.7848375397,              nan
       0.46484375,    -0.6852826667,    -0.2069772265,     0.7848375397,              nan
      0.466796875,    -0.6902193806,    -0.2098737498,     0.7848375397,              nan
          0.46875,    -0.6952164614,    -0.2128090491,     0.7848375397,              nan
      0.470703125,     -0.700271057,     -0.215783007,     0.7848375397,              nan
       0.47265625,    -0.7053798853,    -0.2187953686,     0.7848375397,              nan
      0.474609375,    -0.7105391159,    -0.2218456985,     0.7848375397,              nan
        0.4765625,    -0.7157442728,    -0.2249333418,     0.7848375397,              nan
      0.478515625,    -0.7209901639,    -0.2280573931,     0.7848375397,              nan
       0.48046875,    -0.7262708405,    -0.2312166718,     0.7848375397,              nan
      0.482421875,    -0.7315795907,     -0.234409709,     0.7848375397,              nan
         0.484375,     -0.736908968,    -0.2376347441,     0.7848375397,              nan
      0.486328125,     -0.742250852,    -0.2408897327,     0.7848375397,              nan
       0.48828125,    -0.7475965347,    -0.2441723629,     0.7848375397,              nan
      0.490234375,    -0.7529368223,    -0.2474800793,     0.7848375397,              nan
        0.4921875,    -0.7582621421,    -0.2508101098,     0.7848375397,              nan
      0.494140625,    -0.7635626436,    -0.2541594936,     0.7848375397,              nan
       0.49609375,    -0.7688276027,     -0.257524752,     0.7848375397,              nan
      0.498046875,    -0.7740477638,    -0.2609027967,     0.7848375397,              nan
              0.5,    -0.7792133354,    -0.2642910247,     0.7848375397,              nan
      0.501953125,    -0.7843129776,    -0.2676851895,     0.7848375397,              nan
       0.50390625,    -0.7893364373,    -0.2710817116,     0.7848375397,              nan
      0.505859375,    -0.7942730664,    -0.2744767686,     0.7848375397,              nan
        0.5078125,    -0.7991120903,    -0.2778664104,     0.7848375397,              nan
      0.509765625,    -0.8038425259,    -0.2812465135,     0.7848375397,              nan
       0.51171875,    -0.8084532389,    -0.2846128077,     0.7848375397,              nan
      0.513671875,    -0.8129329955,    -0.2879608959,     0.7848375397,              nan
         0.515625,    -0.8172705887,    -0.2912862827,     0.7848375397,              nan
      0.517578125,    -0.8214550141,    -0.2945844357,     0.7848375397,              nan
       0.51953125,    -0.8254757051,    -0.2978508662,     0.7848375397,              nan
      0.521484375,     -0.829322813,    -0.3010812279,     0.7848375397,              nan
        0.5234375,    -0.8329875168,    -0.3042714306,     0.7848375398,              nan
      0.525390625,    -0.8364623448,    -0.3074177633,     0.7848375398,              nan
       0.52734375,     -0.839741464,    -0.3105170124,     0.7848375398,              nan
      0.529296875,    -0.8428209313,    -0.3135665723,     0.7848375398,              nan
          0.53125,    -0.8456988969,    -0.3165645433,     0.7848375398,              nan
      0.533203125,    -0.8483757093,    -0.3195097999,     0.7848375398,              nan
       0.53515625,     -0.850853905,    -0.3224020188,     0.7848375398,              nan
      0.537109375,    -0.8531381045,    -0.3252416747,     0.7848375398,              nan
        0.5390625,    -0.8552348233,    -0.3280300054,     0.7848375398,              nan
      0.541015625,    -0.8571538904,    -0.3307703614,     0.7848375398,              nan
       0.54296875,    -0.8589005486,     -0.333462088,     0.7848375398,              nan
      0.544921875,    -0.8604878628,    -0.3361100467,     0.7848375398,              nan
         0.546875,    -0.8619256159,     -0.338717126,     0.7848375398,              nan
      0.548828125,    -0.8632242255,    -0.3412866511,     0.7848375398,              nan
       0.55078125,    -0.8643934208,    -0.3438218202,     0.7848375398,              nan
      0.552734375,    -0.8654420347,    -0.3463256259,     0.7848375398,              nan
        0.5546875,     -0.866377655,    -0.3488007054,     0.7848375398,              nan
      0.556640625,     -0.867206403,    -0.3512492326,     0.7848375398,              nan
       0.55859375,     -0.867932791,    -0.3536728383,     0.7848375398,              nan
      0.560546875,     -0.868559671,    -0.3560725611,     0.7848375398,              nan
           0.5625,    -0.8690882624,    -0.3584488309,     0.7848375398,              nan
      0.564453125,    -0.8695182557,    -0.3608014812,     0.7848375398,              nan
       0.56640625,    -0.8698479763,    -0.3631297888,     0.7848375398,              nan
      0.568359375,    -0.8700745932,    -0.3654325331,     0.7848375398,              nan
        0.5703125,    -0.8701943532,    -0.3677080714,     0.7848375398,              nan
      0.572265625,    -0.8702028263,    -0.3699544213,     0.7848375398,              nan
       0.57421875,    -0.8700951505,    -0.3721693481,     0.7848375398,              nan
      0.576171875,    -0.8698662648,     -0.374350451,     0.7848375398,              nan
         0.578125,    -0.8695111178,    -0.3764952433,     0.7848375398,              nan
      0.580078125,    -0.8690248397,    -0.3786012219,     0.7848375398,              nan
       0.58203125,    -0.8684029379,    -0.3806659416,     0.7848375398,              nan
      0.583984375,    -0.8676414965,    -0.3826870877,     0.7848375398,              nan
        0.5859375,    -0.8667369941,    -0.3846624367,     0.7848375398,              nan
      0.587890625,    -0.8656862364,    -0.3865898553,     0.7848375398,              nan
       0.58984375,    -0.8644869897,    -0.3884675029,     0.7848375398,              nan
      0.591796875,    -0.8631380113,    -0.3902938374,     0.7848375398,              nan
          0.59375,    -0.8616386649,    -0.3920675001,     0.7848375398,              nan
      0.595703125,     -0.859988892,    -0.3937873227,     0.7848375398,              nan
       0.59765625,     -0.858189216,    -0.3954523411,     0.7848375398,              nan
      0.599609375,    -0.8562410013,    -0.3970618819,     0.7848375398,              nan
        0.6015625,    -0.8541464223,    -0.3986155587,     0.7848375398,              nan
      0.603515625,    -0.8519081662,    -0.4001131761,     0.7848375398,              nan
       0.60546875,     -0.849529676,    -0.4015548202,     0.7848375398,              nan
      0.607421875,     -0.847015154,    -0.4029408932,     0.7848375398,              nan
         0.609375,    -0.8443691538,    -0.4042719924,     0.7848375398,              nan
      0.611328125,    -0.8415966601,    -0.4055489138,     0.7848375398,              nan
       0.61328125,    -0.8387032509,    -0.4067727079,     0.7848375398,              nan
      0.615234375,    -0.8356948135,    -0.4079446177,     0.7848375398,              nan
        0.6171875,    -0.8325772664,    -0.4090659937,     0.7848375398,              nan
      0.619140625,    -0.8293566647,     -0.410138324,     0.7848375398,              nan
       0.62109375,    -0.8260393453,    -0.4111632961,     0.7848375398,              nan
      0.623046875,    -0.8226316716,    -0.4121427249,     0.7848375398,              nan
            0.625,    -0.8191397667,     -0.413078454,     0.7848375398,              nan
      0.626953125,    -0.8155695584,    -0.4139723526,     0.7848375398,              nan
       0.62890625,    -0.8119267681,    -0.4148263027,     0.7848375398,              nan
      0.630859375,    -0.8082169464,     -0.415642223,     0.7848375398,              nan
        0.6328125,    -0.8044456248,    -0.4164221385,     0.7848375398,              nan
      0.634765625,    -0.8006181787,    -0.4171681266,     0.7848375398,              nan
       0.63671875,    -0.7967398362,    -0.4178823018,     0.7848375398,              nan
      0.638671875,    -0.7928157583,    -0.4185668291,     0.7848375398,              nan
         0.640625,    -0.7888510875,    -0.4192239397,     0.7848375398,              nan
      0.642578125,    -0.7848512101,    -0.4198560275,     0.7848375398,              nan
       0.64453125,    -0.7808218399,    -0.4204656784,     0.7848375398,              nan
      0.646484375,    -0.7767691015,    -0.4210556969,     0.7848375398,              nan
        0.6484375,    -0.7726995152,    -0.4216290887,     0.7848375398,              nan
      0.650390625,    -0.7686199774,     -0.422189042,     0.7848375398,              nan
       0.65234375,    -0.7645379334,    -0.4227389928,     0.7848375398,              nan
      0.654296875,    -0.7604614174,    -0.4232826401,     0.7848375398,              nan
          0.65625,    -0.7563990129,    -0.4238239238,     0.7848375398,              nan
      0.658203125,    -0.7523598092,    -0.4243670039,     0.7848375398,              nan
       0.66015625,    -0.7483533365,    -0.4249162375,     0.7848375398,              nan
      0.662109375,    -0.7443894859,    -0.4254761438,     0.7848375398,              nan
        0.6640625,    -0.7404784188,     -0.426051365,     0.7848375398,              nan
      0.666015625,    -0.7366304781,    -0.4266466326,     0.7848375398,              nan
       0.66796875,    -0.7328560941,    -0.4272667321,     0.7848375398,              nan
      0.669921875,     -0.729165689,    -0.4279164666,     0.7848375398,              nan
         0.671875,    -0.7255695871,     -0.428600621,     0.7848375398,              nan
      0.673828125,    -0.7220779326,     -0.429323931,     0.7848375398,              nan
       0.67578125,    -0.7187006151,    -0.4300910544,     0.7848375398,              nan
      0.677734375,    -0.7154471972,    -0.4309065424,     0.7848375398,              nan
        0.6796875,    -0.7123268412,    -0.4317748106,     0.7848375398,              nan
      0.681640625,     -0.709348225,    -0.4327001019,     0.7848375398,              nan
       0.68359375,    -0.7065194371,    -0.4336864405,     0.7848375398,              nan
      0.685546875,    -0.7038478953,    -0.4347375968,     0.7848375398,              nan
           0.6875,    -0.7013402198,    -0.4358570285,     0.7848375398,              nan
      0.689453125,    -0.6990020722,    -0.4370478031,     0.7848375398,              nan
       0.69140625,    -0.6968380273,    -0.4383125421,     0.7848375398,              nan
      0.693359375,    -0.6948514936,    -0.4396533837,     0.7848375398,              nan
        0.6953125,    -0.6930445511,    -0.4410718972,     0.7848375398,              nan
      0.697265625,    -0.6914177432,    -0.4425689802,     0.7848375398,              nan
       0.69921875,     -0.689970056,    -0.4441448422,     0.7848375398,              nan
      0.701171875,    -0.6886987943,    -0.4457989347,     0.7848375398,              nan
         0.703125,    -0.6875996473,    -0.4475299885,     0.7848375398,              nan
      0.705078125,    -0.6866670595,    -0.4493361984,     0.7848375398,              nan
       0.70703125,    -0.6858940379,     -0.451215118,     0.7848375398,              nan
      0.708984375,    -0.6852721143,    -0.4531636276,     0.7848375398,              nan
        0.7109375,    -0.6847918128,    -0.4551780903,     0.7848375398,              nan
      0.712890625,    -0.6844430386,    -0.4572545082,     0.7848375398,              nan
       0.71484375,    -0.6842155551,    -0.4593888484,     0.7848375398,              nan
      0.716796875,    -0.6840992147,    -0.4615771954,     0.7848375398,              nan
          0.71875,    -0.6840843409,    -0.4638159187,     0.7848375398,              nan
      0.720703125,    -0.6841622156,     -0.466101857,     0.7848375398,              nan
       0.72265625,    -0.6843248073,    -0.4684320632,     0.7848375398,              nan
      0.724609375,    -0.6845651766,      -0.47080404,     0.7848375398,              nan
        0.7265625,    -0.6848782605,    -0.4732163035,     0.7848375398,              nan
      0.728515625,    -0.6852601913,     -0.475668092,     0.7848375398,              nan
       0.73046875,    -0.6857094817,    -0.4781598114,     0.7848375398,              nan
      0.732421875,    -0.6862271548,    -0.4806930003,     0.7848375398,              nan
         0.734375,    -0.6868134472,    -0.4832686915,     0.7848375398,              nan
      0.736328125,    -0.6874699109,    -0.4858885675,     0.7848375398,              nan
       0.73828125,      -0.68820223,    -0.4885565137,     0.7848375398,              nan
      0.740234375,    -0.6890157878,    -0.4912762508,     0.7848375398,              nan
        0.7421875,    -0.6899138188,    -0.4940502954,     0.7848375398,              nan
      0.744140625,     -0.690900823,    -0.4968818982,     0.7848375398,              nan
       0.74609375,    -0.6919833089,    -0.4997755046,     0.7848375398,              nan
      0.748046875,    -0.6931675761,    -0.5027354449,     0.7848375398,              nan
             0.75,    -0.6944585595,    -0.5057652196,     0.7848375398,              nan
      0.751953125,    -0.6958601471,    -0.5088676936,     0.7848375398,              nan
       0.75390625,    -0.6973755378,    -0.5120453346,     0.7848375398,              nan
      0.755859375,    -0.6990071313,    -0.5153001645,     0.7848375398,              nan
        0.7578125,    -0.7007562665,    -0.5186336045,     0.7848375398,              nan
      0.759765625,     -0.702623094,    -0.5220463833,     0.7848375398,              nan
       0.76171875,    -0.7046065866,    -0.5255385264,     0.7848375398,              nan
      0.763671875,     -0.706704603,    -0.5291093786,     0.7848375398,              nan
         0.765625,    -0.7089139625,    -0.5327576419,     0.7848375398,              nan
      0.767578125,    -0.7112305318,    -0.5364814227,     0.7848375398,              nan
       0.76953125,    -0.7136493293,    -0.5402782921,     0.7848375398,              nan
      0.771484375,    -0.7161646399,    -0.5441453469,     0.7848375398,              nan
        0.7734375,    -0.7187702026,    -0.5480792967,     0.7848375398,              nan
      0.775390625,    -0.7214591731,    -0.5520764715,     0.7848375398,              nan
       0.77734375,    -0.7242235156,    -0.5561326212,     0.7848375398,              nan
      0.779296875,    -0.7270547298,    -0.5602431242,     0.7848375398,              nan
          0.78125,    -0.7299444092,    -0.5644031174,     0.7848375398,              nan
      0.783203125,    -0.7328836156,    -0.5686075908,     0.7848375398,              nan
       0.78515625,     -0.735865766,     -0.572852963,     0.7848375398,              nan
      0.787109375,    -0.7388863423,    -0.5771362943,     0.7848375398,              nan
        0.7890625,    -0.7419380216,    -0.5814525923,     0.7848375398,              nan
      0.791015625,    -0.7450122455,    -0.5857967059,     0.7848375398,              nan
       0.79296875,    -0.7481019996,    -0.5901649711,     0.7848375398,              nan
      0.794921875,     -0.751199992,    -0.5945534132,     0.7848375398,              nan
         0.796875,    -0.7542970924,    -0.5989567763,     0.7848375398,              nan
      0.798828125,    -0.7573835556,    -0.6033692131,     0.7848375398,              nan
       0.80078125,    -0.7604511089,    -0.6077854885,     0.7848375398,              nan
      0.802734375,    -0.7634930359,    -0.6122014862,     0.7848375398,              nan
        0.8046875,    -0.7665027511,    -0.6166134057,     0.7848375398,              nan
      0.806640625,    -0.7694729318,    -0.6210168565,     0.7848375398,              nan
       0.80859375,    -0.7723964892,    -0.6254072885,     0.7848375398,              nan
      0.810546875,    -0.7752669256,      -0.62978039,     0.7848375398,              nan
           0.8125,    -0.7780780729,    -0.6341320032,     0.7848375398,              nan
      0.814453125,    -0.7808236191,    -0.6384579181,     0.7848375398,              nan
       0.81640625,    -0.7834967221,    -0.6427537648,     0.7848375398,              nan
      0.818359375,    -0.7860901718,    -0.6470149026,     0.7848375398,              nan
        0.8203125,    -0.7885963494,    -0.6512362293,     0.7848375398,              nan
      0.822265625,    -0.7910074859,    -0.6554124692,     0.7848375398,              nan
       0.82421875,    -0.7933157948,    -0.6595383276,     0.7848375398,              nan
      0.826171875,    -0.7955133528,    -0.6636083828,     0.7848375398,              nan
         0.828125,    -0.7975919725,    -0.6676169905,     0.7848375398,              nan
      0.830078125,    -0.7995431852,    -0.6715582557,     0.7848375398,              nan
       0.83203125,    -0.8013583908,    -0.6754261268,     0.7848375398,              nan
      0.833984375,    -0.8030291292,    -0.6792145557,     0.7848375398,              nan
        0.8359375,    -0.8045473059,    -0.6829176173,     0.7848375398,              nan
      0.837890625,    -0.8059052428,    -0.6865295407,     0.7848375398,              nan
       0.83984375,    -0.8070956541,    -0.6900447208,     0.7848375398,              nan
      0.841796875,     -0.808111689,    -0.6934577769,     0.7848375398,              nan
          0.84375,    -0.8089470455,     -0.696763643,     0.7848375398,              nan
      0.845703125,    -0.8095961064,    -0.6999576595,     0.7848375398,              nan
       0.84765625,     -0.810054076,    -0.7030356693,     0.7848375398,              nan
      0.849609375,     -0.810317105,    -0.7059941054,     0.7848375398,              nan
        0.8515625,    -0.8103823743,    -0.7088300601,     0.7848375398,              nan
      0.853515625,    -0.8102481935,     -0.711541361,     0.7848375398,              nan
       0.85546875,     -0.809914099,    -0.7141266539,     0.7848375398,              nan
      0.857421875,    -0.8093808708,    -0.7165854256,     0.7848375398,              nan
         0.859375,    -0.8086505554,    -0.7189180361,     0.7848375398,              nan
      0.861328125,    -0.8077265594,    -0.7211257929,     0.7848375398,              nan
       0.86328125,    -0.8066136062,    -0.7232109322,     0.7848375398,              nan
      0.865234375,    -0.8053176474,    -0.7251765718,     0.7848375398,              nan
        0.8671875,    -0.8038458731,    -0.7270267004,     0.7848375398,              nan
      0.869140625,    -0.8022064736,    -0.7287660537,     0.7848375398,              nan
       0.87109375,    -0.8004085923,    -0.7304000751,     0.7848375398,              nan
      0.873046875,      -0.79846217,    -0.7319347668,     0.7848375398,              nan
            0.875,    -0.7963775359,    -0.7333764487,     0.7848375398,              nan
      0.876953125,    -0.7941652063,    -0.7347316715,     0.7848375398,              nan
       0.87890625,    -0.7918356051,    -0.7360069757,     0.7848375398,              nan
      0.880859375,    -0.7893988655,    -0.7372086664,     0.7848375398,              nan
        0.8828125,    -0.7868645597,    -0.7383426673,     0.7848375398,              nan
      0.884765625,    -0.7842413119,    -0.7394143278,     0.7848375398,              nan
       0.88671875,    -0.7815365013,    -0.7404282745,     0.7848375398,              nan
      0.888671875,    -0.7787560306,    -0.7413881559,     0.7848375398,              nan
         0.890625,    -0.7759044278,    -0.7422965862,     0.7848375398,              nan
      0.892578125,    -0.7729850609,    -0.7431552635,     0.7848375398,              nan
       0.89453125,     -0.769999246,    -0.7439645333,     0.7848375398,              nan
      0.896484375,    -0.7669460866,    -0.7447233842,     0.7848375398,              nan
        0.8984375,    -0.7638240627,     -0.745430171,     0.7848375398,              nan
      0.900390625,    -0.7606310947,    -0.7460827637,     0.7848375398,              nan
       0.90234375,    -0.7573630341,    -0.7466779055,     0.7848375398,              nan
      0.904296875,    -0.7540142346,    -0.7472111852,     0.7848375398,              nan
          0.90625,    -0.7505797373,    -0.7476782989,     0.7848375398,              nan
      0.908203125,     -0.747054831,    -0.7480752756,     0.7848375398,              nan
       0.91015625,    -0.7434333468,    -0.7483974301,     0.7848375398,              nan
      0.912109375,    -0.7397082673,    -0.7486394086,     0.7848375398,              nan
        0.9140625,      -0.73587396,    -0.7487967433,     0.7848375398,              nan
      0.916015625,     -0.731927642,    -0.7488668791,     0.7848375398,              nan
       0.91796875,    -0.7278696377,    -0.7488489377,     0.7848375398,              nan
      0.919921875,    -0.7237014604,    -0.7487425981,     0.7848375398,              nan
         0.921875,    -0.7194228216,    -0.7485469683,     0.7848375398,              nan
      0.923828125,      -0.71503279,    -0.7482615591,     0.7848375398,              nan
       0.92578125,     -0.710533325,    -0.7478878789,     0.7848375398,              nan
      0.927734375,    -0.7059296032,    -0.7474290302,     0.7848375398,              nan
        0.9296875,    -0.7012281273,     -0.746888617,     0.7848375398,              nan
      0.931640625,    -0.6964358259,    -0.7462706686,     0.7848375398,              nan
       0.93359375,    -0.6915602743,    -0.7455800275,     0.7848375398,              nan
      0.935546875,    -0.6866099543,    -0.7448224114,     0.7848375398,              nan
           0.9375,    -0.6815942043,    -0.7440041987,     0.7848375398,              nan
      0.939453125,    -0.6765229862,    -0.7431321956,     0.7848375398,              nan
       0.94140625,    -0.6714066132,    -0.7422134686,     0.7848375398,              nan
      0.943359375,    -0.6662555111,    -0.7412552254,     0.7848375398,              nan
        0.9453125,    -0.6610800425,    -0.7402647193,     0.7848375398,              nan
      0.947265625,    -0.6558903996,    -0.7392491746,     0.7848375398,              nan
       0.94921875,    -0.6506965272,    -0.7382157195,     0.7848375398,              nan
      0.951171875,    -0.6455080251,    -0.7371713049,     0.7848375398,              nan
         0.953125,    -0.6403340232,    -0.7361226043,     0.7848375398,              nan
      0.955078125,    -0.6351830836,    -0.7350759305,     0.7848375398,              nan
       0.95703125,    -0.6300631569,    -0.7340371935,     0.7848375398,              nan
      0.958984375,    -0.6249815693,    -0.7330118868,     0.7848375398,              nan
        0.9609375,    -0.6199450097,    -0.7320050709,     0.7848375398,              nan
      0.962890625,    -0.6149595271,    -0.7310213506,     0.7848375398,              nan
       0.96484375,    -0.6100305608,    -0.7300648671,     0.7848375398,              nan
      0.966796875,    -0.6051629913,    -0.7291393133,     0.7848375398,              nan
          0.96875,    -0.6003611934,    -0.7282479623,     0.7848375398,              nan
      0.970703125,    -0.5956290881,    -0.7273937024,     0.7848375398,              nan
       0.97265625,    -0.5909702089,    -0.7265790823,     0.7848375398,              nan
      0.974609375,    -0.5863877818,    -0.7258063674,     0.7848375398,              nan
        0.9765625,     -0.581884812,    -0.7250775993,     0.7848375398,              nan
      0.978515625,    -0.5774641654,    -0.7243946519,     0.7848375398,              nan
       0.98046875,    -0.5731286383,    -0.7237592819,     0.7848375398,              nan
      0.982421875,    -0.5688810157,    -0.7231731742,     0.7848375398,              nan
         0.984375,    -0.5647241137,    -0.7226379812,     0.7848375398,              nan
      0.986328125,    -0.5606608044,    -0.7221553537,     0.7848375398,              nan
       0.98828125,    -0.5566940198,    -0.7217269588,     0.7848375398,              nan
      0.990234375,    -0.5528267396,     -0.721354486,     0.7848375398,              nan
        0.9921875,    -0.5490619642,    -0.7210396402,     0.7848375398,              nan
      0.994140625,    -0.5454026735,    -0.7207841201,     0.7848375398,              nan
       0.99609375,    -0.5418517723,    -0.7205895855,     0.7848375398,              nan
      0.998046875,    -0.5384120199,    -0.7204576132,     0.7848375398,              nan
                1,    -0.5350859398,    -0.7203896429,     0.7848375398,              nan
              nan,    -0.5915407814,    -0.3065366799,     0.7848375397,              nan
