             Time,          Y-Force,   Work integrand,             Mass,       Mass error
                0,  1.289860796e-06,                0,     0.7853983758,              nan
     0.0009765625, -2.513644019e-05, -5.820675172e-11,     0.7853983758,              nan
      0.001953125, -4.917715635e-05, -5.962768894e-10,     0.7853983758,              nan
     0.0029296875,    -0.0001278089, -2.909243763e-09,     0.7853983758,              nan
       0.00390625, -0.0002222351318, -8.540733677e-09,     0.7853983758,              nan
     0.0048828125, -0.0003402571214, -1.972250678e-08,     0.7853983758,              nan
      0.005859375, -0.0004841408302, -3.926077836e-08,     0.7853983758,              nan
     0.0068359375, -0.0006533648503,  -7.04154431e-08,     0.7853983758,              nan
        0.0078125, -0.0008470962189, -1.169069695e-07,     0.7853983758,              nan
     0.0087890625,  -0.001065855939, -1.830515332e-07,     0.7853983758,              nan
      0.009765625,  -0.001310016992, -2.736960821e-07,     0.7853983758,              nan
     0.0107421875,  -0.001579607341, -3.941517483e-07,     0.7853983758,              nan
       0.01171875,  -0.001874450645, -5.501688077e-07,     0.7853983758,              nan
     0.0126953125,    -0.0021942224,  -7.47931685e-07,     0.7853983758,              nan
      0.013671875,  -0.002538785916, -9.941289093e-07,     0.7853983758,              nan
     0.0146484375,  -0.002908334225, -1.296019812e-06,     0.7853983758,              nan
         0.015625,  -0.003303192911, -1.661420149e-06,     0.7853983758,              nan
     0.0166015625,  -0.003723592495,  -2.09863942e-06,     0.7853983758,              nan
      0.017578125,  -0.004169597707, -2.616427577e-06,     0.7853983758,              nan
     0.0185546875,  -0.004641168816, -3.223957834e-06,     0.7853983758,              nan
       0.01953125,  -0.005138241821, -3.930836872e-06,     0.7853983758,              nan
     0.0205078125,  -0.005660758634, -4.747121702e-06,     0.7853983758,              nan
      0.021484375,  -0.006208677811, -5.683344758e-06,     0.7853983758,              nan
     0.0224609375,  -0.006782002327, -6.750552563e-06,     0.7853983758,              nan
        0.0234375,  -0.007380809705, -7.960342541e-06,     0.7853983758,              nan
     0.0244140625,  -0.008005261744, -9.324881317e-06,     0.7853983758,              nan
      0.025390625,  -0.008655577274, -1.085688839e-05,     0.7853983758,              nan
     0.0263671875,  -0.009331974384, -1.256958316e-05,     0.7853983758,              nan
       0.02734375,   -0.01003460328, -1.447660647e-05,     0.7853983758,              nan
     0.0283203125,   -0.01076349967, -1.659194449e-05,     0.7853983758,              nan
      0.029296875,   -0.01151858324, -1.892989326e-05,     0.7853983758,              nan
     0.0302734375,   -0.01229970363, -2.150508958e-05,     0.7853983758,              nan
          0.03125,   -0.01310671113, -2.433260026e-05,     0.7853983758,              nan
     0.0322265625,   -0.01393951795, -2.742802801e-05,     0.7853983758,              nan
      0.033203125,   -0.01479812529,  -3.08075833e-05,     0.7853983758,              nan
     0.0341796875,   -0.01568261361, -3.448809395e-05,     0.7853983758,              nan
       0.03515625,   -0.01659311375, -3.848696348e-05,     0.7853983758,              nan
     0.0361328125,   -0.01752978171,  -4.28221167e-05,     0.7853983758,              nan
      0.037109375,   -0.01849278894, -4.751196903e-05,     0.7853983758,              nan
     0.0380859375,   -0.01948232376, -5.257542822e-05,     0.7853983758,              nan
        0.0390625,   -0.02049858921, -5.803190705e-05,     0.7853983758,              nan
     0.0400390625,   -0.02154178533, -6.390131211e-05,     0.7853983758,              nan
      0.041015625,   -0.02261207386, -7.020398465e-05,     0.7853983758,              nan
     0.0419921875,    -0.0237095354, -7.696059615e-05,     0.7853983758,              nan
       0.04296875,   -0.02483413505, -8.419202951e-05,     0.7853983758,              nan
     0.0439453125,   -0.02598571173, -9.191929214e-05,     0.7853983758,              nan
      0.044921875,   -0.02716399876, -0.0001001635025,     0.7853983758,              nan
     0.0458984375,   -0.02836867264, -0.0001089459693,     0.7853983758,              nan
         0.046875,   -0.02959941852, -0.0001182883515,     0.7853983758,              nan
     0.0478515625,   -0.03085599597, -0.0001282128624,     0.7853983758,              nan
      0.048828125,   -0.03213829076, -0.0001387424678,     0.7853983758,              nan
     0.0498046875,   -0.03344634323, -0.0001499010361,     0.7853983758,              nan
       0.05078125,   -0.03478035111, -0.0001617134123,     0.7853983758,              nan
     0.0517578125,   -0.03614064934, -0.0001742054092,     0.7853983758,              nan
      0.052734375,   -0.03752767223, -0.0001874037203,     0.7853983758,              nan
     0.0537109375,   -0.03894190345, -0.0002013357689,     0.7853983758,              nan
        0.0546875,   -0.04038381893, -0.0002160295063,     0.7853983758,              nan
     0.0556640625,   -0.04185382823,  -0.000231513178,     0.7853983758,              nan
      0.056640625,   -0.04335222097, -0.0002478150828,     0.7853983758,              nan
     0.0576171875,   -0.04487912601, -0.0002649633583,     0.7853983758,              nan
       0.05859375,   -0.04643449066, -0.0002829858312,     0.7853983758,              nan
     0.0595703125,   -0.04801808467, -0.0003019099654,     0.7853983758,              nan
      0.060546875,   -0.04962952893, -0.0003217629238,     0.7853983758,              nan
     0.0615234375,   -0.05126834418, -0.0003425717355,     0.7853983758,              nan
           0.0625,   -0.05293401088,  -0.000364363539,     0.7853983758,              nan
     0.0634765625,   -0.05462603002, -0.0003871658548,     0.7853983758,              nan
      0.064453125,   -0.05634397595, -0.0004110068417,     0.7853983758,              nan
     0.0654296875,    -0.0580875351, -0.0004359155028,     0.7853983758,              nan
       0.06640625,   -0.05985652813, -0.0004619218204,     0.7853983758,              nan
     0.0673828125,   -0.06165091632, -0.0004890568192,     0.7853983758,              nan
      0.068359375,   -0.06347079434, -0.0005173525644,     0.7853983758,              nan
     0.0693359375,   -0.06531637237, -0.0005468421052,     0.7853983758,              nan
        0.0703125,   -0.06718795001, -0.0005775593709,     0.7853983758,              nan
     0.0712890625,   -0.06908588377, -0.0006095390218,     0.7853983758,              nan
      0.072265625,   -0.07101055041, -0.0006428162589,     0.7853983758,              nan
     0.0732421875,   -0.07296230857, -0.0006774265982,     0.7853983758,              nan
       0.07421875,   -0.07494146226, -0.0007134056307,     0.7853983758,              nan
     0.0751953125,   -0.07694823039, -0.0007507887949,     0.7853983758,              nan
      0.076171875,   -0.07898272647, -0.0007896111982,     0.7853983758,              nan
     0.0771484375,   -0.08104495146, -0.0008299075219,     0.7853983758,              nan
         0.078125,   -0.08313480087, -0.0008717120309,     0.7853983758,              nan
     0.0791015625,   -0.08525208481, -0.0009150586954,     0.7853983758,              nan
      0.080078125,   -0.08739655746,  -0.000959981407,     0.7853983758,              nan
     0.0810546875,   -0.08956795096,  -0.001006514255,     0.7853983758,              nan
       0.08203125,    -0.0917660082,   -0.00105469182,     0.7853983758,              nan
     0.0830078125,   -0.09399050997,  -0.001104549431,     0.7853983758,              nan
      0.083984375,   -0.09624129295,  -0.001156123352,     0.7853983758,              nan
     0.0849609375,   -0.09851825745,  -0.001209450878,     0.7853983758,              nan
        0.0859375,    -0.1008213656,  -0.001264570325,     0.7853983758,              nan
     0.0869140625,    -0.1031506317,   -0.00132152093,     0.7853983758,              nan
      0.087890625,    -0.1055061083,  -0.001380342684,     0.7853983758,              nan
     0.0888671875,    -0.1078878695,  -0.001441076134,     0.7853983758,              nan
       0.08984375,    -0.1102959962,  -0.001503762162,     0.7853983758,              nan
     0.0908203125,    -0.1127305618,  -0.001568441789,     0.7853983758,              nan
      0.091796875,    -0.1151916222,     -0.001635156,     0.7853983758,              nan
     0.0927734375,    -0.1176792078,  -0.001703945603,     0.7853983758,              nan
          0.09375,     -0.120193318,  -0.001774851119,     0.7853983758,              nan
     0.0947265625,    -0.1227339181,  -0.001847912707,     0.7853983758,              nan
      0.095703125,    -0.1253009373,  -0.001923170115,     0.7853983758,              nan
     0.0966796875,    -0.1278942683,   -0.00200066266,     0.7853983758,              nan
       0.09765625,    -0.1305137693,  -0.002080429238,     0.7853983758,              nan
     0.0986328125,    -0.1331592667,  -0.002162508375,     0.7853983758,              nan
      0.099609375,    -0.1358305613,  -0.002246938312,     0.7853983758,              nan
     0.1005859375,    -0.1385274363,  -0.002333757138,     0.7853983758,              nan
        0.1015625,    -0.1412496668,   -0.00242300295,     0.7853983758,              nan
     0.1025390625,    -0.1439970306,  -0.002514714044,     0.7853983758,              nan
      0.103515625,    -0.1467693181,  -0.002608929104,     0.7853983758,              nan
     0.1044921875,    -0.1495663413,  -0.002705687368,     0.7853983758,              nan
       0.10546875,    -0.1523879392,  -0.002805028755,     0.7853983758,              nan
     0.1064453125,    -0.1552339803,  -0.002906993934,     0.7853983758,              nan
      0.107421875,    -0.1581043609,  -0.003011624311,     0.7853983758,              nan
     0.1083984375,    -0.1609989995,  -0.003118961949,     0.7853983758,              nan
         0.109375,     -0.163917829,  -0.003229049424,     0.7853983758,              nan
     0.1103515625,    -0.1668607867,  -0.003341929623,     0.7853983758,              nan
      0.111328125,    -0.1698278037,  -0.003457645522,     0.7853983758,              nan
     0.1123046875,    -0.1728187954,  -0.003576239959,     0.7853983758,              nan
       0.11328125,    -0.1758336534,  -0.003697755421,     0.7853983758,              nan
     0.1142578125,    -0.1788722403,  -0.003822233875,     0.7853983758,              nan
      0.115234375,    -0.1819343862,  -0.003949716647,     0.7853983758,              nan
     0.1162109375,    -0.1850198897,  -0.004080244356,     0.7853983758,              nan
        0.1171875,    -0.1881285204,  -0.004213856916,     0.7853983758,              nan
     0.1181640625,    -0.1912600236,  -0.004350593584,     0.7853983758,              nan
      0.119140625,    -0.1944141274,  -0.004490493053,     0.7853983758,              nan
     0.1201171875,     -0.197590549,  -0.004633593586,     0.7853983758,              nan
       0.12109375,     -0.200789003,  -0.004779933151,     0.7853983758,              nan
     0.1220703125,    -0.2040092067,  -0.004929549563,     0.7853983758,              nan
      0.123046875,    -0.2072508859,  -0.005082480599,     0.7853983758,              nan
     0.1240234375,    -0.2105137768,  -0.005238764077,     0.7853983758,              nan
            0.125,    -0.2137976262,  -0.005398437876,     0.7853983758,              nan
     0.1259765625,    -0.2171021894,  -0.005561539907,     0.7853983758,              nan
      0.126953125,    -0.2204272244,  -0.005728108004,     0.7853983758,              nan
     0.1279296875,    -0.2237724855,  -0.005898179775,     0.7853983758,              nan
       0.12890625,    -0.2271377147,  -0.006071792403,     0.7853983758,              nan
     0.1298828125,    -0.2305226337,  -0.006248982431,     0.7853983758,              nan
      0.130859375,    -0.2339269367,  -0.006429785553,     0.7853983758,              nan
     0.1318359375,    -0.2373502854,  -0.006614236452,     0.7853983758,              nan
        0.1328125,    -0.2407923076,  -0.006802368692,     0.7853983758,              nan
     0.1337890625,    -0.2442525991,  -0.006994214702,     0.7853983758,              nan
      0.134765625,    -0.2477307292,  -0.007189805854,     0.7853983758,              nan
     0.1357421875,    -0.2512262501,  -0.007389172634,     0.7853983758,              nan
       0.13671875,    -0.2547387084,  -0.007592344888,     0.7853983758,              nan
     0.1376953125,    -0.2582676576,  -0.007799352121,     0.7853983757,              nan
      0.138671875,    -0.2618126703,  -0.008010223804,     0.7853983757,              nan
     0.1396484375,    -0.2653733479,  -0.008224989649,     0.7853983757,              nan
         0.140625,    -0.2689493274,  -0.008443679804,     0.7853983757,              nan
     0.1416015625,    -0.2725402818,  -0.008666324936,     0.7853983757,              nan
      0.142578125,    -0.2761459168,  -0.008892956165,     0.7853983757,              nan
     0.1435546875,    -0.2797659603,   -0.00912360484,     0.7853983757,              nan
       0.14453125,    -0.2834001481,  -0.009358302153,     0.7853983757,              nan
     0.1455078125,    -0.2870482045,  -0.009597078617,     0.7853983757,              nan
      0.146484375,    -0.2907098219,   -0.00983996345,     0.7853983757,              nan
     0.1474609375,      -0.29438464,   -0.01008698391,     0.7853983757,              nan
        0.1484375,    -0.2980722266,   -0.01033816467,     0.7853983757,              nan
     0.1494140625,    -0.3017720637,   -0.01059352722,     0.7853983757,              nan
      0.150390625,    -0.3054835393,   -0.01085308953,     0.7853983757,              nan
     0.1513671875,    -0.3092059463,   -0.01111686576,     0.7853983757,              nan
       0.15234375,    -0.3129384903,   -0.01138486641,     0.7853983757,              nan
     0.1533203125,    -0.3166803039,   -0.01165709851,     0.7853983757,              nan
      0.154296875,    -0.3204304688,    -0.0119335662,     0.7853983757,              nan
     0.1552734375,    -0.3241880421,   -0.01221427145,     0.7853983757,              nan
          0.15625,    -0.3279520853,   -0.01249921492,     0.7853983757,              nan
     0.1572265625,    -0.3317216934,   -0.01278839686,     0.7853983757,              nan
      0.158203125,    -0.3354960206,   -0.01308181807,     0.7853983757,              nan
     0.1591796875,    -0.3392743008,   -0.01337948055,     0.7853983757,              nan
       0.16015625,      -0.34305586,   -0.01368138817,     0.7853983757,              nan
     0.1611328125,    -0.3468401193,   -0.01398754681,     0.7853983757,              nan
      0.162109375,    -0.3506265876,   -0.01429796437,     0.7853983757,              nan
     0.1630859375,     -0.354414844,   -0.01461265024,     0.7853983757,              nan
        0.1640625,    -0.3582045104,    -0.0149316145,     0.7853983757,              nan
     0.1650390625,    -0.3619952159,   -0.01525486672,     0.7853983757,              nan
      0.166015625,    -0.3657865555,   -0.01558241449,     0.7853983757,              nan
     0.1669921875,    -0.3695780451,   -0.01591426172,     0.7853983757,              nan
       0.16796875,    -0.3733690761,   -0.01625040679,     0.7853983757,              nan
     0.1689453125,    -0.3771588719,   -0.01659084075,     0.7853983757,              nan
      0.169921875,      -0.38094645,   -0.01693554552,     0.7853983757,              nan
     0.1708984375,     -0.384730591,   -0.01728449232,     0.7853983757,              nan
         0.171875,    -0.3885098177,   -0.01763764039,     0.7853983757,              nan
     0.1728515625,    -0.3922823842,   -0.01799493609,     0.7853983757,              nan
      0.173828125,    -0.3960462773,   -0.01835631234,     0.7853983757,              nan
     0.1748046875,    -0.3997992291,    -0.0187216886,     0.7853983757,              nan
       0.17578125,     -0.403538741,   -0.01909097132,     0.7853983757,              nan
     0.1767578125,    -0.4072621176,   -0.01946405479,     0.7853983757,              nan
      0.177734375,    -0.4109665093,   -0.01984082243,     0.7853983757,              nan
     0.1787109375,    -0.4146489617,   -0.02022114851,     0.7853983757,              nan
        0.1796875,    -0.4183064689,   -0.02060490012,     0.7853983757,              nan
     0.1806640625,    -0.4219360301,   -0.02099193935,     0.7853983757,              nan
      0.181640625,    -0.4255347057,   -0.02138212566,     0.7853983757,              nan
     0.1826171875,    -0.4290996717,   -0.02177531833,     0.7853983757,              nan
       0.18359375,    -0.4326282708,   -0.02217137877,     0.7853983757,              nan
     0.1845703125,    -0.4361180574,   -0.02257017285,     0.7853983757,              nan
      0.185546875,     -0.439566837,   -0.02297157301,     0.7853983757,              nan
     0.1865234375,    -0.4429726976,   -0.02337546016,     0.7853983757,              nan
           0.1875,    -0.4463340323,   -0.02378172521,     0.7853983757,              nan
     0.1884765625,    -0.4496495546,   -0.02419027042,     0.7853983757,              nan
      0.189453125,    -0.4529183039,    -0.0246010103,     0.7853983757,              nan
     0.1904296875,    -0.4561396435,   -0.02501387219,     0.7853983757,              nan
       0.19140625,    -0.4593132492,   -0.02542879644,     0.7853983757,              nan
     0.1923828125,    -0.4624390925,   -0.02584573626,     0.7853983757,              nan
      0.193359375,    -0.4655174153,   -0.02626465719,     0.7853983757,              nan
     0.1943359375,    -0.4685487005,   -0.02668553628,     0.7853983757,              nan
        0.1953125,    -0.4715336377,   -0.02710836097,     0.7853983757,              nan
     0.1962890625,    -0.4744730858,   -0.02753312769,     0.7853983757,              nan
      0.197265625,    -0.4773680344,   -0.02795984038,     0.7853983757,              nan
     0.1982421875,    -0.4802195639,   -0.02838850877,     0.7853983757,              nan
       0.19921875,    -0.4830288081,    -0.0288191467,     0.7853983757,              nan
     0.2001953125,    -0.4857969175,   -0.02925177034,     0.7853983757,              nan
      0.201171875,    -0.4885250275,   -0.02968639661,     0.7853983757,              nan
     0.2021484375,    -0.4912142296,   -0.03012304166,     0.7853983757,              nan
         0.203125,    -0.4938655487,   -0.03056171951,     0.7853983757,              nan
     0.2041015625,    -0.4964799256,   -0.03100244103,     0.7853983757,              nan
      0.205078125,     -0.499058205,   -0.03144521306,     0.7853983757,              nan
     0.2060546875,    -0.5016011288,   -0.03189003787,     0.7853983757,              nan
       0.20703125,    -0.5041093351,   -0.03233691289,     0.7853983756,              nan
     0.2080078125,    -0.5065833612,   -0.03278583065,     0.7853983756,              nan
      0.208984375,    -0.5090236501,   -0.03323677895,     0.7853983756,              nan
     0.2099609375,    -0.5114305599,   -0.03368974126,     0.7853983756,              nan
        0.2109375,    -0.5138043746,   -0.03414469716,     0.7853983756,              nan
     0.2119140625,    -0.5161453162,   -0.03460162289,     0.7853983756,              nan
      0.212890625,    -0.5184535552,   -0.03506049194,     0.7853983756,              nan
     0.2138671875,    -0.5207292219,   -0.03552127557,     0.7853983756,              nan
       0.21484375,    -0.5229724153,    -0.0359839433,     0.7853983756,              nan
     0.2158203125,    -0.5251832097,   -0.03644846324,     0.7853983756,              nan
      0.216796875,     -0.527361661,   -0.03691480239,     0.7853983756,              nan
     0.2177734375,    -0.5295078095,   -0.03738292677,     0.7853983756,              nan
          0.21875,    -0.5316216823,   -0.03785280146,     0.7853983756,              nan
     0.2197265625,    -0.5337032942,   -0.03832439056,     0.7853983756,              nan
      0.220703125,    -0.5357526474,   -0.03879765708,     0.7853983756,              nan
     0.2216796875,    -0.5377697317,   -0.03927256285,     0.7853983756,              nan
       0.22265625,    -0.5397545245,   -0.03974906837,     0.7853983756,              nan
     0.2236328125,    -0.5417069909,   -0.04022713272,     0.7853983756,              nan
      0.224609375,    -0.5436270852,   -0.04070671358,     0.7853983756,              nan
     0.2255859375,    -0.5455147528,   -0.04118776727,     0.7853983756,              nan
        0.2265625,    -0.5473699333,   -0.04167024889,     0.7853983756,              nan
     0.2275390625,    -0.5491925633,   -0.04215411254,     0.7853983756,              nan
      0.228515625,    -0.5509825814,   -0.04263931163,     0.7853983756,              nan
     0.2294921875,    -0.5527399312,   -0.04312579917,     0.7853983756,              nan
       0.23046875,    -0.5544645659,   -0.04361352817,     0.7853983756,              nan
     0.2314453125,    -0.5561564512,   -0.04410245201,     0.7853983756,              nan
      0.232421875,    -0.5578155681,   -0.04459252467,     0.7853983756,              nan
     0.2333984375,    -0.5594419141,   -0.04508370108,     0.7853983756,              nan
         0.234375,    -0.5610355036,   -0.04557593724,     0.7853983756,              nan
     0.2353515625,    -0.5625963671,   -0.04606919027,     0.7853983756,              nan
      0.236328125,     -0.564124549,   -0.04656341845,     0.7853983756,              nan
     0.2373046875,    -0.5656201051,   -0.04705858102,     0.7853983756,              nan
       0.23828125,    -0.5670830987,   -0.04755463799,     0.7853983756,              nan
     0.2392578125,    -0.5685135968,   -0.04805154985,     0.7853983756,              nan
      0.240234375,    -0.5699116662,    -0.0485492772,     0.7853983756,              nan
     0.2412109375,    -0.5712773701,   -0.04904778041,     0.7853983756,              nan
        0.2421875,    -0.5726107643,   -0.04954701926,     0.7853983756,              nan
     0.2431640625,    -0.5739118954,   -0.05004695256,     0.7853983756,              nan
      0.244140625,    -0.5751807994,   -0.05054753793,     0.7853983756,              nan
     0.2451171875,    -0.5764175005,   -0.05104873151,     0.7853983756,              nan
       0.24609375,    -0.5776220122,    -0.0515504879,     0.7853983756,              nan
     0.2470703125,     -0.578794338,   -0.05205276005,     0.7853983756,              nan
      0.248046875,    -0.5799344735,   -0.05255549929,     0.7853983756,              nan
     0.2490234375,    -0.5810424083,   -0.05305865548,     0.7853983756,              nan
             0.25,     -0.582118129,   -0.05356217712,     0.7853983756,              nan
     0.2509765625,    -0.5831616214,   -0.05406601162,     0.7853983756,              nan
      0.251953125,    -0.5841728728,    -0.0545701055,     0.7853983756,              nan
     0.2529296875,    -0.5851518744,    -0.0550744047,     0.7853983756,              nan
       0.25390625,    -0.5860986224,   -0.05557885483,     0.7853983756,              nan
     0.2548828125,    -0.5870131195,   -0.05608340141,     0.7853983756,              nan
      0.255859375,    -0.5878953756,   -0.05658799015,     0.7853983756,              nan
     0.2568359375,    -0.5887454079,   -0.05709256713,     0.7853983756,              nan
        0.2578125,    -0.5895632411,   -0.05759707894,     0.7853983756,              nan
     0.2587890625,    -0.5903489075,   -0.05810147292,     0.7853983756,              nan
      0.259765625,     -0.591102446,   -0.05860569717,     0.7853983756,              nan
     0.2607421875,     -0.591823903,   -0.05910970069,     0.7853983756,              nan
       0.26171875,    -0.5925133314,   -0.05961343342,     0.7853983756,              nan
     0.2626953125,    -0.5931707914,    -0.0601168463,     0.7853983756,              nan
      0.263671875,    -0.5937963506,   -0.06061989125,     0.7853983756,              nan
     0.2646484375,    -0.5943900849,   -0.06112252119,     0.7853983756,              nan
         0.265625,    -0.5949520786,   -0.06162469004,     0.7853983756,              nan
     0.2666015625,    -0.5954824257,   -0.06212635265,     0.7853983756,              nan
      0.267578125,    -0.5959812307,    -0.0626274648,     0.7853983756,              nan
     0.2685546875,     -0.596448609,   -0.06312798309,     0.7853983756,              nan
       0.26953125,    -0.5968846875,   -0.06362786493,     0.7853983756,              nan
     0.2705078125,     -0.597289605,   -0.06412706838,     0.7853983756,              nan
      0.271484375,    -0.5976635122,   -0.06462555215,     0.7853983756,              nan
     0.2724609375,    -0.5980065711,   -0.06512327542,     0.7853983756,              nan
        0.2734375,    -0.5983189554,   -0.06562019784,     0.7853983756,              nan
     0.2744140625,    -0.5986008491,   -0.06611627942,     0.7853983756,              nan
      0.275390625,    -0.5988524461,   -0.06661148047,     0.7853983756,              nan
     0.2763671875,    -0.5990739497,   -0.06710576167,     0.7853983756,              nan
       0.27734375,    -0.5992655719,     -0.067599084,     0.7853983756,              nan
     0.2783203125,    -0.5994275328,   -0.06809140887,     0.7853983756,              nan
      0.279296875,     -0.599560061,   -0.06858269821,     0.7853983756,              nan
     0.2802734375,    -0.5996633929,   -0.06907291461,     0.7853983756,              nan
          0.28125,    -0.5997377734,    -0.0695620215,     0.7853983757,              nan
     0.2822265625,    -0.5997834564,   -0.07004998335,     0.7853983757,              nan
      0.283203125,    -0.5998007047,   -0.07053676584,     0.7853983757,              nan
     0.2841796875,    -0.5997897913,   -0.07102233611,     0.7853983757,              nan
       0.28515625,    -0.5997509994,   -0.07150666287,     0.7853983757,              nan
     0.2861328125,    -0.5996846224,   -0.07198971658,     0.7853983757,              nan
      0.287109375,    -0.5995909648,   -0.07247146951,     0.7853983757,              nan
     0.2880859375,    -0.5994703409,    -0.0729518958,     0.7853983757,              nan
        0.2890625,    -0.5993230753,   -0.07343097142,     0.7853983757,              nan
     0.2900390625,    -0.5991495016,   -0.07390867416,     0.7853983757,              nan
      0.291015625,    -0.5989499618,   -0.07438498347,     0.7853983757,              nan
     0.2919921875,    -0.5987248056,    -0.0748598804,     0.7853983757,              nan
       0.29296875,    -0.5984743895,   -0.07533334748,     0.7853983757,              nan
     0.2939453125,    -0.5981990764,   -0.07580536859,     0.7853983757,              nan
      0.294921875,    -0.5978992358,   -0.07627592893,     0.7853983757,              nan
     0.2958984375,    -0.5975752437,   -0.07674501501,     0.7853983757,              nan
         0.296875,    -0.5972274841,   -0.07721261471,     0.7853983757,              nan
     0.2978515625,      -0.59685635,   -0.07767871744,     0.7853983757,              nan
      0.298828125,    -0.5964622458,   -0.07814331433,     0.7853983757,              nan
     0.2998046875,    -0.5960455889,   -0.07860639849,     0.7853983757,              nan
       0.30078125,     -0.595606813,   -0.07906796536,     0.7853983757,              nan
     0.3017578125,      -0.59514637,   -0.07952801303,     0.7853983757,              nan
      0.302734375,     -0.594664732,   -0.07998654259,     0.7853983757,              nan
     0.3037109375,    -0.5941623939,   -0.08044355839,     0.7853983757,              nan
        0.3046875,    -0.5936398734,   -0.08089906834,     0.7853983757,              nan
     0.3056640625,    -0.5930977122,   -0.08135308399,     0.7853983757,              nan
      0.306640625,    -0.5925364745,   -0.08180562061,     0.7853983757,              nan
     0.3076171875,    -0.5919567458,   -0.08225669712,     0.7853983757,              nan
       0.30859375,    -0.5913591305,   -0.08270633588,     0.7853983757,              nan
     0.3095703125,    -0.5907442485,   -0.08315456243,     0.7853983757,              nan
      0.310546875,    -0.5901127315,   -0.08360140512,     0.7853983757,              nan
     0.3115234375,    -0.5894652189,   -0.08404689468,     0.7853983757,              nan
           0.3125,    -0.5888023547,   -0.08449106382,     0.7853983757,              nan
     0.3134765625,    -0.5881247832,   -0.08493394689,     0.7853983757,              nan
      0.314453125,    -0.5874331475,   -0.08537557953,     0.7853983757,              nan
     0.3154296875,    -0.5867280872,   -0.08581599852,     0.7853983757,              nan
       0.31640625,    -0.5860102385,   -0.08625524181,     0.7853983757,              nan
     0.3173828125,    -0.5852802355,    -0.0866933486,     0.7853983758,              nan
      0.318359375,    -0.5845387124,   -0.08713035977,     0.7853983758,              nan
     0.3193359375,    -0.5837863075,   -0.08756631833,     0.7853983758,              nan
        0.3203125,    -0.5830236683,    -0.0880012702,     0.7853983758,              nan
     0.3212890625,    -0.5822514566,   -0.08843526493,     0.7853983758,              nan
      0.322265625,    -0.5814703553,   -0.08886835669,     0.7853983758,              nan
     0.3232421875,    -0.5806810739,   -0.08930060513,     0.7853983758,              nan
       0.32421875,    -0.5798843542,   -0.08973207627,     0.7853983758,              nan
     0.3251953125,    -0.5790809746,   -0.09016284326,     0.7853983758,              nan
      0.326171875,    -0.5782717539,   -0.09059298703,     0.7853983758,              nan
     0.3271484375,    -0.5774575523,   -0.09102259666,     0.7853983758,              nan
         0.328125,    -0.5766392716,   -0.09145176954,     0.7853983758,              nan
     0.3291015625,    -0.5758178529,   -0.09188061125,     0.7853983758,              nan
      0.330078125,    -0.5749942725,   -0.09230923514,     0.7853983758,              nan
     0.3310546875,    -0.5741695364,    -0.0927377617,     0.7853983758,              nan
       0.33203125,     -0.573344673,   -0.09316631766,     0.7853983758,              nan
     0.3330078125,    -0.5725207254,   -0.09359503492,     0.7853983758,              nan
      0.333984375,    -0.5716987426,   -0.09402404945,     0.7853983758,              nan
     0.3349609375,    -0.5708797715,   -0.09445350007,     0.7853983758,              nan
        0.3359375,    -0.5700648496,   -0.09488352739,     0.7853983758,              nan
     0.3369140625,    -0.5692549983,   -0.09531427282,     0.7853983758,              nan
      0.337890625,     -0.568451219,   -0.09574587797,     0.7853983758,              nan
     0.3388671875,     -0.567654491,   -0.09617848417,     0.7853983758,              nan
       0.33984375,    -0.5668657719,   -0.09661223259,     0.7853983758,              nan
     0.3408203125,    -0.5660860008,   -0.09704726461,     0.7853983758,              nan
      0.341796875,    -0.5653161048,    -0.0974837227,     0.7853983758,              nan
     0.3427734375,    -0.5645570072,   -0.09792175179,     0.7853983758,              nan
          0.34375,    -0.5638096386,   -0.09836150093,     0.7853983758,              nan
     0.3447265625,    -0.5630749498,   -0.09880312536,     0.7853983759,              nan
      0.345703125,    -0.5623539254,   -0.09924678882,     0.7853983759,              nan
     0.3466796875,    -0.5616475983,   -0.09969266602,     0.7853983759,              nan
       0.34765625,     -0.560957064,    -0.1001409451,     0.7853983759,              nan
     0.3486328125,    -0.5602834928,      -0.10059183,     0.7853983759,              nan
      0.349609375,    -0.5596281415,    -0.1010455426,     0.7853983759,              nan
     0.3505859375,    -0.5589923608,    -0.1015023245,     0.7853983759,              nan
        0.3515625,    -0.5583776001,    -0.1019624383,     0.7853983759,              nan
     0.3525390625,    -0.5577854084,     -0.102426168,     0.7853983759,              nan
      0.353515625,    -0.5572174298,    -0.1028938192,     0.7853983759,              nan
     0.3544921875,    -0.5566753955,     -0.103365718,     0.7853983759,              nan
       0.35546875,    -0.5561611102,    -0.1038422093,     0.7853983759,              nan
     0.3564453125,    -0.5556764343,    -0.1043236545,     0.7853983759,              nan
      0.357421875,    -0.5552232619,    -0.1048104279,     0.7853983759,              nan
     0.3583984375,     -0.554803495,     -0.105302913,     0.7853983759,              nan
         0.359375,    -0.5544190149,    -0.1058014974,     0.7853983759,              nan
     0.3603515625,    -0.5540716516,     -0.106306568,     0.7853983759,              nan
      0.361328125,    -0.5537631521,    -0.1068185056,     0.7853983759,              nan
     0.3623046875,    -0.5534951486,    -0.1073376785,     0.7853983759,              nan
       0.36328125,    -0.5532691277,    -0.1078644379,     0.7853983759,              nan
     0.3642578125,    -0.5530864023,    -0.1083991115,     0.7853983759,              nan
      0.365234375,    -0.5529480854,    -0.1089419988,     0.7853983759,              nan
     0.3662109375,    -0.5528550694,    -0.1094933663,     0.7853983759,              nan
        0.3671875,    -0.5528080089,    -0.1100534439,     0.7853983759,              nan
     0.3681640625,    -0.5528073093,    -0.1106224214,     0.7853983759,              nan
      0.369140625,    -0.5528531209,    -0.1112004467,     0.7853983759,              nan
     0.3701171875,    -0.5529453394,    -0.1117876245,     0.7853983759,              nan
       0.37109375,    -0.5530836116,    -0.1123840158,     0.7853983759,              nan
     0.3720703125,    -0.5532673469,    -0.1129896393,     0.7853983759,              nan
      0.373046875,     -0.553495734,    -0.1136044727,     0.7853983759,              nan
     0.3740234375,    -0.5537677622,    -0.1142284558,     0.7853983759,              nan
            0.375,    -0.5540822467,    -0.1148614937,      0.785398376,              nan
     0.3759765625,    -0.5544378565,     -0.115503461,      0.785398376,              nan
      0.376953125,    -0.5548331451,    -0.1161542068,      0.785398376,              nan
     0.3779296875,    -0.5552665814,    -0.1168135596,      0.785398376,              nan
       0.37890625,    -0.5557365821,    -0.1174813325,      0.785398376,              nan
     0.3798828125,    -0.5562415421,    -0.1181573288,      0.785398376,              nan
      0.380859375,    -0.5567798651,    -0.1188413475,      0.785398376,              nan
     0.3818359375,    -0.5573499904,     -0.119533188,      0.785398376,              nan
        0.3828125,    -0.5579504181,    -0.1202326551,      0.785398376,              nan
     0.3837890625,    -0.5585797305,    -0.1209395633,      0.785398376,              nan
      0.384765625,    -0.5592366107,    -0.1216537409,      0.785398376,              nan
     0.3857421875,    -0.5599198565,    -0.1223750326,      0.785398376,              nan
       0.38671875,    -0.5606283913,    -0.1231033027,      0.785398376,              nan
     0.3876953125,    -0.5613612709,    -0.1238384368,      0.785398376,              nan
      0.388671875,     -0.562117687,     -0.124580343,      0.785398376,              nan
     0.3896484375,    -0.5628969671,    -0.1253289531,      0.785398376,              nan
         0.390625,    -0.5636985718,    -0.1260842222,      0.785398376,              nan
     0.3916015625,    -0.5645220893,    -0.1268461285,      0.785398376,              nan
      0.392578125,    -0.5653672277,    -0.1276146727,      0.785398376,              nan
     0.3935546875,    -0.5662338057,    -0.1283898765,      0.785398376,              nan
       0.39453125,    -0.5671217415,    -0.1291717809,      0.785398376,              nan
     0.3955078125,    -0.5680310417,    -0.1299604448,      0.785398376,              nan
      0.396484375,    -0.5689617887,    -0.1307559423,      0.785398376,              nan
     0.3974609375,    -0.5699141282,    -0.1315583613,      0.785398376,              nan
        0.3984375,    -0.5708882572,    -0.1323678006,      0.785398376,              nan
     0.3994140625,    -0.5718844121,     -0.133184368,      0.785398376,              nan
      0.400390625,    -0.5729028572,    -0.1340081784,      0.785398376,              nan
     0.4013671875,    -0.5739438744,    -0.1348393512,      0.785398376,              nan
       0.40234375,    -0.5750077536,    -0.1356780087,      0.785398376,              nan
     0.4033203125,    -0.5760947844,    -0.1365242744,      0.785398376,              nan
      0.404296875,    -0.5772052489,    -0.1373782713,      0.785398376,              nan
     0.4052734375,    -0.5783394153,    -0.1382401208,      0.785398376,              nan
          0.40625,    -0.5794975335,    -0.1391099415,      0.785398376,              nan
     0.4072265625,    -0.5806798307,    -0.1399878485,      0.785398376,              nan
      0.408203125,     -0.581886509,    -0.1408739525,      0.785398376,              nan
     0.4091796875,     -0.583117744,    -0.1417683597,      0.785398376,              nan
       0.41015625,    -0.5843736836,    -0.1426711714,      0.785398376,              nan
     0.4111328125,    -0.5856544485,    -0.1435824844,      0.785398376,              nan
      0.412109375,    -0.5869601329,    -0.1445023906,      0.785398376,              nan
     0.4130859375,    -0.5882908059,    -0.1454309774,      0.785398376,              nan
        0.4140625,    -0.5896465132,    -0.1463683283,      0.785398376,              nan
     0.4150390625,    -0.5910272797,    -0.1473145234,      0.785398376,              nan
      0.416015625,    -0.5924331115,    -0.1482696391,      0.785398376,              nan
     0.4169921875,    -0.5938639988,    -0.1492337496,      0.785398376,              nan
       0.41796875,     -0.595319918,    -0.1502069265,      0.785398376,              nan
     0.4189453125,    -0.5968008344,    -0.1511892397,      0.785398376,              nan
      0.419921875,    -0.5983067043,    -0.1521807574,      0.785398376,              nan
     0.4208984375,     -0.599837477,    -0.1531815467,      0.785398376,              nan
         0.421875,    -0.6013930966,    -0.1541916735,      0.785398376,              nan
     0.4228515625,    -0.6029735034,    -0.1552112031,      0.785398376,              nan
      0.423828125,    -0.6045786349,    -0.1562401995,      0.785398376,              nan
     0.4248046875,    -0.6062084265,    -0.1572787263,     0.7853983761,              nan
       0.42578125,    -0.6078628119,    -0.1583268457,     0.7853983761,              nan
     0.4267578125,    -0.6095417234,    -0.1593846193,     0.7853983761,              nan
      0.427734375,    -0.6112450912,    -0.1604521073,     0.7853983761,              nan
     0.4287109375,    -0.6129728434,    -0.1615293684,     0.7853983761,              nan
        0.4296875,    -0.6147249049,    -0.1626164599,     0.7853983761,              nan
     0.4306640625,    -0.6165011968,    -0.1637134372,     0.7853983761,              nan
      0.431640625,    -0.6183016348,    -0.1648203537,     0.7853983761,              nan
     0.4326171875,    -0.6201261287,    -0.1659372604,     0.7853983761,              nan
       0.43359375,    -0.6219745805,    -0.1670642061,     0.7853983761,              nan
     0.4345703125,    -0.6238468834,    -0.1682012368,     0.7853983761,              nan
      0.435546875,    -0.6257429207,    -0.1693483955,     0.7853983761,              nan
     0.4365234375,    -0.6276625639,    -0.1705057226,     0.7853983761,              nan
           0.4375,    -0.6296056724,     -0.171673255,     0.7853983761,              nan
     0.4384765625,    -0.6315720918,    -0.1728510265,     0.7853983761,              nan
      0.439453125,    -0.6335616533,    -0.1740390673,     0.7853983761,              nan
     0.4404296875,    -0.6355741727,    -0.1752374042,     0.7853983761,              nan
       0.44140625,    -0.6376094501,    -0.1764460602,     0.7853983761,              nan
     0.4423828125,    -0.6396672691,    -0.1776650545,     0.7853983761,              nan
      0.443359375,    -0.6417473969,    -0.1788944022,     0.7853983761,              nan
     0.4443359375,    -0.6438495835,    -0.1801341144,     0.7853983761,              nan
        0.4453125,    -0.6459735624,    -0.1813841978,     0.7853983761,              nan
     0.4462890625,      -0.64811905,    -0.1826446547,     0.7853983761,              nan
      0.447265625,     -0.650285746,    -0.1839154828,     0.7853983761,              nan
     0.4482421875,    -0.6524733336,    -0.1851966745,     0.7853983761,              nan
       0.44921875,    -0.6546814794,    -0.1864882177,     0.7853983761,              nan
     0.4501953125,    -0.6569098338,    -0.1877900946,     0.7853983761,              nan
      0.451171875,    -0.6591580312,    -0.1891022819,     0.7853983761,              nan
     0.4521484375,    -0.6614256901,    -0.1904247507,     0.7853983761,              nan
         0.453125,    -0.6637124129,    -0.1917574661,     0.7853983761,              nan
     0.4541015625,    -0.6660177868,    -0.1931003873,     0.7853983761,              nan
      0.455078125,    -0.6683413833,     -0.194453467,     0.7853983761,              nan
     0.4560546875,    -0.6706827585,    -0.1958166517,     0.7853983761,              nan
       0.45703125,    -0.6730414537,    -0.1971898816,     0.7853983761,              nan
     0.4580078125,    -0.6754169952,    -0.1985730905,     0.7853983761,              nan
      0.458984375,    -0.6778088949,     -0.199966206,     0.7853983761,              nan
     0.4599609375,    -0.6802166508,    -0.2013691493,     0.7853983761,              nan
        0.4609375,    -0.6826397474,    -0.2027818357,     0.7853983761,              nan
     0.4619140625,    -0.6850776566,    -0.2042041747,     0.7853983761,              nan
      0.462890625,    -0.6875298376,    -0.2056360701,     0.7853983761,              nan
     0.4638671875,    -0.6899957385,    -0.2070774202,     0.7853983761,              nan
       0.46484375,    -0.6924747964,    -0.2085281184,     0.7853983761,              nan
     0.4658203125,    -0.6949664381,     -0.209988053,     0.7853983761,              nan
      0.466796875,    -0.6974700806,    -0.2114571077,     0.7853983761,              nan
     0.4677734375,    -0.6999851314,    -0.2129351614,     0.7853983761,              nan
          0.46875,    -0.7025109888,    -0.2144220886,     0.7853983761,              nan
     0.4697265625,    -0.7050470416,    -0.2159177592,     0.7853983761,              nan
      0.470703125,    -0.7075926689,    -0.2174220386,     0.7853983761,              nan
     0.4716796875,    -0.7101472397,    -0.2189347874,     0.7853983761,              nan
       0.47265625,    -0.7127101121,     -0.220455861,     0.7853983761,              nan
     0.4736328125,    -0.7152806321,    -0.2219851097,     0.7853983761,              nan
      0.474609375,    -0.7178581328,    -0.2235223779,     0.7853983761,              nan
     0.4755859375,    -0.7204419333,    -0.2250675039,     0.7853983761,              nan
        0.4765625,    -0.7230313376,    -0.2266203195,     0.7853983761,              nan
     0.4775390625,    -0.7256256333,    -0.2281806495,     0.7853983761,              nan
      0.478515625,    -0.7282240912,    -0.2297483115,     0.7853983761,              nan
     0.4794921875,    -0.7308259641,    -0.2313231153,     0.7853983761,              nan
       0.48046875,    -0.7334304871,    -0.2329048628,     0.7853983761,              nan
     0.4814453125,    -0.7360368774,    -0.2344933481,     0.7853983761,              nan
      0.482421875,    -0.7386443349,    -0.2360883569,     0.7853983761,              nan
     0.4833984375,    -0.7412520428,    -0.2376896674,     0.7853983761,              nan
         0.484375,    -0.7438591689,    -0.2392970496,     0.7853983761,              nan
     0.4853515625,    -0.7464648672,    -0.2409102665,     0.7853983761,              nan
      0.486328125,    -0.7490682796,    -0.2425290738,     0.7853983761,              nan
     0.4873046875,    -0.7516685374,    -0.2441532205,     0.7853983761,              nan
       0.48828125,     -0.754264764,    -0.2457824496,     0.7853983761,              nan
     0.4892578125,    -0.7568560759,    -0.2474164985,     0.7853983761,              nan
      0.490234375,    -0.7594415846,    -0.2490550992,     0.7853983761,              nan
     0.4912109375,     -0.762020398,    -0.2506979789,     0.7853983761,              nan
        0.4921875,    -0.7645916213,    -0.2523448604,     0.7853983761,              nan
     0.4931640625,    -0.7671543571,    -0.2539954617,     0.7853983761,              nan
      0.494140625,    -0.7697077058,    -0.2556494969,     0.7853983761,              nan
     0.4951171875,    -0.7722507648,    -0.2573066752,     0.7853983761,              nan
       0.49609375,    -0.7747826275,    -0.2589667014,     0.7853983761,              nan
     0.4970703125,    -0.7773023818,    -0.2606292753,     0.7853983761,              nan
      0.498046875,    -0.7798091087,     -0.262294091,     0.7853983761,              nan
     0.4990234375,    -0.7823018798,     -0.263960837,     0.7853983761,              nan
              0.5,    -0.7847797562,    -0.2656291952,     0.7853983761,              nan
     0.5009765625,    -0.7872417859,    -0.2672988406,     0.7853983761,              nan
      0.501953125,    -0.7896870027,    -0.2689694411,     0.7853983761,              nan
     0.5029296875,    -0.7921144253,    -0.2706406568,     0.7853983761,              nan
       0.50390625,    -0.7945230564,      -0.27231214,     0.7853983761,              nan
     0.5048828125,    -0.7969118831,    -0.2739835353,     0.7853983761,              nan
      0.505859375,    -0.7992798775,    -0.2756544801,     0.7853983761,              nan
     0.5068359375,    -0.8016259991,    -0.2773246042,     0.7853983761,              nan
        0.5078125,    -0.8039491962,    -0.2789935313,     0.7853983761,              nan
     0.5087890625,    -0.8062484096,    -0.2806608794,     0.7853983761,              nan
      0.509765625,    -0.8085225762,    -0.2823262618,     0.7853983761,              nan
     0.5107421875,    -0.8107706325,    -0.2839892884,     0.7853983761,              nan
       0.51171875,    -0.8129915191,    -0.2856495667,     0.7853983761,              nan
     0.5126953125,    -0.8151841846,     -0.287306703,     0.7853983761,              nan
      0.513671875,    -0.8173475897,    -0.2889603036,     0.7853983761,              nan
     0.5146484375,    -0.8194807102,    -0.2906099758,     0.7853983761,              nan
         0.515625,    -0.8215825401,    -0.2922553287,     0.7853983761,              nan
     0.5166015625,     -0.823652093,    -0.2938959737,     0.7853983761,              nan
      0.517578125,    -0.8256884032,     -0.295531525,     0.7853983761,              nan
     0.5185546875,     -0.827690525,    -0.2971615996,     0.7853983761,              nan
       0.51953125,    -0.8296575319,    -0.2987858168,     0.7853983761,              nan
     0.5205078125,    -0.8315885139,    -0.3004037977,     0.7853983761,              nan
      0.521484375,    -0.8334825739,    -0.3020151644,     0.7853983761,              nan
     0.5224609375,    -0.8353388242,    -0.3036195388,     0.7853983761,              nan
        0.5234375,    -0.8371563813,    -0.3052165417,     0.7853983761,              nan
     0.5244140625,    -0.8389343617,    -0.3068057907,     0.7853983761,              nan
      0.525390625,    -0.8406718772,    -0.3083868999,     0.7853983761,              nan
     0.5263671875,    -0.8423680305,    -0.3099594782,     0.7853983761,              nan
       0.52734375,    -0.8440219129,    -0.3115231285,     0.7853983761,              nan
     0.5283203125,    -0.8456326018,    -0.3130774477,     0.7853983761,              nan
      0.529296875,    -0.8471991609,    -0.3146220259,     0.7853983761,              nan
     0.5302734375,    -0.8487206415,     -0.316156448,     0.7853983761,              nan
          0.53125,    -0.8501960869,    -0.3176802942,     0.7853983761,              nan
     0.5322265625,    -0.8516245379,    -0.3191931421,     0.7853983761,              nan
      0.533203125,    -0.8530050414,    -0.3206945695,     0.7853983761,              nan
     0.5341796875,    -0.8543366606,    -0.3221841578,     0.7853983761,              nan
       0.53515625,    -0.8556184879,    -0.3236614956,     0.7853983761,              nan
     0.5361328125,    -0.8568496588,    -0.3251261839,     0.7853983761,              nan
      0.537109375,    -0.8580293679,    -0.3265778406,     0.7853983761,              nan
     0.5380859375,    -0.8591568855,    -0.3280161062,     0.7853983761,              nan
        0.5390625,    -0.8602315746,    -0.3294406497,     0.7853983761,              nan
     0.5400390625,    -0.8612529082,    -0.3308511735,     0.7853983761,              nan
      0.541015625,    -0.8622204856,    -0.3322474198,     0.7853983761,              nan
     0.5419921875,    -0.8631340474,    -0.3336291751,     0.7853983761,              nan
       0.54296875,     -0.863993489,     -0.334996275,     0.7853983761,              nan
     0.5439453125,    -0.8647988716,    -0.3363486086,     0.7853983761,              nan
      0.544921875,    -0.8655504302,    -0.3376861207,     0.7853983761,              nan
     0.5458984375,    -0.8662485788,    -0.3390088147,     0.7853983762,              nan
         0.546875,    -0.8668939117,    -0.3403167532,     0.7853983762,              nan
     0.5478515625,    -0.8674872015,    -0.3416100579,     0.7853983762,              nan
      0.548828125,    -0.8680293931,    -0.3428889083,     0.7853983762,              nan
     0.5498046875,    -0.8685215946,     -0.344153539,     0.7853983762,              nan
       0.55078125,    -0.8689650635,     -0.345404236,     0.7853983762,              nan
     0.5517578125,     -0.869361191,     -0.346641332,     0.7853983762,              nan
      0.552734375,    -0.8697114828,    -0.3478652003,     0.7853983762,              nan
     0.5537109375,    -0.8700175373,    -0.3490762484,     0.7853983762,              nan
        0.5546875,    -0.8702810225,    -0.3502749104,     0.7853983762,              nan
     0.5556640625,    -0.8705036509,    -0.3514616392,     0.7853983762,              nan
      0.556640625,    -0.8706871549,    -0.3526368987,     0.7853983762,              nan
     0.5576171875,    -0.8708332602,    -0.3538011547,     0.7853983762,              nan
       0.55859375,    -0.8709436621,    -0.3549548675,     0.7853983762,              nan
     0.5595703125,    -0.8710200009,    -0.3560984834,     0.7853983762,              nan
      0.560546875,    -0.8710638402,    -0.3572324275,     0.7853983762,              nan
     0.5615234375,    -0.8710766465,    -0.3583570968,     0.7853983762,              nan
           0.5625,    -0.8710597725,     -0.359472854,     0.7853983762,              nan
     0.5634765625,    -0.8710144416,    -0.3605800225,     0.7853983762,              nan
      0.564453125,     -0.870941737,    -0.3616788821,     0.7853983762,              nan
     0.5654296875,    -0.8708425932,    -0.3627696655,     0.7853983762,              nan
       0.56640625,    -0.8707177909,    -0.3638525565,     0.7853983762,              nan
     0.5673828125,    -0.8705679553,    -0.3649276888,     0.7853983762,              nan
      0.568359375,    -0.8703935572,    -0.3659951459,     0.7853983762,              nan
     0.5693359375,    -0.8701955303,    -0.3670554688,     0.7853983762,              nan
        0.5703125,    -0.8699726014,    -0.3681075557,     0.7853983762,              nan
     0.5712890625,    -0.8697259271,    -0.3691520247,     0.7853983762,              nan
      0.572265625,    -0.8694550665,    -0.3701886452,     0.7853983762,              nan
     0.5732421875,      -0.86915993,    -0.3712173234,     0.7853983762,              nan
       0.57421875,    -0.8688402228,     -0.372237886,     0.7853983762,              nan
     0.5751953125,    -0.8684955803,    -0.3732501359,     0.7853983762,              nan
      0.576171875,    -0.8681255621,    -0.3742538485,     0.7853983762,              nan
     0.5771484375,    -0.8677296854,    -0.3752487843,     0.7853983762,              nan
         0.578125,     -0.867307431,    -0.3762346904,     0.7853983762,              nan
     0.5791015625,    -0.8668582569,    -0.3772113048,     0.7853983762,              nan
      0.580078125,    -0.8663816168,    -0.3781783631,     0.7853983762,              nan
     0.5810546875,    -0.8658769708,    -0.3791356021,     0.7853983762,              nan
       0.58203125,    -0.8653437946,    -0.3800827632,     0.7853983762,              nan
     0.5830078125,    -0.8647815896,    -0.3810195956,     0.7853983762,              nan
      0.583984375,    -0.8641898921,    -0.3819458598,     0.7853983762,              nan
     0.5849609375,    -0.8635682812,    -0.3828613309,     0.7853983762,              nan
        0.5859375,    -0.8629163837,    -0.3837657998,     0.7853983762,              nan
     0.5869140625,    -0.8622338789,    -0.3846590757,     0.7853983762,              nan
      0.587890625,    -0.8615204997,    -0.3855409866,     0.7853983762,              nan
     0.5888671875,    -0.8607760336,    -0.3864113797,     0.7853983762,              nan
       0.58984375,    -0.8600003235,    -0.3872701217,     0.7853983762,              nan
     0.5908203125,    -0.8591932676,    -0.3881170994,     0.7853983762,              nan
      0.591796875,    -0.8583548177,     -0.388952219,     0.7853983762,              nan
     0.5927734375,    -0.8574849744,    -0.3897754043,     0.7853983762,              nan
          0.59375,    -0.8565837835,    -0.3905865961,     0.7853983762,              nan
     0.5947265625,    -0.8556513331,    -0.3913857506,     0.7853983762,              nan
      0.595703125,    -0.8546877508,    -0.3921728391,     0.7853983762,              nan
     0.5966796875,    -0.8536932002,    -0.3929478465,     0.7853983762,              nan
       0.59765625,    -0.8526678757,    -0.3937107695,     0.7853983762,              nan
     0.5986328125,     -0.851611997,    -0.3944616145,     0.7853983762,              nan
      0.599609375,    -0.8505258051,    -0.3952003964,     0.7853983762,              nan
     0.6005859375,    -0.8494095608,    -0.3959271381,     0.7853983762,              nan
        0.6015625,    -0.8482635426,    -0.3966418692,     0.7853983762,              nan
     0.6025390625,    -0.8470880436,    -0.3973446259,     0.7853983762,              nan
      0.603515625,    -0.8458833693,    -0.3980354492,     0.7853983762,              nan
     0.6044921875,     -0.844649836,     -0.398714385,     0.7853983762,              nan
       0.60546875,    -0.8433877692,    -0.3993814831,     0.7853983762,              nan
     0.6064453125,    -0.8420975036,    -0.4000367979,     0.7853983762,              nan
      0.607421875,    -0.8407793829,    -0.4006803876,     0.7853983762,              nan
     0.6083984375,    -0.8394337597,    -0.4013123149,     0.7853983762,              nan
         0.609375,    -0.8380609957,    -0.4019326469,     0.7853983762,              nan
     0.6103515625,    -0.8366614626,    -0.4025414555,     0.7853983762,              nan
      0.611328125,    -0.8352355443,    -0.4031388184,     0.7853983762,              nan
     0.6123046875,    -0.8337836371,    -0.4037248193,     0.7853983762,              nan
       0.61328125,    -0.8323061509,    -0.4042995487,     0.7853983762,              nan
     0.6142578125,    -0.8308035102,    -0.4048631037,     0.7853983762,              nan
      0.615234375,    -0.8292761548,    -0.4054155892,     0.7853983762,              nan
     0.6162109375,    -0.8277245406,    -0.4059571178,     0.7853983762,              nan
        0.6171875,    -0.8261491416,    -0.4064878108,     0.7853983762,              nan
     0.6181640625,     -0.824550451,    -0.4070077987,     0.7853983762,              nan
      0.619140625,    -0.8229289823,    -0.4075172217,     0.7853983762,              nan
     0.6201171875,    -0.8212852683,    -0.4080162293,     0.7853983762,              nan
       0.62109375,    -0.8196198614,    -0.4085049806,     0.7853983762,              nan
     0.6220703125,    -0.8179333346,    -0.4089836448,     0.7853983762,              nan
      0.623046875,    -0.8162262806,    -0.4094524004,     0.7853983762,              nan
     0.6240234375,    -0.8144993126,    -0.4099114364,     0.7853983762,              nan
            0.625,    -0.8127530645,    -0.4103609514,     0.7853983762,              nan
     0.6259765625,    -0.8109881902,    -0.4108011541,     0.7853983762,              nan
      0.626953125,    -0.8092053631,    -0.4112322629,     0.7853983762,              nan
     0.6279296875,    -0.8074052743,    -0.4116545052,     0.7853983762,              nan
       0.62890625,    -0.8055886339,    -0.4120681181,     0.7853983762,              nan
     0.6298828125,    -0.8037561706,    -0.4124733482,     0.7853983762,              nan
      0.630859375,    -0.8019086292,    -0.4128704505,     0.7853983762,              nan
     0.6318359375,    -0.8000467691,    -0.4132596883,     0.7853983762,              nan
        0.6328125,    -0.7981713639,    -0.4136413326,     0.7853983762,              nan
     0.6337890625,    -0.7962832021,    -0.4140156632,     0.7853983762,              nan
      0.634765625,     -0.794383085,     -0.414382967,     0.7853983762,              nan
     0.6357421875,    -0.7924718255,    -0.4147435382,     0.7853983762,              nan
       0.63671875,    -0.7905502466,    -0.4150976779,     0.7853983762,              nan
     0.6376953125,    -0.7886191813,    -0.4154456936,     0.7853983762,              nan
      0.638671875,    -0.7866794715,    -0.4157878993,     0.7853983762,              nan
     0.6396484375,    -0.7847319676,    -0.4161246153,     0.7853983762,              nan
         0.640625,    -0.7827775273,    -0.4164561675,     0.7853983762,              nan
     0.6416015625,    -0.7808170149,    -0.4167828875,     0.7853983762,              nan
      0.642578125,    -0.7788513011,    -0.4171051126,     0.7853983762,              nan
     0.6435546875,     -0.776881262,    -0.4174231853,     0.7853983762,              nan
       0.64453125,    -0.7749077796,    -0.4177374535,     0.7853983762,              nan
     0.6455078125,    -0.7729317417,    -0.4180482709,     0.7853983762,              nan
      0.646484375,    -0.7709540421,    -0.4183559964,     0.7853983762,              nan
     0.6474609375,    -0.7689755804,    -0.4186609948,     0.7853983762,              nan
        0.6484375,    -0.7669972624,    -0.4189636367,     0.7853983762,              nan
     0.6494140625,    -0.7650200003,    -0.4192642985,     0.7853983762,              nan
      0.650390625,    -0.7630447131,     -0.419563363,     0.7853983762,              nan
     0.6513671875,    -0.7610723273,     -0.419861219,     0.7853983762,              nan
       0.65234375,    -0.7591037765,    -0.4201582622,     0.7853983762,              nan
     0.6533203125,    -0.7571400021,    -0.4204548948,     0.7853983762,              nan
      0.654296875,    -0.7551819525,    -0.4207515253,     0.7853983762,              nan
     0.6552734375,    -0.7532305834,    -0.4210485691,     0.7853983762,              nan
          0.65625,    -0.7512868574,    -0.4213464479,     0.7853983762,              nan
     0.6572265625,    -0.7493517431,    -0.4216455899,     0.7853983762,              nan
      0.658203125,    -0.7474262148,    -0.4219464291,     0.7853983762,              nan
     0.6591796875,    -0.7455112511,    -0.4222494052,     0.7853983762,              nan
       0.66015625,    -0.7436078338,    -0.4225549633,     0.7853983762,              nan
     0.6611328125,    -0.7417169473,    -0.4228635532,     0.7853983762,              nan
      0.662109375,    -0.7398395768,     -0.423175629,     0.7853983762,              nan
     0.6630859375,    -0.7379767069,    -0.4234916486,     0.7853983762,              nan
        0.6640625,    -0.7361293209,    -0.4238120733,     0.7853983762,              nan
     0.6650390625,    -0.7342983989,    -0.4241373669,     0.7853983762,              nan
      0.666015625,    -0.7324849171,    -0.4244679956,     0.7853983762,              nan
     0.6669921875,    -0.7306898468,    -0.4248044275,     0.7853983762,              nan
       0.66796875,    -0.7289141533,    -0.4251471324,     0.7853983762,              nan
     0.6689453125,    -0.7271587959,    -0.4254965811,     0.7853983762,              nan
      0.669921875,    -0.7254247266,    -0.4258532457,     0.7853983762,              nan
     0.6708984375,    -0.7237128906,    -0.4262175993,     0.7853983762,              nan
         0.671875,    -0.7220242257,    -0.4265901158,     0.7853983762,              nan
     0.6728515625,    -0.7203596621,      -0.42697127,     0.7853983762,              nan
      0.673828125,    -0.7187201226,    -0.4273615374,     0.7853983762,              nan
     0.6748046875,    -0.7171065222,    -0.4277613945,     0.7853983762,              nan
       0.67578125,    -0.7155197684,     -0.428171318,     0.7853983762,              nan
     0.6767578125,    -0.7139607606,    -0.4285917857,     0.7853983762,              nan
      0.677734375,    -0.7124303901,    -0.4290232754,     0.7853983762,              nan
     0.6787109375,    -0.7109295387,    -0.4294662651,     0.7853983762,              nan
        0.6796875,    -0.7094590783,    -0.4299212321,     0.7853983762,              nan
     0.6806640625,    -0.7080198694,    -0.4303886526,     0.7853983762,              nan
      0.681640625,    -0.7066127597,    -0.4308690011,     0.7853983762,              nan
     0.6826171875,    -0.7052385823,    -0.4313627493,     0.7853983762,              nan
       0.68359375,    -0.7038981541,    -0.4318703655,     0.7853983762,              nan
     0.6845703125,    -0.7025922732,    -0.4323923129,     0.7853983762,              nan
      0.685546875,    -0.7013217168,     -0.432929049,     0.7853983762,              nan
     0.6865234375,    -0.7000872388,    -0.4334810244,     0.7853983762,              nan
           0.6875,    -0.6988895685,    -0.4340486816,     0.7853983762,              nan
     0.6884765625,    -0.6977294076,    -0.4346324538,     0.7853983762,              nan
      0.689453125,    -0.6966074294,    -0.4352327647,     0.7853983762,              nan
     0.6904296875,     -0.695524277,    -0.4358500267,     0.7853983762,              nan
       0.69140625,     -0.694480562,    -0.4364846412,     0.7853983762,              nan
     0.6923828125,    -0.6934768647,    -0.4371369976,     0.7853983762,              nan
      0.693359375,    -0.6925137329,    -0.4378074731,     0.7853983762,              nan
     0.6943359375,    -0.6915916818,    -0.4384964326,     0.7853983762,              nan
        0.6953125,    -0.6907111951,    -0.4392042287,     0.7853983762,              nan
     0.6962890625,    -0.6898727262,    -0.4399312024,     0.7853983762,              nan
      0.697265625,    -0.6890766991,    -0.4406776833,     0.7853983762,              nan
     0.6982421875,    -0.6883235072,     -0.441443989,     0.7853983762,              nan
       0.69921875,    -0.6876135155,    -0.4422304258,     0.7853983762,              nan
     0.7001953125,    -0.6869470603,    -0.4430372882,     0.7853983762,              nan
      0.701171875,    -0.6863244497,    -0.4438648596,     0.7853983762,              nan
     0.7021484375,    -0.6857459618,    -0.4447134106,     0.7853983762,              nan
         0.703125,    -0.6852118446,    -0.4455831993,     0.7853983762,              nan
     0.7041015625,     -0.684722314,    -0.4464744697,     0.7853983762,              nan
      0.705078125,    -0.6842775513,    -0.4473874504,     0.7853983762,              nan
     0.7060546875,    -0.6838776989,    -0.4483223522,     0.7853983762,              nan
       0.70703125,    -0.6835228531,    -0.4492793644,     0.7853983762,              nan
     0.7080078125,    -0.6832130597,    -0.4502586525,     0.7853983762,              nan
      0.708984375,    -0.6829483114,    -0.4512603561,     0.7853983762,              nan
     0.7099609375,      -0.68272854,    -0.4522845845,     0.7853983762,              nan
        0.7109375,    -0.6825536069,    -0.4533314121,     0.7853983762,              nan
     0.7119140625,    -0.6824232958,    -0.4544008738,     0.7853983762,              nan
      0.712890625,     -0.682337307,    -0.4554929621,     0.7853983762,              nan
     0.7138671875,    -0.6822952489,    -0.4566076225,     0.7853983762,              nan
       0.71484375,    -0.6822966352,     -0.457744751,     0.7853983762,              nan
     0.7158203125,    -0.6823408815,    -0.4589041919,     0.7853983762,              nan
      0.716796875,    -0.6824272997,    -0.4600857342,     0.7853983762,              nan
     0.7177734375,    -0.6825550949,    -0.4612891108,     0.7853983762,              nan
          0.71875,    -0.6827233638,    -0.4625139959,     0.7853983762,              nan
     0.7197265625,     -0.682931097,    -0.4637600048,     0.7853983762,              nan
      0.720703125,    -0.6831771859,    -0.4650266983,     0.7853983762,              nan
     0.7216796875,    -0.6834604299,    -0.4663135861,     0.7853983762,              nan
       0.72265625,    -0.6837795424,    -0.4676201296,     0.7853983762,              nan
     0.7236328125,    -0.6841331585,    -0.4689457448,     0.7853983762,              nan
      0.724609375,    -0.6845198453,    -0.4702898064,     0.7853983762,              nan
     0.7255859375,    -0.6849381159,    -0.4716516551,     0.7853983762,              nan
        0.7265625,    -0.6853864479,    -0.4730306077,     0.7853983762,              nan
     0.7275390625,    -0.6858633005,     -0.474425966,     0.7853983762,              nan
      0.728515625,    -0.6863671319,    -0.4758370267,     0.7853983762,              nan
     0.7294921875,    -0.6868964211,    -0.4772630918,     0.7853983762,              nan
       0.73046875,      -0.68744968,     -0.478703474,     0.7853983762,              nan
     0.7314453125,    -0.6880254586,    -0.4801575011,     0.7853983762,              nan
      0.732421875,    -0.6886223588,    -0.4816245244,     0.7853983762,              nan
     0.7333984375,    -0.6892390553,      -0.48310393,     0.7853983762,              nan
         0.734375,    -0.6898743197,    -0.4845951496,     0.7853983762,              nan
     0.7353515625,    -0.6905270407,    -0.4860976717,     0.7853983762,              nan
      0.736328125,    -0.6911955406,    -0.4876101918,     0.7853983762,              nan
     0.7373046875,    -0.6918801694,    -0.4891335255,     0.7853983762,              nan
       0.73828125,    -0.6925800567,    -0.4906676212,     0.7853983762,              nan
     0.7392578125,    -0.6932940509,    -0.4922115415,     0.7853983762,              nan
      0.740234375,    -0.6940218656,    -0.4937651886,     0.7853983762,              nan
     0.7412109375,    -0.6947630601,    -0.4953283826,     0.7853983762,              nan
        0.7421875,    -0.6955174202,    -0.4969010741,     0.7853983763,              nan
     0.7431640625,    -0.6962848451,    -0.4984832735,     0.7853983763,              nan
      0.744140625,    -0.6970653499,    -0.5000750517,     0.7853983763,              nan
     0.7451171875,    -0.6978590491,    -0.5016765347,     0.7853983763,              nan
       0.74609375,    -0.6986661462,    -0.5032878946,     0.7853983763,              nan
     0.7470703125,    -0.6994869132,    -0.5049093369,     0.7853983763,              nan
      0.748046875,     -0.700321699,    -0.5065411146,     0.7853983763,              nan
     0.7490234375,    -0.7011708953,    -0.5081834976,     0.7853983763,              nan
             0.75,    -0.7020349502,    -0.5098367947,     0.7853983763,              nan
     0.7509765625,    -0.7029143337,    -0.5115013224,     0.7853983763,              nan
      0.751953125,    -0.7038095285,    -0.5131774024,     0.7853983763,              nan
     0.7529296875,    -0.7047210217,    -0.5148653607,     0.7853983763,              nan
       0.75390625,    -0.7056492862,     -0.516565516,     0.7853983763,              nan
     0.7548828125,    -0.7065959488,    -0.5182798138,     0.7853983763,              nan
      0.755859375,    -0.7075585922,    -0.5200050086,     0.7853983763,              nan
     0.7568359375,    -0.7085397638,    -0.5217435343,     0.7853983763,              nan
        0.7578125,    -0.7095391429,    -0.5234952637,     0.7853983763,              nan
     0.7587890625,    -0.7105571751,    -0.5252605282,     0.7853983763,              nan
      0.759765625,    -0.7115940506,    -0.5270394916,     0.7853983763,              nan
     0.7607421875,    -0.7126499315,    -0.5288323036,     0.7853983763,              nan
       0.76171875,    -0.7137249065,    -0.5306390724,     0.7853983763,              nan
     0.7626953125,    -0.7148190061,    -0.5324598747,     0.7853983763,              nan
      0.763671875,    -0.7159321934,     -0.534294749,     0.7853983763,              nan
     0.7646484375,    -0.7170643681,     -0.536143698,     0.7853983763,              nan
         0.765625,    -0.7182153706,    -0.5380066908,     0.7853983763,              nan
     0.7666015625,    -0.7193849819,    -0.5398836624,     0.7853983763,              nan
      0.767578125,    -0.7205729271,    -0.5417745153,     0.7853983763,              nan
     0.7685546875,    -0.7217788796,    -0.5436791218,     0.7853983763,              nan
       0.76953125,    -0.7230024653,    -0.5455973257,     0.7853983763,              nan
     0.7705078125,    -0.7242432651,     -0.547528944,     0.7853983763,              nan
      0.771484375,    -0.7255008196,    -0.5494737684,     0.7853983763,              nan
     0.7724609375,    -0.7267746326,    -0.5514315677,     0.7853983763,              nan
        0.7734375,     -0.728064175,    -0.5534020896,     0.7853983763,              nan
     0.7744140625,    -0.7293688872,    -0.5553850621,     0.7853983763,              nan
      0.775390625,    -0.7306881859,    -0.5573801959,     0.7853983763,              nan
     0.7763671875,    -0.7320214692,    -0.5593871871,     0.7853983763,              nan
       0.77734375,    -0.7333681125,    -0.5614057161,     0.7853983763,              nan
     0.7783203125,     -0.734727466,    -0.5634354474,     0.7853983763,              nan
      0.779296875,    -0.7360988598,    -0.5654760314,     0.7853983763,              nan
     0.7802734375,    -0.7374816152,    -0.5675271087,     0.7853983763,              nan
          0.78125,    -0.7388750498,    -0.5695883128,     0.7853983763,              nan
     0.7822265625,    -0.7402784714,     -0.571659267,     0.7853983763,              nan
      0.783203125,     -0.741691171,     -0.573739583,     0.7853983763,              nan
     0.7841796875,    -0.7431124212,    -0.5758288601,     0.7853983763,              nan
       0.78515625,    -0.7445414806,    -0.5779266873,     0.7853983763,              nan
     0.7861328125,     -0.745977599,    -0.5800326454,     0.7853983763,              nan
      0.787109375,    -0.7474200173,    -0.5821463058,     0.7853983763,              nan
     0.7880859375,    -0.7488679622,    -0.5842672278,     0.7853983763,              nan
        0.7890625,    -0.7503206498,     -0.586394961,     0.7853983763,              nan
     0.7900390625,    -0.7517772888,    -0.5885290469,     0.7853983763,              nan
      0.791015625,    -0.7532370752,    -0.5906690152,     0.7853983763,              nan
     0.7919921875,     -0.754699186,    -0.5928143818,     0.7853983763,              nan
       0.79296875,    -0.7561627836,    -0.5949646522,     0.7853983763,              nan
     0.7939453125,    -0.7576270192,     -0.597119322,     0.7853983763,              nan
      0.794921875,    -0.7590910299,    -0.5992778744,     0.7853983763,              nan
     0.7958984375,     -0.760553938,    -0.6014397787,     0.7853983763,              nan
         0.796875,    -0.7620148526,    -0.6036044926,     0.7853983763,              nan
     0.7978515625,    -0.7634728694,    -0.6057714623,     0.7853983763,              nan
      0.798828125,    -0.7649270721,    -0.6079401217,     0.7853983763,              nan
     0.7998046875,    -0.7663765335,    -0.6101098936,     0.7853983763,              nan
       0.80078125,    -0.7678203176,    -0.6122801908,     0.7853983763,              nan
     0.8017578125,    -0.7692574797,    -0.6144504179,     0.7853983763,              nan
      0.802734375,    -0.7706870672,    -0.6166199697,     0.7853983763,              nan
     0.8037109375,    -0.7721081195,     -0.618788231,     0.7853983763,              nan
        0.8046875,    -0.7735196696,    -0.6209545775,     0.7853983763,              nan
     0.8056640625,     -0.774920749,    -0.6231183791,     0.7853983763,              nan
      0.806640625,    -0.7763103896,    -0.6252790018,     0.7853983763,              nan
     0.8076171875,    -0.7776876235,    -0.6274358077,     0.7853983763,              nan
       0.80859375,    -0.7790514827,    -0.6295881545,     0.7853983763,              nan
     0.8095703125,    -0.7804009999,    -0.6317353964,     0.7853983763,              nan
      0.810546875,     -0.781735212,     -0.633876886,     0.7853983763,              nan
     0.8115234375,    -0.7830531599,    -0.6360119744,     0.7853983763,              nan
           0.8125,    -0.7843538901,    -0.6381400132,     0.7853983763,              nan
     0.8134765625,    -0.7856364567,    -0.6402603549,     0.7853983763,              nan
      0.814453125,    -0.7868999216,    -0.6423723532,     0.7853983763,              nan
     0.8154296875,    -0.7881433547,    -0.6444753637,     0.7853983763,              nan
       0.81640625,    -0.7893658341,    -0.6465687442,     0.7853983763,              nan
     0.8173828125,    -0.7905664463,     -0.648651855,     0.7853983763,              nan
      0.818359375,    -0.7917442865,    -0.6507240588,     0.7853983763,              nan
     0.8193359375,    -0.7928984587,    -0.6527847213,     0.7853983763,              nan
        0.8203125,    -0.7940280758,    -0.6548332115,     0.7853983763,              nan
     0.8212890625,    -0.7951322595,    -0.6568689014,     0.7853983763,              nan
      0.822265625,    -0.7962101405,    -0.6588911664,     0.7853983763,              nan
     0.8232421875,    -0.7972608584,    -0.6608993848,     0.7853983763,              nan
       0.82421875,    -0.7982835619,    -0.6628929387,     0.7853983763,              nan
     0.8251953125,    -0.7992774085,    -0.6648712131,     0.7853983763,              nan
      0.826171875,    -0.8002415655,    -0.6668335969,     0.7853983763,              nan
     0.8271484375,    -0.8011752095,    -0.6687794829,     0.7853983763,              nan
         0.828125,    -0.8020775277,    -0.6707082684,     0.7853983763,              nan
     0.8291015625,    -0.8029477184,    -0.6726193557,     0.7853983763,              nan
      0.830078125,    -0.8037849912,    -0.6745121523,     0.7853983763,              nan
     0.8310546875,    -0.8045885683,    -0.6763860719,     0.7853983763,              nan
       0.83203125,    -0.8053576853,    -0.6782405347,     0.7853983763,              nan
     0.8330078125,    -0.8060915918,    -0.6800749682,     0.7853983763,              nan
      0.833984375,    -0.8067895528,    -0.6818888081,     0.7853983763,              nan
     0.8349609375,    -0.8074508494,    -0.6836814986,     0.7853983763,              nan
        0.8359375,    -0.8080747799,    -0.6854524939,     0.7853983763,              nan
     0.8369140625,    -0.8086606605,    -0.6872012582,     0.7853983763,              nan
      0.837890625,    -0.8092078269,    -0.6889272668,     0.7853983763,              nan
     0.8388671875,    -0.8097156346,    -0.6906300072,     0.7853983763,              nan
       0.83984375,    -0.8101834598,    -0.6923089792,     0.7853983763,              nan
     0.8408203125,    -0.8106107008,    -0.6939636959,     0.7853983763,              nan
      0.841796875,     -0.810996778,    -0.6955936845,     0.7853983763,              nan
     0.8427734375,    -0.8113411347,    -0.6971984863,     0.7853983763,              nan
          0.84375,    -0.8116432381,    -0.6987776577,     0.7853983763,              nan
     0.8447265625,    -0.8119025798,    -0.7003307707,     0.7853983763,              nan
      0.845703125,    -0.8121186762,    -0.7018574133,     0.7853983763,              nan
     0.8466796875,    -0.8122910696,    -0.7033571899,     0.7853983763,              nan
       0.84765625,    -0.8124193288,    -0.7048297223,     0.7853983763,              nan
     0.8486328125,    -0.8125030502,      -0.70627465,     0.7853983763,              nan
      0.849609375,    -0.8125418582,    -0.7076916308,     0.7853983763,              nan
     0.8505859375,    -0.8125354064,    -0.7090803414,     0.7853983763,              nan
        0.8515625,    -0.8124833784,    -0.7104404779,     0.7853983763,              nan
     0.8525390625,    -0.8123854889,    -0.7117717569,     0.7853983763,              nan
      0.853515625,    -0.8122414848,    -0.7130739157,     0.7853983763,              nan
     0.8544921875,    -0.8120511457,    -0.7143467134,     0.7853983763,              nan
       0.85546875,    -0.8118142848,    -0.7155899306,     0.7853983763,              nan
     0.8564453125,    -0.8115307502,     -0.716803371,     0.7853983763,              nan
      0.857421875,    -0.8112004254,    -0.7179868615,     0.7853983763,              nan
     0.8583984375,    -0.8108232302,    -0.7191402527,     0.7853983763,              nan
         0.859375,    -0.8103991208,    -0.7202634193,     0.7853983763,              nan
     0.8603515625,    -0.8099280904,    -0.7213562603,     0.7853983763,              nan
      0.861328125,    -0.8094101695,    -0.7224186992,     0.7853983763,              nan
     0.8623046875,    -0.8088454263,    -0.7234506846,     0.7853983763,              nan
       0.86328125,    -0.8082339662,    -0.7244521896,     0.7853983763,              nan
     0.8642578125,    -0.8075759314,    -0.7254232121,     0.7853983763,              nan
      0.865234375,    -0.8068715017,    -0.7263637747,     0.7853983763,              nan
     0.8662109375,    -0.8061208928,     -0.727273924,     0.7853983763,              nan
        0.8671875,    -0.8053243578,    -0.7281537308,     0.7853983763,              nan
     0.8681640625,    -0.8044821863,     -0.729003291,     0.7853983763,              nan
      0.869140625,    -0.8035947049,    -0.7298227243,     0.7853983763,              nan
     0.8701171875,     -0.802662276,    -0.7306121741,     0.7853983763,              nan
       0.87109375,    -0.8016852992,    -0.7313718081,     0.7853983763,              nan
     0.8720703125,    -0.8006642112,    -0.7321018183,     0.7853983763,              nan
      0.873046875,    -0.7995994871,    -0.7328024214,     0.7853983763,              nan
     0.8740234375,    -0.7984916427,    -0.7334738596,     0.7853983763,              nan
            0.875,    -0.7973412346,    -0.7341164009,     0.7853983763,              nan
     0.8759765625,    -0.7961488601,    -0.7347303394,     0.7853983763,              nan
      0.876953125,    -0.7949151606,    -0.7353159968,     0.7853983763,              nan
     0.8779296875,    -0.7936408232,    -0.7358737236,     0.7853983763,              nan
       0.87890625,    -0.7923265805,    -0.7364038983,     0.7853983763,              nan
     0.8798828125,     -0.790973212,    -0.7369069281,     0.7853983763,              nan
      0.880859375,    -0.7895815474,    -0.7373832511,     0.7853983763,              nan
     0.8818359375,    -0.7881524653,    -0.7378333369,     0.7853983763,              nan
        0.8828125,    -0.7866868926,    -0.7382576859,     0.7853983763,              nan
     0.8837890625,    -0.7851858053,    -0.7386568292,     0.7853983763,              nan
      0.884765625,     -0.783650225,    -0.7390313275,     0.7853983763,              nan
     0.8857421875,    -0.7820812169,    -0.7393817695,     0.7853983763,              nan
       0.88671875,    -0.7804798896,    -0.7397087722,     0.7853983763,              nan
     0.8876953125,    -0.7788473883,    -0.7400129779,     0.7853983763,              nan
      0.888671875,    -0.7771848883,    -0.7402950512,     0.7853983763,              nan
     0.8896484375,    -0.7754935904,     -0.740555675,     0.7853983763,              nan
         0.890625,    -0.7737747148,    -0.7407955476,     0.7853983763,              nan
     0.8916015625,    -0.7720294918,    -0.7410153774,     0.7853983763,              nan
      0.892578125,    -0.7702591532,    -0.7412158797,     0.7853983763,              nan
     0.8935546875,    -0.7684649246,    -0.7413977721,     0.7853983763,              nan
       0.89453125,    -0.7666480172,    -0.7415617688,     0.7853983763,              nan
     0.8955078125,    -0.7648096172,    -0.7417085738,     0.7853983763,              nan
      0.896484375,    -0.7629508739,    -0.7418388739,     0.7853983763,              nan
     0.8974609375,    -0.7610728895,    -0.7419533331,     0.7853983763,              nan
        0.8984375,    -0.7591767117,    -0.7420525887,     0.7853983763,              nan
     0.8994140625,     -0.757263326,    -0.7421372462,     0.7853983763,              nan
      0.900390625,    -0.7553336458,     -0.742207873,     0.7853983763,              nan
     0.9013671875,    -0.7533885088,    -0.7422649956,     0.7853983763,              nan
       0.90234375,    -0.7514286765,    -0.7423090986,     0.7853983763,              nan
     0.9033203125,    -0.7494548231,    -0.7423406183,     0.7853983763,              nan
      0.904296875,    -0.7474675304,    -0.7423599392,     0.7853983763,              nan
     0.9052734375,    -0.7454672914,    -0.7423673963,     0.7853983763,              nan
          0.90625,    -0.7434545123,    -0.7423632739,     0.7853983763,              nan
     0.9072265625,    -0.7414295084,    -0.7423478033,     0.7853983763,              nan
      0.908203125,    -0.7393925082,    -0.7423211641,     0.7853983763,              nan
     0.9091796875,    -0.7373436626,    -0.7422834894,     0.7853983763,              nan
       0.91015625,    -0.7352830511,      -0.74223487,     0.7853983763,              nan
     0.9111328125,    -0.7332106862,    -0.7421753577,     0.7853983763,              nan
      0.912109375,    -0.7311265207,    -0.7421049686,     0.7853983763,              nan
     0.9130859375,    -0.7290304591,    -0.7420236885,     0.7853983763,              nan
        0.9140625,    -0.7269223675,    -0.7419314779,     0.7853983763,              nan
     0.9150390625,    -0.7248020798,    -0.7418282753,     0.7853983763,              nan
      0.916015625,    -0.7226694055,    -0.7417140036,     0.7853983763,              nan
     0.9169921875,    -0.7205241422,    -0.7415885777,     0.7853983763,              nan
       0.91796875,    -0.7183660892,    -0.7414519132,     0.7853983763,              nan
     0.9189453125,    -0.7161950566,    -0.7413039314,     0.7853983763,              nan
      0.919921875,    -0.7140108722,    -0.7411445637,     0.7853983763,              nan
     0.9208984375,    -0.7118133881,    -0.7409737555,     0.7853983763,              nan
         0.921875,    -0.7096024876,    -0.7407914702,     0.7853983763,              nan
     0.9228515625,    -0.7073780925,    -0.7405976941,     0.7853983763,              nan
      0.923828125,    -0.7051401707,    -0.7403924409,     0.7853983763,              nan
     0.9248046875,    -0.7028887416,    -0.7401757544,     0.7853983763,              nan
       0.92578125,    -0.7006238792,     -0.739947712,     0.7853983763,              nan
     0.9267578125,    -0.6983457137,    -0.7397084251,     0.7853983763,              nan
      0.927734375,    -0.6960544319,    -0.7394580403,     0.7853983763,              nan
     0.9287109375,    -0.6937502769,    -0.7391967393,     0.7853983763,              nan
        0.9296875,    -0.6914335476,    -0.7389247388,     0.7853983763,              nan
     0.9306640625,    -0.6891045974,    -0.7386422894,     0.7853983763,              nan
      0.931640625,    -0.6867638329,    -0.7383496748,     0.7853983763,              nan
     0.9326171875,     -0.684411711,    -0.7380472098,     0.7853983763,              nan
       0.93359375,    -0.6820487359,    -0.7377352386,     0.7853983763,              nan
     0.9345703125,    -0.6796754551,    -0.7374141323,     0.7853983763,              nan
      0.935546875,    -0.6772924557,    -0.7370842866,     0.7853983763,              nan
     0.9365234375,    -0.6748985705,    -0.7367427908,     0.7853983763,              nan
           0.9375,    -0.6724986913,    -0.7363972997,     0.7853983763,              nan
     0.9384765625,    -0.6700903544,    -0.7360437598,     0.7853983763,              nan
      0.939453125,     -0.667675116,    -0.7356834585,     0.7853983763,              nan
     0.9404296875,    -0.6652534894,    -0.7353166231,     0.7853983763,              nan
       0.94140625,    -0.6628262386,    -0.7349437715,     0.7853983762,              nan
     0.9423828125,    -0.6603941007,    -0.7345653885,     0.7853983762,              nan
      0.943359375,    -0.6579578359,    -0.7341819808,     0.7853983762,              nan
     0.9443359375,    -0.6555182018,    -0.7337940487,     0.7853983762,              nan
        0.9453125,    -0.6530759563,    -0.7334020942,     0.7853983762,              nan
     0.9462890625,    -0.6506318572,    -0.7330066188,     0.7853983762,              nan
      0.947265625,    -0.6481866598,    -0.7326081226,     0.7853983762,              nan
     0.9482421875,    -0.6457411173,    -0.7322071049,     0.7853983762,              nan
       0.94921875,     -0.643295978,    -0.7318040621,     0.7853983762,              nan
     0.9501953125,    -0.6408519846,    -0.7313994866,     0.7853983762,              nan
      0.951171875,    -0.6384098729,    -0.7309938664,     0.7853983762,              nan
     0.9521484375,    -0.6359703735,    -0.7305876863,     0.7853983762,              nan
         0.953125,    -0.6335342112,    -0.7301814279,     0.7853983762,              nan
     0.9541015625,    -0.6311021053,    -0.7297755694,     0.7853983762,              nan
      0.955078125,    -0.6286747698,    -0.7293705857,     0.7853983762,              nan
     0.9560546875,    -0.6262529144,    -0.7289669488,     0.7853983762,              nan
       0.95703125,    -0.6238372452,    -0.7285651287,     0.7853983762,              nan
     0.9580078125,    -0.6214284646,    -0.7281655927,     0.7853983762,              nan
      0.958984375,    -0.6190272721,    -0.7277688059,     0.7853983762,              nan
     0.9599609375,    -0.6166343641,    -0.7273752317,     0.7853983762,              nan
        0.9609375,    -0.6142504342,    -0.7269853309,     0.7853983762,              nan
     0.9619140625,    -0.6118761739,    -0.7265995628,     0.7853983762,              nan
      0.962890625,    -0.6095122721,    -0.7262183842,     0.7853983762,              nan
     0.9638671875,    -0.6071594157,    -0.7258422505,     0.7853983762,              nan
       0.96484375,     -0.604818289,    -0.7254716146,     0.7853983762,              nan
     0.9658203125,     -0.602489573,    -0.7251069272,     0.7853983762,              nan
      0.966796875,     -0.600173945,    -0.7247486362,     0.7853983762,              nan
     0.9677734375,    -0.5978720774,     -0.724397186,     0.7853983763,              nan
          0.96875,    -0.5955846379,    -0.7240530176,     0.7853983763,              nan
     0.9697265625,    -0.5933122885,    -0.7237165679,     0.7853983763,              nan
      0.970703125,    -0.5910556844,    -0.7233882695,     0.7853983763,              nan
     0.9716796875,    -0.5888154733,    -0.7230685501,     0.7853983763,              nan
       0.97265625,    -0.5865922939,    -0.7227578315,     0.7853983763,              nan
     0.9736328125,    -0.5843867748,    -0.7224565296,     0.7853983763,              nan
      0.974609375,    -0.5821995336,    -0.7221650532,     0.7853983763,              nan
     0.9755859375,     -0.580031176,    -0.7218838039,     0.7853983763,              nan
        0.9765625,    -0.5778822948,    -0.7216131755,     0.7853983763,              nan
     0.9775390625,    -0.5757534691,    -0.7213535533,     0.7853983763,              nan
      0.978515625,    -0.5736452634,    -0.7211053139,     0.7853983763,              nan
     0.9794921875,     -0.571558227,    -0.7208688245,     0.7853983763,              nan
       0.98046875,    -0.5694928933,    -0.7206444427,     0.7853983763,              nan
     0.9814453125,    -0.5674497787,    -0.7204325159,     0.7853983763,              nan
      0.982421875,    -0.5654293829,    -0.7202333812,     0.7853983763,              nan
     0.9833984375,    -0.5634321877,    -0.7200473646,     0.7853983763,              nan
         0.984375,    -0.5614586569,    -0.7198747814,     0.7853983763,              nan
     0.9853515625,     -0.559509236,    -0.7197159353,     0.7853983763,              nan
      0.986328125,    -0.5575843517,    -0.7195711186,     0.7853983763,              nan
     0.9873046875,    -0.5556844122,     -0.719440612,     0.7853983763,              nan
       0.98828125,    -0.5538098064,    -0.7193246839,     0.7853983763,              nan
     0.9892578125,    -0.5519609039,    -0.7192235909,     0.7853983763,              nan
      0.990234375,    -0.5501380552,    -0.7191375772,     0.7853983763,              nan
     0.9912109375,    -0.5483415907,    -0.7190668745,     0.7853983763,              nan
        0.9921875,    -0.5465718212,     -0.719011702,     0.7853983763,              nan
     0.9931640625,    -0.5448290373,    -0.7189722661,     0.7853983764,              nan
      0.994140625,    -0.5431135091,    -0.7189487602,     0.7853983764,              nan
     0.9951171875,    -0.5414254861,    -0.7189413644,     0.7853983764,              nan
       0.99609375,    -0.5397651966,    -0.7189502455,     0.7853983764,              nan
     0.9970703125,    -0.5381328479,    -0.7189755566,     0.7853983764,              nan
      0.998046875,    -0.5365286251,    -0.7190174369,     0.7853983764,              nan
     0.9990234375,    -0.5349526917,    -0.7190760111,     0.7853983764,              nan
                1,    -0.5334051883,    -0.7191513895,     0.7853983764,              nan
              nan,    -0.5915927518,    -0.3063152096,      0.785398376,              nan
