             Time,          Y-Force,   Work integrand,             Mass,       Mass error
                0,   -0.04625453522,                0,     0.7764572785,              nan
        0.0078125,   -0.07016870332, -5.979286905e-06,     0.7764572785,              nan
         0.015625,   -0.09374146473, -3.201929858e-05,     0.7764572785,              nan
        0.0234375,    -0.1016127324, -7.935439657e-05,     0.7764572785,              nan
          0.03125,    -0.1084409004, -0.0001529671282,     0.7764572785,              nan
        0.0390625,    -0.1066280973,  -0.000244009048,     0.7764572785,              nan
         0.046875,    -0.1036725134, -0.0003598388512,     0.7764572785,              nan
        0.0546875,    -0.1046704515, -0.0005180148844,     0.7764572785,              nan
           0.0625,    -0.1062600194, -0.0007151239848,     0.7764572785,              nan
        0.0703125,    -0.1047133801, -0.0009292441913,     0.7764572785,              nan
         0.078125,   -0.09977265215,  -0.001142646006,     0.7764572785,              nan
        0.0859375,   -0.09364670988,  -0.001356007281,     0.7764572785,              nan
          0.09375,   -0.08921680767,  -0.001590468156,     0.7764572785,              nan
        0.1015625,    -0.0889007581,  -0.001883249502,     0.7764572785,              nan
         0.109375,    -0.0943043408,  -0.002283556967,     0.7764572785,              nan
        0.1171875,    -0.1062515861,  -0.002849445937,     0.7764572785,              nan
            0.125,    -0.1247999005,  -0.003641007237,     0.7764572785,              nan
        0.1328125,    -0.1491734247,  -0.004706750139,     0.7764572785,              nan
         0.140625,    -0.1778246288,   -0.00606894268,     0.7764572785,              nan
        0.1484375,    -0.2087895564,  -0.007718213788,     0.7764572785,              nan
          0.15625,    -0.2402258211,  -0.009622397377,     0.7764572785,              nan
        0.1640625,    -0.2708604068,   -0.01174521845,     0.7764572785,              nan
         0.171875,    -0.3001578351,   -0.01406491705,     0.7764572785,              nan
        0.1796875,    -0.3282035872,    -0.0165847102,     0.7764572785,              nan
           0.1875,    -0.3554585643,   -0.01933379433,     0.7764572785,              nan
        0.1953125,    -0.3825317695,   -0.02236199267,     0.7764572785,              nan
         0.203125,    -0.4100251441,   -0.02573127957,     0.7764572785,              nan
        0.2109375,    -0.4384239966,   -0.02950531348,     0.7764572785,              nan
          0.21875,    -0.4679921247,   -0.03373649054,     0.7764572785,              nan
        0.2265625,    -0.4986597104,   -0.03845054596,     0.7764572785,              nan
         0.234375,    -0.5299357522,    -0.0436312968,     0.7764572785,              nan
        0.2421875,    -0.5608999795,   -0.04921080734,     0.7764572785,              nan
             0.25,    -0.5903070254,   -0.05507006743,     0.7764572785,              nan
        0.2578125,     -0.616786176,   -0.06105192763,     0.7764572785,              nan
         0.265625,    -0.6390844302,   -0.06698396394,     0.7764572785,              nan
        0.2734375,    -0.6562922752,   -0.07270595513,     0.7764572785,              nan
          0.28125,    -0.6680017562,   -0.07809525988,     0.7764572785,              nan
        0.2890625,    -0.6743495543,   -0.08308289514,     0.7764572785,              nan
         0.296875,    -0.6759541733,   -0.08765736627,     0.7764572785,              nan
        0.3046875,    -0.6737728102,   -0.09185704351,     0.7764572785,              nan
           0.3125,    -0.6689118357,   -0.09575350989,     0.7764572785,              nan
        0.3203125,    -0.6624262614,   -0.09942929573,     0.7764572785,              nan
         0.328125,    -0.6551652074,    -0.1029594367,     0.7764572785,              nan
        0.3359375,    -0.6476725656,    -0.1063973059,     0.7764572785,              nan
          0.34375,    -0.6401531548,    -0.1097668133,     0.7764572785,              nan
        0.3515625,    -0.6325297658,    -0.1130658641,     0.7764572785,              nan
         0.359375,    -0.6245561849,    -0.1162784026,     0.7764572785,              nan
        0.3671875,      -0.61594166,    -0.1193882285,     0.7764572785,              nan
            0.375,    -0.6064824031,    -0.1223951471,     0.7764572785,              nan
        0.3828125,    -0.5961849739,    -0.1253304057,     0.7764572785,              nan
         0.390625,    -0.5853612076,    -0.1282723276,     0.7764572785,              nan
        0.3984375,    -0.5746087749,    -0.1313468623,     0.7764572785,              nan
          0.40625,    -0.5647703267,    -0.1347297185,     0.7764572785,              nan
        0.4140625,    -0.5568314726,    -0.1386272327,     0.7764572785,              nan
         0.421875,    -0.5517732407,    -0.1432576419,     0.7764572785,              nan
        0.4296875,    -0.5504239258,     -0.148824182,     0.7764572785,              nan
           0.4375,    -0.5533082166,    -0.1554823592,     0.7764572785,              nan
        0.4453125,    -0.5605923614,    -0.1633218161,     0.7764572785,              nan
         0.453125,    -0.5720834554,    -0.1723546633,     0.7764572785,              nan
        0.4609375,    -0.5872808301,    -0.1825187625,     0.7764572785,              nan
          0.46875,    -0.6054687813,    -0.1936834337,     0.7764572785,              nan
        0.4765625,    -0.6258378632,    -0.2056684793,     0.7764572785,              nan
         0.484375,    -0.6476165642,    -0.2182826138,     0.7764572785,              nan
        0.4921875,    -0.6701827302,    -0.2313514458,     0.7764572785,              nan
              0.5,    -0.6931050445,    -0.2447378933,     0.7764572785,              nan
        0.5078125,    -0.7161617042,    -0.2583573752,     0.7764572785,              nan
         0.515625,     -0.739330451,    -0.2722013414,     0.7764572785,              nan
        0.5234375,    -0.7626384383,    -0.2862978055,     0.7764572785,              nan
          0.53125,    -0.7858376452,    -0.3006307752,     0.7764572785,              nan
        0.5390625,    -0.8090793892,    -0.3152939731,     0.7764572785,              nan
         0.546875,     -0.832221427,    -0.3303129238,     0.7764572785,              nan
        0.5546875,    -0.8544698678,    -0.3455088803,     0.7764572785,              nan
           0.5625,    -0.8750318264,    -0.3606983272,     0.7764572785,              nan
        0.5703125,    -0.8932319956,    -0.3757027076,     0.7764572785,              nan
         0.578125,    -0.9084176313,    -0.3902390805,     0.7764572785,              nan
        0.5859375,    -0.9198656083,    -0.4038573009,     0.7764572785,              nan
          0.59375,    -0.9267545419,    -0.4163609336,     0.7764572785,              nan
        0.6015625,    -0.9289403562,    -0.4276935219,     0.7764572785,              nan
         0.609375,    -0.9263549474,    -0.4377325198,     0.7764572785,              nan
        0.6171875,    -0.9193832545,    -0.4465401834,     0.7764572785,              nan
            0.625,    -0.9085552143,    -0.4541905845,     0.7764572785,              nan
        0.6328125,    -0.8943396961,    -0.4606901808,     0.7764572785,              nan
         0.640625,    -0.8776133354,    -0.4661724661,     0.7764572785,              nan
        0.6484375,    -0.8589598745,    -0.4707190957,     0.7764572785,              nan
          0.65625,    -0.8384790257,    -0.4742228485,     0.7764572785,              nan
        0.6640625,     -0.816277563,    -0.4765540474,     0.7764572785,              nan
         0.671875,    -0.7924070803,    -0.4776284658,     0.7764572785,              nan
        0.6796875,    -0.7672176923,    -0.4775962503,     0.7764572785,              nan
           0.6875,    -0.7408490708,    -0.4764784778,     0.7764572785,              nan
        0.6953125,    -0.7130024722,    -0.4741757447,     0.7764572785,              nan
         0.703125,    -0.6845649658,    -0.4710452134,     0.7764572785,              nan
        0.7109375,    -0.6569484631,    -0.4676419712,     0.7764572785,              nan
          0.71875,    -0.6315729081,     -0.464743297,     0.7764572785,              nan
        0.7265625,    -0.6093658375,    -0.4628453567,     0.7764572785,              nan
         0.734375,    -0.5920016776,     -0.463106587,     0.7764572785,              nan
        0.7421875,    -0.5818084723,    -0.4666216932,     0.7764572785,              nan
             0.75,    -0.5787184124,    -0.4729066611,     0.7764572785,              nan
        0.7578125,    -0.5817886426,    -0.4812487615,     0.7764572785,              nan
         0.765625,     -0.588806356,    -0.4907191585,     0.7764572785,              nan
        0.7734375,    -0.5968497059,    -0.5002864977,     0.7764572785,              nan
          0.78125,    -0.6064811597,    -0.5095839574,     0.7764572785,              nan
        0.7890625,    -0.6184160431,    -0.5194598932,     0.7764572785,              nan
         0.796875,    -0.6283947405,    -0.5276688616,     0.7764572785,              nan
        0.8046875,    -0.6359537928,    -0.5335425734,     0.7764572785,              nan
           0.8125,    -0.6456035632,     -0.540437012,     0.7764572785,              nan
        0.8203125,    -0.6604387765,    -0.5513150293,     0.7764572785,              nan
         0.828125,    -0.6828700085,      -0.56804967,     0.7764572785,              nan
        0.8359375,    -0.7128739395,    -0.5911183643,     0.7764572785,              nan
          0.84375,    -0.7476528763,    -0.6194372842,     0.7764572785,              nan
        0.8515625,    -0.7835137214,    -0.6514030927,     0.7764572785,              nan
         0.859375,    -0.8167961708,    -0.6855122763,     0.7764572785,              nan
        0.8671875,    -0.8446324614,    -0.7203341122,     0.7764572785,              nan
            0.875,    -0.8647233803,    -0.7540365584,     0.7764572785,              nan
        0.8828125,    -0.8761880985,    -0.7848568569,     0.7764572785,              nan
         0.890625,    -0.8800261556,    -0.8124023761,     0.7764572785,              nan
        0.8984375,    -0.8776902643,    -0.8365427633,     0.7764572785,              nan
          0.90625,    -0.8709369907,     -0.857250928,     0.7764572785,              nan
        0.9140625,    -0.8613157284,    -0.8745980511,     0.7764572785,              nan
         0.921875,    -0.8498120706,    -0.8886538755,     0.7764572785,              nan
        0.9296875,    -0.8355593537,    -0.8986455329,     0.7764572785,              nan
           0.9375,    -0.8183253994,    -0.9043034587,     0.7764572785,              nan
        0.9453125,    -0.7993160946,    -0.9057392453,     0.7764572785,              nan
         0.953125,    -0.7795423653,    -0.9028575925,     0.7764572785,              nan
        0.9609375,    -0.7594865384,     -0.895232269,     0.7764572785,              nan
          0.96875,    -0.7391221298,    -0.8823101961,     0.7764572785,              nan
        0.9765625,    -0.7179256528,    -0.8637560448,     0.7764572785,              nan
         0.984375,    -0.6952962239,    -0.8396890582,     0.7764572785,              nan
        0.9921875,    -0.6700700351,    -0.8107458675,     0.7764572785,              nan
                1,    -0.6410044825,    -0.7781058028,     0.7764572785,              nan
              nan,    -0.5944830864,      -0.31708909,     0.7764572785,              nan
