             Time,          Y-Force,   Work integrand,             Mass,       Mass error
                0,  5.045560414e-09,                0,     0.7853981642,              nan
     0.0009765625, -1.598243214e-05, -4.972791576e-11,     0.7853981642,              nan
      0.001953125, -5.835290987e-05, -6.321194889e-10,     0.7853981642,              nan
     0.0029296875, -0.0001262701208, -2.860036993e-09,     0.7853981642,              nan
       0.00390625, -0.0002195460668, -8.417995369e-09,     0.7853981642,              nan
     0.0048828125, -0.0003380130201, -1.953257006e-08,     0.7853981642,              nan
      0.005859375, -0.0004815985669, -3.895759952e-08,     0.7853981642,              nan
     0.0068359375, -0.0006502633131, -6.996379465e-08,     0.7853981642,              nan
        0.0078125, -0.0008439923461, -1.163315813e-07,     0.7853981642,              nan
     0.0087890625,    -0.0010627867, -1.823456862e-07,     0.7853981642,              nan
      0.009765625,  -0.001306658767,  -2.72790856e-07,     0.7853981642,              nan
     0.0107421875,  -0.001575629529, -3.929484827e-07,     0.7853981642,              nan
       0.01171875,  -0.001869726411, -5.485937936e-07,     0.7853981642,              nan
     0.0126953125,  -0.002188981793, -7.459934951e-07,     0.7853981642,              nan
      0.013671875,  -0.002533431974, -9.919037787e-07,     0.7853981642,              nan
     0.0146484375,  -0.002903116354, -1.293568587e-06,     0.7853981642,              nan
         0.015625,  -0.003298076783, -1.658718083e-06,     0.7853981642,              nan
     0.0166015625,  -0.003718357052, -2.095567293e-06,     0.7853981642,              nan
      0.017578125,   -0.00416400253, -2.612814883e-06,     0.7853981642,              nan
     0.0185546875,  -0.004635059883, -3.219642069e-06,     0.7853981642,              nan
       0.01953125,  -0.005131576864, -3.925711616e-06,     0.7853981642,              nan
     0.0205078125,  -0.005653602129, -4.741166913e-06,     0.7853981642,              nan
      0.021484375,  -0.006201185051, -5.676631072e-06,     0.7853981642,              nan
     0.0224609375,  -0.006774375501, -6.743206031e-06,     0.7853981642,              nan
        0.0234375,  -0.007373223592, -7.952471618e-06,     0.7853981642,              nan
     0.0244140625,  -0.007997779435, -9.316484603e-06,     0.7853981642,              nan
      0.025390625,  -0.008648093044, -1.084777781e-05,     0.7853981642,              nan
     0.0263671875,  -0.009324214319,  -1.25593593e-05,     0.7853981642,              nan
       0.02734375,   -0.01002619303, -1.446471153e-05,     0.7853981642,              nan
     0.0283203125,   -0.01075407877, -1.657779052e-05,     0.7853981642,              nan
      0.029296875,   -0.01150792087, -1.891302494e-05,     0.7853981642,              nan
     0.0302734375,   -0.01228776829, -2.148531509e-05,     0.7853981642,              nan
          0.03125,    -0.0130936695,  -2.43100319e-05,     0.7853981642,              nan
     0.0322265625,   -0.01392567247, -2.740301589e-05,     0.7853981642,              nan
      0.033203125,   -0.01478382459, -3.078057615e-05,     0.7853981642,              nan
     0.0341796875,   -0.01566817259, -3.445948914e-05,     0.7853981642,              nan
       0.03515625,   -0.01657876254, -3.845699753e-05,     0.7853981642,              nan
     0.0361328125,   -0.01751563976, -4.279080898e-05,     0.7853981642,              nan
      0.037109375,   -0.01847884878, -4.747909486e-05,     0.7853981642,              nan
     0.0380859375,   -0.01946843332, -5.254048888e-05,     0.7853981642,              nan
        0.0390625,   -0.02048443615,  -5.79940856e-05,     0.7853981642,              nan
     0.0400390625,   -0.02152689915, -6.385943895e-05,     0.7853981642,              nan
      0.041015625,   -0.02259586323, -7.015656075e-05,     0.7853981642,              nan
     0.0419921875,   -0.02369136828, -7.690591904e-05,     0.7853981642,              nan
       0.04296875,   -0.02481345315, -8.412843633e-05,     0.7853981642,              nan
     0.0439453125,   -0.02596215553, -9.184548772e-05,     0.7853981643,              nan
      0.044921875,     -0.027137512, -0.0001000788991,     0.7853981643,              nan
     0.0458984375,   -0.02833955793, -0.0001088509451,     0.7853981643,              nan
         0.046875,    -0.0295683275, -0.0001181843472,     0.7853981643,              nan
     0.0478515625,    -0.0308238536, -0.0001281022714,     0.7853981643,              nan
      0.048828125,   -0.03210616782,  -0.000138628326,     0.7853981643,              nan
     0.0498046875,   -0.03341530039, -0.0001497865594,     0.7853981643,              nan
       0.05078125,   -0.03475128015, -0.0001616014574,     0.7853981643,              nan
     0.0517578125,   -0.03611413447, -0.0001740979407,     0.7853981643,              nan
      0.052734375,   -0.03750388929, -0.0001873013624,     0.7853981643,              nan
     0.0537109375,   -0.03892056908, -0.0002012375053,     0.7853981643,              nan
        0.0546875,   -0.04036419672, -0.0002159325789,     0.7853981643,              nan
     0.0556640625,   -0.04183479344,  -0.000231413216,     0.7853981643,              nan
      0.056640625,   -0.04333237877, -0.0002477064699,     0.7853981643,              nan
     0.0576171875,   -0.04485697072, -0.0002648398116,     0.7853981643,              nan
       0.05859375,   -0.04640858562, -0.0002828411268,     0.7853981643,              nan
     0.0595703125,   -0.04798723799, -0.0003017387111,     0.7853981643,              nan
      0.060546875,   -0.04959294035, -0.0003215612666,     0.7853981643,              nan
     0.0615234375,   -0.05122570332,  -0.000342337898,     0.7853981643,              nan
           0.0625,   -0.05288553675, -0.0003640981142,     0.7853981643,              nan
     0.0634765625,   -0.05457243999, -0.0003868717636,     0.7853981643,              nan
      0.064453125,   -0.05628642926, -0.0004106892198,     0.7853981643,              nan
     0.0654296875,   -0.05802750759, -0.0004355811568,     0.7853981643,              nan
       0.06640625,   -0.05979567072, -0.0004615786036,     0.7853981643,              nan
     0.0673828125,   -0.06159091712,  -0.000488712998,     0.7853981643,              nan
      0.068359375,   -0.06341324391, -0.0005170161567,     0.7853981643,              nan
     0.0693359375,   -0.06526264583, -0.0005465202625,     0.7853981643,              nan
        0.0703125,    -0.0671391153, -0.0005772578613,     0.7853981643,              nan
     0.0712890625,   -0.06904264101,  -0.000609261849,     0.7853981643,              nan
      0.072265625,   -0.07097320909, -0.0006425654728,     0.7853981643,              nan
     0.0732421875,   -0.07293080436, -0.0006772023342,     0.7853981643,              nan
       0.07421875,   -0.07491541016, -0.0007132063831,     0.7853981643,              nan
     0.0751953125,   -0.07692700798, -0.0007506119102,     0.7853981643,              nan
      0.076171875,    -0.0789655766, -0.0007894535361,     0.7853981643,              nan
     0.0771484375,   -0.08103109096, -0.0008297661972,     0.7853981643,              nan
         0.078125,   -0.08312352189, -0.0008715851377,     0.7853981643,              nan
     0.0791015625,   -0.08524283698, -0.0009149459072,     0.7853981643,              nan
      0.080078125,    -0.0873890018,  -0.000959884364,     0.7853981643,              nan
     0.0810546875,   -0.08956198058,  -0.001006436674,     0.7853981643,              nan
       0.08203125,    -0.0917617356,  -0.001054639302,     0.7853981643,              nan
     0.0830078125,   -0.09398822588,  -0.001104528993,     0.7853981643,              nan
      0.083984375,   -0.09624140596,  -0.001156142755,     0.7853981643,              nan
     0.0849609375,   -0.09852122564,  -0.001209517853,     0.7853981643,              nan
        0.0859375,    -0.1008276305,  -0.001264691799,     0.7853981643,              nan
     0.0869140625,    -0.1031605633,  -0.001321702356,     0.7853981643,              nan
      0.087890625,     -0.105519965,  -0.001380587539,     0.7853981643,              nan
     0.0888671875,    -0.1079057751,  -0.001441385618,     0.7853981643,              nan
       0.08984375,    -0.1103179314,  -0.001504135104,     0.7853981643,              nan
     0.0908203125,    -0.1127563691,  -0.001568874737,     0.7853981643,              nan
      0.091796875,    -0.1152210195,  -0.001635643471,     0.7853981643,              nan
     0.0927734375,    -0.1177118093,  -0.001704480453,     0.7853981643,              nan
          0.09375,    -0.1202286603,  -0.001775425008,     0.7853981643,              nan
     0.0947265625,    -0.1227714896,  -0.001848516623,     0.7853981643,              nan
      0.095703125,    -0.1253402101,  -0.001923794945,     0.7853981643,              nan
     0.0966796875,    -0.1279347304,  -0.002001299768,     0.7853981643,              nan
       0.09765625,    -0.1305549556,  -0.002081071036,     0.7853981643,              nan
     0.0986328125,    -0.1332007869,  -0.002163148834,     0.7853981643,              nan
      0.099609375,    -0.1358721214,  -0.002247573373,     0.7853981643,              nan
     0.1005859375,    -0.1385688518,   -0.00233438498,     0.7853981643,              nan
        0.1015625,    -0.1412908659,  -0.002423624072,     0.7853981643,              nan
     0.1025390625,    -0.1440380462,  -0.002515331142,     0.7853981643,              nan
      0.103515625,    -0.1468102703,  -0.002609546747,     0.7853981643,              nan
     0.1044921875,    -0.1496074106,  -0.002706311496,     0.7853981643,              nan
       0.10546875,    -0.1524293352,  -0.002805666046,     0.7853981643,              nan
     0.1064453125,    -0.1552759081,  -0.002907651096,     0.7853981643,              nan
      0.107421875,    -0.1581469884,  -0.003012307375,     0.7853981643,              nan
     0.1083984375,     -0.161042431,  -0.003119675624,     0.7853981643,              nan
         0.109375,    -0.1639620855,   -0.00322979658,     0.7853981643,              nan
     0.1103515625,    -0.1669057962,  -0.003342710952,     0.7853981643,              nan
      0.111328125,    -0.1698734019,  -0.003458459407,     0.7853981643,              nan
     0.1123046875,    -0.1728647357,  -0.003577082554,     0.7853981643,              nan
       0.11328125,    -0.1758796248,  -0.003698620926,     0.7853981643,              nan
     0.1142578125,     -0.178917891,  -0.003823114967,     0.7853981643,              nan
      0.115234375,      -0.18197935,  -0.003950605016,     0.7853981643,              nan
     0.1162109375,    -0.1850638114,  -0.004081131289,     0.7853981643,              nan
        0.1171875,    -0.1881710788,  -0.004214733855,     0.7853981643,              nan
     0.1181640625,    -0.1913009493,  -0.004351452624,     0.7853981643,              nan
      0.119140625,    -0.1944532132,  -0.004491327318,     0.7853981643,              nan
     0.1201171875,    -0.1976276544,  -0.004634397461,     0.7853981643,              nan
       0.12109375,      -0.20082405,  -0.004780702355,     0.7853981643,              nan
     0.1220703125,      -0.20404217,  -0.004930281062,     0.7853981643,              nan
      0.123046875,    -0.2072817777,  -0.005083172383,     0.7853981643,              nan
     0.1240234375,    -0.2105426292,  -0.005239414837,     0.7853981643,              nan
            0.125,    -0.2138244729,  -0.005399046636,     0.7853981643,              nan
     0.1259765625,    -0.2171270498,   -0.00556210566,     0.7853981643,              nan
      0.126953125,    -0.2204500926,   -0.00572862943,     0.7853981643,              nan
     0.1279296875,    -0.2237933262,  -0.005898655084,     0.7853981643,              nan
       0.12890625,    -0.2271564667,  -0.006072219351,     0.7853981643,              nan
     0.1298828125,     -0.230539222,  -0.006249358526,     0.7853981643,              nan
      0.130859375,    -0.2339412911,  -0.006430108447,     0.7853981643,              nan
     0.1318359375,    -0.2373623642,  -0.006614504464,     0.7853981643,              nan
        0.1328125,    -0.2408021225,  -0.006802581416,     0.7853981643,              nan
     0.1337890625,    -0.2442602379,  -0.006994373601,     0.7853981643,              nan
      0.134765625,    -0.2477363726,  -0.007189914742,     0.7853981643,              nan
     0.1357421875,    -0.2512301791,  -0.007389237958,     0.7853981643,              nan
       0.13671875,    -0.2547412995,  -0.007592375727,     0.7853981643,              nan
     0.1376953125,    -0.2582693651,   -0.00779935985,     0.7853981643,              nan
      0.138671875,    -0.2618139966,  -0.008010221415,     0.7853981644,              nan
     0.1396484375,    -0.2653748029,  -0.008224990761,     0.7853981644,              nan
         0.140625,    -0.2689513813,  -0.008443697436,     0.7853981644,              nan
     0.1416015625,    -0.2725433173,  -0.008666370163,     0.7853981644,              nan
      0.142578125,    -0.2761501839,  -0.008893036801,     0.7853981644,              nan
     0.1435546875,    -0.2797715415,  -0.009123724308,     0.7853981644,              nan
       0.14453125,    -0.2834069379,  -0.009358458699,     0.7853981644,              nan
     0.1455078125,    -0.2870559071,  -0.009597264996,     0.7853981644,              nan
      0.146484375,    -0.2907179693,  -0.009840167184,     0.7853981644,              nan
     0.1474609375,    -0.2943926302,   -0.01008718815,     0.7853981644,              nan
        0.1484375,    -0.2980793803,   -0.01033834964,     0.7853981644,              nan
     0.1494140625,    -0.3017776943,    -0.0105936722,     0.7853981644,              nan
      0.150390625,    -0.3054870306,   -0.01085317511,     0.7853981644,              nan
     0.1513671875,    -0.3092068304,   -0.01111687632,     0.7853981644,              nan
       0.15234375,    -0.3129365173,   -0.01138479242,     0.7853981644,              nan
     0.1533203125,    -0.3166754961,    -0.0116569385,     0.7853981644,              nan
      0.154296875,    -0.3204231526,   -0.01193332818,     0.7853981644,              nan
     0.1552734375,    -0.3241788522,   -0.01221397345,     0.7853981644,              nan
          0.15625,    -0.3279419396,   -0.01249888464,     0.7853981644,              nan
     0.1572265625,    -0.3317117377,   -0.01278807033,     0.7853981644,              nan
      0.158203125,    -0.3354875468,   -0.01308153726,     0.7853981644,              nan
     0.1591796875,     -0.339268643,   -0.01337929026,     0.7853981644,              nan
       0.16015625,    -0.3430542769,   -0.01368133208,     0.7853981644,              nan
     0.1611328125,    -0.3468436722,   -0.01398766336,     0.7853981644,              nan
      0.162109375,    -0.3506360237,   -0.01429828242,     0.7853981644,              nan
     0.1630859375,    -0.3544304958,    -0.0146131852,     0.7853981644,              nan
        0.1640625,    -0.3582262206,   -0.01493236508,     0.7853981644,              nan
     0.1650390625,    -0.3620222957,   -0.01525581275,     0.7853981644,              nan
      0.166015625,    -0.3658177817,   -0.01558351601,     0.7853981644,              nan
     0.1669921875,       -0.3696117,   -0.01591545963,     0.7853981644,              nan
       0.16796875,    -0.3734030293,   -0.01625162514,     0.7853981644,              nan
     0.1689453125,    -0.3771907029,   -0.01659199057,     0.7853981644,              nan
      0.169921875,    -0.3809736037,   -0.01693653023,     0.7853981644,              nan
     0.1708984375,    -0.3847505604,   -0.01728521439,     0.7853981644,              nan
         0.171875,    -0.3885203415,   -0.01763800897,     0.7853981644,              nan
     0.1728515625,    -0.3922816494,   -0.01799487512,     0.7853981644,              nan
      0.173828125,    -0.3960331128,   -0.01835576884,     0.7853981644,              nan
     0.1748046875,    -0.3997732772,   -0.01872064036,     0.7853981644,              nan
       0.17578125,    -0.4035005915,   -0.01908943346,     0.7853981644,              nan
     0.1767578125,    -0.4072133874,   -0.01946208435,     0.7853981644,              nan
      0.177734375,    -0.4109098494,   -0.01983852026,     0.7853981644,              nan
     0.1787109375,    -0.4145879737,   -0.02021865731,     0.7853981644,              nan
        0.1796875,    -0.4182455172,   -0.02060239802,     0.7853981644,              nan
     0.1806640625,    -0.4218799439,   -0.02098962852,     0.7853981644,              nan
      0.181640625,    -0.4254883823,   -0.02138021613,     0.7853981644,              nan
     0.1826171875,    -0.4290676099,   -0.02177400806,     0.7853981644,              nan
       0.18359375,    -0.4326140851,   -0.02217083209,     0.7853981644,              nan
     0.1845703125,    -0.4361240392,   -0.02257049999,     0.7853981644,              nan
      0.185546875,    -0.4395936329,   -0.02297281408,     0.7853981644,              nan
     0.1865234375,    -0.4430191665,   -0.02337757644,     0.7853981644,              nan
           0.1875,    -0.4463973189,   -0.02378459999,     0.7853981644,              nan
     0.1884765625,    -0.4497253801,    -0.0241937198,     0.7853981644,              nan
      0.189453125,     -0.453001438,   -0.02460480277,     0.7853981644,              nan
     0.1904296875,    -0.4562244865,   -0.02501775414,     0.7853981644,              nan
       0.19140625,    -0.4593944366,   -0.02543251979,     0.7853981644,              nan
     0.1923828125,    -0.4625120303,   -0.02584908388,     0.7853981644,              nan
      0.193359375,     -0.465578675,   -0.02626746261,     0.7853981644,              nan
     0.1943359375,    -0.4685962297,   -0.02668769535,     0.7853981644,              nan
        0.1953125,    -0.4715667805,   -0.02710983468,     0.7853981644,              nan
     0.1962890625,    -0.4744924377,   -0.02753393707,     0.7853981644,              nan
      0.197265625,    -0.4773751797,   -0.02796005535,     0.7853981644,              nan
     0.1982421875,    -0.4802167544,    -0.0283882336,     0.7853981644,              nan
       0.19921875,    -0.4830186365,   -0.02881850472,     0.7853981644,              nan
     0.2001953125,      -0.48578203,   -0.02925088998,     0.7853981644,              nan
      0.201171875,    -0.4885078997,   -0.02968540016,     0.7853981644,              nan
     0.2021484375,    -0.4911970171,   -0.03012203743,     0.7853981644,              nan
         0.203125,    -0.4938500068,   -0.03056079731,     0.7853981644,              nan
     0.2041015625,    -0.4964673857,   -0.03100167043,     0.7853981644,              nan
      0.205078125,    -0.4990495929,   -0.03144464387,     0.7853981644,              nan
     0.2060546875,    -0.5015970086,   -0.03188970192,     0.7853981644,              nan
       0.20703125,    -0.5041099659,   -0.03233682665,     0.7853981644,              nan
     0.2080078125,    -0.5065887575,   -0.03278599813,     0.7853981644,              nan
      0.208984375,    -0.5090336401,   -0.03323719455,     0.7853981644,              nan
     0.2099609375,    -0.5114448375,   -0.03369039239,     0.7853981644,              nan
        0.2109375,     -0.513822544,   -0.03414556646,     0.7853981644,              nan
     0.2119140625,    -0.5161669278,   -0.03460269008,     0.7853981644,              nan
      0.212890625,    -0.5184781338,   -0.03506173516,     0.7853981644,              nan
     0.2138671875,    -0.5207562873,   -0.03552267237,     0.7853981644,              nan
       0.21484375,     -0.523001496,    -0.0359854712,     0.7853981644,              nan
     0.2158203125,    -0.5252138522,   -0.03645010005,     0.7853981644,              nan
      0.216796875,    -0.5273934347,   -0.03691652633,     0.7853981644,              nan
     0.2177734375,    -0.5295403104,   -0.03738471646,     0.7853981644,              nan
          0.21875,    -0.5316545352,   -0.03785463598,     0.7853981644,              nan
     0.2197265625,    -0.5337361551,   -0.03832624954,     0.7853981644,              nan
      0.220703125,    -0.5357852075,   -0.03879952096,     0.7853981644,              nan
     0.2216796875,     -0.537801722,   -0.03927441326,     0.7853981644,              nan
       0.22265625,    -0.5397857212,   -0.03975088869,     0.7853981644,              nan
     0.2236328125,    -0.5417372217,   -0.04022890881,     0.7853981644,              nan
      0.224609375,    -0.5436562348,   -0.04070843446,     0.7853981644,              nan
     0.2255859375,    -0.5455427674,   -0.04118942583,     0.7853981644,              nan
        0.2265625,    -0.5473968224,   -0.04167184252,     0.7853981644,              nan
     0.2275390625,    -0.5492183996,   -0.04215564351,     0.7853981644,              nan
      0.228515625,     -0.551007496,   -0.04264078721,     0.7853981644,              nan
     0.2294921875,     -0.552764106,   -0.04312723149,     0.7853981644,              nan
       0.23046875,    -0.5544882226,    -0.0436149337,     0.7853981644,              nan
     0.2314453125,    -0.5561798368,   -0.04410385067,     0.7853981644,              nan
      0.232421875,    -0.5578389389,   -0.04459393876,     0.7853981644,              nan
     0.2333984375,     -0.559465518,   -0.04508515385,     0.7853981644,              nan
         0.234375,     -0.561059563,   -0.04557745138,     0.7853981644,              nan
     0.2353515625,    -0.5626210627,   -0.04607078637,     0.7853981644,              nan
      0.236328125,    -0.5641500063,   -0.04656511344,     0.7853981644,              nan
     0.2373046875,    -0.5656463834,   -0.04706038686,     0.7853981644,              nan
       0.23828125,     -0.567110185,   -0.04755656052,     0.7853981644,              nan
     0.2392578125,    -0.5685414029,   -0.04805358801,     0.7853981644,              nan
      0.240234375,    -0.5699400309,   -0.04855142261,     0.7853981644,              nan
     0.2412109375,    -0.5713060642,   -0.04905001732,     0.7853981644,              nan
        0.2421875,    -0.5726395005,   -0.04954932488,     0.7853981644,              nan
     0.2431640625,    -0.5739403394,   -0.05004929779,     0.7853981644,              nan
      0.244140625,    -0.5752085829,   -0.05054988832,     0.7853981644,              nan
     0.2451171875,     -0.576444236,   -0.05105104855,     0.7853981644,              nan
       0.24609375,    -0.5776473062,   -0.05155273037,     0.7853981644,              nan
     0.2470703125,    -0.5788178042,   -0.05205488552,     0.7853981644,              nan
      0.248046875,     -0.579955744,    -0.0525574656,     0.7853981644,              nan
     0.2490234375,    -0.5810611431,   -0.05306042212,     0.7853981644,              nan
             0.25,    -0.5821340229,   -0.05356370649,     0.7853981644,              nan
     0.2509765625,    -0.5831744086,   -0.05406727009,     0.7853981644,              nan
      0.251953125,    -0.5841823298,   -0.05457106427,     0.7853981644,              nan
     0.2529296875,    -0.5851578203,   -0.05507504038,     0.7853981644,              nan
       0.25390625,    -0.5861009187,   -0.05557914979,     0.7853981644,              nan
     0.2548828125,    -0.5870116682,   -0.05608334392,     0.7853981644,              nan
      0.255859375,    -0.5878901166,   -0.05658757428,     0.7853981644,              nan
     0.2568359375,    -0.5887363172,   -0.05709179245,     0.7853981644,              nan
        0.2578125,    -0.5895503279,   -0.05759595016,     0.7853981644,              nan
     0.2587890625,     -0.590332216,   -0.05809999965,     0.7853981644,              nan
      0.259765625,    -0.5910820382,   -0.05860389229,     0.7853981644,              nan
     0.2607421875,    -0.5917998763,   -0.05910758055,     0.7853981644,              nan
       0.26171875,    -0.5924858639,   -0.05961102665,     0.7853981644,              nan
     0.2626953125,    -0.5931399913,   -0.06011416404,     0.7853981644,              nan
      0.263671875,    -0.5937623896,   -0.06061695531,     0.7853981644,              nan
     0.2646484375,    -0.5943531645,   -0.06111935409,     0.7853981644,              nan
         0.265625,    -0.5949124242,   -0.06162131454,     0.7853981644,              nan
     0.2666015625,    -0.5954402823,   -0.06212279093,     0.7853981644,              nan
      0.267578125,     -0.595936857,   -0.06262373786,     0.7853981644,              nan
     0.2685546875,    -0.5964022723,   -0.06312411032,     0.7853981644,              nan
       0.26953125,    -0.5968366611,    -0.0636238639,     0.7853981644,              nan
     0.2705078125,    -0.5972401664,   -0.06412295494,     0.7853981644,              nan
      0.271484375,    -0.5976129371,   -0.06462134029,     0.7853981644,              nan
     0.2724609375,    -0.5979551282,   -0.06511897727,     0.7853981644,              nan
        0.2734375,    -0.5982669019,   -0.06561582384,     0.7853981644,              nan
     0.2744140625,    -0.5985484294,   -0.06611183873,     0.7853981644,              nan
      0.275390625,    -0.5987998902,   -0.06660698143,     0.7853981644,              nan
     0.2763671875,     -0.599021472,   -0.06710121218,     0.7853981644,              nan
       0.27734375,    -0.5992133704,   -0.06759449205,     0.7853981644,              nan
     0.2783203125,    -0.5993757898,   -0.06808678297,     0.7853981644,              nan
      0.279296875,    -0.5995089439,   -0.06857804781,     0.7853981644,              nan
     0.2802734375,     -0.599613055,   -0.06906825043,     0.7853981644,              nan
          0.28125,     -0.599688355,   -0.06955735571,     0.7853981644,              nan
     0.2822265625,    -0.5997350852,   -0.07004532961,     0.7853981644,              nan
      0.283203125,    -0.5997534965,   -0.07053213921,     0.7853981644,              nan
     0.2841796875,    -0.5997438495,   -0.07101775277,     0.7853981644,              nan
       0.28515625,    -0.5997064146,   -0.07150213976,     0.7853981644,              nan
     0.2861328125,    -0.5996414722,   -0.07198527093,     0.7853981644,              nan
      0.287109375,    -0.5995493126,   -0.07246711829,     0.7853981644,              nan
     0.2880859375,    -0.5994302364,   -0.07294765527,     0.7853981644,              nan
        0.2890625,    -0.5992845544,   -0.07342685668,     0.7853981644,              nan
     0.2900390625,    -0.5991125877,   -0.07390469877,     0.7853981644,              nan
      0.291015625,    -0.5989146679,   -0.07438115932,     0.7853981644,              nan
     0.2919921875,    -0.5986911371,   -0.07485621767,     0.7853981644,              nan
       0.29296875,    -0.5984423483,   -0.07532985475,     0.7853981644,              nan
     0.2939453125,    -0.5981686652,   -0.07580205319,     0.7853981644,              nan
      0.294921875,    -0.5978704629,   -0.07627279737,     0.7853981644,              nan
     0.2958984375,    -0.5975481277,   -0.07674207347,     0.7853981644,              nan
         0.296875,    -0.5972020573,   -0.07720986956,     0.7853981644,              nan
     0.2978515625,    -0.5968326613,   -0.07767617565,     0.7853981644,              nan
      0.298828125,    -0.5964403612,   -0.07814098379,     0.7853981644,              nan
     0.2998046875,    -0.5960255904,   -0.07860428809,     0.7853981644,              nan
       0.30078125,    -0.5955887946,    -0.0790660848,     0.7853981644,              nan
     0.3017578125,    -0.5951304319,   -0.07952637242,     0.7853981644,              nan
      0.302734375,    -0.5946509727,   -0.07998515173,     0.7853981644,              nan
     0.3037109375,    -0.5941509006,   -0.08044242587,     0.7853981644,              nan
        0.3046875,    -0.5936307117,   -0.08089820046,     0.7853981644,              nan
     0.3056640625,    -0.5930909152,   -0.08135248359,     0.7853981644,              nan
      0.306640625,    -0.5925320337,   -0.08180528599,     0.7853981644,              nan
     0.3076171875,    -0.5919546028,   -0.08225662103,     0.7853981644,              nan
       0.30859375,    -0.5913591717,   -0.08270650485,     0.7853981644,              nan
     0.3095703125,    -0.5907463035,   -0.08315495641,     0.7853981644,              nan
      0.310546875,    -0.5901165749,   -0.08360199758,     0.7853981644,              nan
     0.3115234375,    -0.5894705764,   -0.08404765325,     0.7853981644,              nan
           0.3125,    -0.5888089131,    -0.0844919514,     0.7853981644,              nan
     0.3134765625,    -0.5881322042,   -0.08493492317,     0.7853981644,              nan
      0.314453125,    -0.5874410834,   -0.08537660298,     0.7853981644,              nan
     0.3154296875,    -0.5867361991,   -0.08581702862,     0.7853981644,              nan
       0.31640625,    -0.5860182146,   -0.08625624131,     0.7853981644,              nan
     0.3173828125,    -0.5852878079,   -0.08669428583,     0.7853981644,              nan
      0.318359375,    -0.5845456725,   -0.08713121059,     0.7853981644,              nan
     0.3193359375,    -0.5837925169,   -0.08756706773,     0.7853981644,              nan
        0.3203125,    -0.5830290652,   -0.08800191326,     0.7853981644,              nan
     0.3212890625,    -0.5822560571,   -0.08843580708,     0.7853981644,              nan
      0.322265625,     -0.581474248,   -0.08886881318,     0.7853981644,              nan
     0.3232421875,    -0.5806844096,   -0.08930099969,     0.7853981644,              nan
       0.32421875,    -0.5798873294,     -0.089732439,     0.7853981644,              nan
     0.3251953125,    -0.5790838116,   -0.09016320787,     0.7853981644,              nan
      0.326171875,    -0.5782746767,   -0.09059338756,     0.7853981644,              nan
     0.3271484375,     -0.577460762,   -0.09102306389,     0.7853981644,              nan
         0.328125,    -0.5766429214,   -0.09145232742,     0.7853981644,              nan
     0.3291015625,    -0.5758220259,   -0.09188127352,     0.7853981644,              nan
      0.330078125,    -0.5749989635,   -0.09231000248,     0.7853981644,              nan
     0.3310546875,    -0.5741746396,   -0.09273861967,     0.7853981644,              nan
       0.33203125,     -0.573349977,   -0.09316723563,     0.7853981644,              nan
     0.3330078125,    -0.5725259162,   -0.09359596624,     0.7853981644,              nan
      0.333984375,    -0.5717034154,   -0.09402493279,     0.7853981644,              nan
     0.3349609375,    -0.5708834509,   -0.09445426217,     0.7853981644,              nan
        0.3359375,    -0.5700670174,   -0.09488408698,     0.7853981644,              nan
     0.3369140625,    -0.5692551276,   -0.09531454565,     0.7853981644,              nan
      0.337890625,    -0.5684488131,   -0.09574578261,     0.7853981644,              nan
     0.3388671875,     -0.567649124,   -0.09617794839,     0.7853981644,              nan
       0.33984375,    -0.5668571293,   -0.09661119977,     0.7853981644,              nan
     0.3408203125,    -0.5660739168,   -0.09704569994,     0.7853981644,              nan
      0.341796875,    -0.5653005936,   -0.09748161863,     0.7853981644,              nan
     0.3427734375,    -0.5645382862,   -0.09791913223,     0.7853981644,              nan
          0.34375,    -0.5637881403,     -0.098358424,     0.7853981644,              nan
     0.3447265625,    -0.5630513213,   -0.09879968415,     0.7853981644,              nan
      0.345703125,    -0.5623290145,   -0.09924311006,     0.7853981644,              nan
     0.3466796875,    -0.5616224251,   -0.09968890642,     0.7853981644,              nan
       0.34765625,    -0.5609327786,    -0.1001372854,     0.7853981644,              nan
     0.3486328125,    -0.5602613209,    -0.1005884668,     0.7853981644,              nan
      0.349609375,    -0.5596093185,    -0.1010426782,     0.7853981644,              nan
     0.3505859375,    -0.5589780588,    -0.1015001552,     0.7853981644,              nan
        0.3515625,      -0.55836885,    -0.1019611416,     0.7853981644,              nan
     0.3525390625,    -0.5577830214,    -0.1024258895,     0.7853981644,              nan
      0.353515625,    -0.5572219236,    -0.1028946594,     0.7853981644,              nan
     0.3544921875,    -0.5566869286,    -0.1033677205,     0.7853981644,              nan
       0.35546875,    -0.5561794304,    -0.1038453511,     0.7853981644,              nan
     0.3564453125,     -0.555700845,    -0.1043278383,     0.7853981644,              nan
      0.357421875,    -0.5552526109,    -0.1048154789,     0.7853981644,              nan
     0.3583984375,    -0.5548361901,     -0.105308579,     0.7853981644,              nan
         0.359375,    -0.5544530681,    -0.1058074547,     0.7853981644,              nan
     0.3603515625,    -0.5541047536,    -0.1063124321,     0.7853981644,              nan
      0.361328125,    -0.5537927772,    -0.1068238473,     0.7853981644,              nan
     0.3623046875,    -0.5535186875,    -0.1073420456,     0.7853981644,              nan
       0.36328125,    -0.5532840428,    -0.1078673808,     0.7853981644,              nan
     0.3642578125,    -0.5530903978,    -0.1084002129,     0.7853981644,              nan
      0.365234375,    -0.5529392821,    -0.1089409044,     0.7853981644,              nan
     0.3662109375,    -0.5528321697,    -0.1094898151,     0.7853981644,              nan
        0.3671875,     -0.552770438,    -0.1100472954,     0.7853981644,              nan
     0.3681640625,    -0.5527553167,    -0.1106136765,     0.7853981644,              nan
      0.369140625,    -0.5527878282,    -0.1111892595,     0.7853981644,              nan
     0.3701171875,    -0.5528687234,    -0.1117743037,     0.7853981644,              nan
       0.37109375,    -0.5529984172,    -0.1123690134,     0.7853981644,              nan
     0.3720703125,    -0.5531769318,    -0.1129735266,     0.7853981644,              nan
      0.373046875,    -0.5534038543,     -0.113587905,     0.7853981644,              nan
     0.3740234375,    -0.5536783147,    -0.1142121282,     0.7853981644,              nan
            0.375,    -0.5539989911,    -0.1148460917,     0.7853981644,              nan
     0.3759765625,    -0.5543641435,    -0.1154896107,     0.7853981644,              nan
      0.376953125,    -0.5547716766,    -0.1161424293,     0.7853981644,              nan
     0.3779296875,    -0.5552192273,    -0.1168042341,     0.7853981644,              nan
       0.37890625,    -0.5557042695,    -0.1174746722,     0.7853981644,              nan
     0.3798828125,    -0.5562242271,    -0.1181533709,     0.7853981644,              nan
      0.380859375,    -0.5567765863,    -0.1188399582,     0.7853981644,              nan
     0.3818359375,    -0.5573589947,     -0.119534082,     0.7853981644,              nan
        0.3828125,     -0.557969342,    -0.1202354255,     0.7853981644,              nan
     0.3837890625,    -0.5586058154,    -0.1209437195,     0.7853981644,              nan
      0.384765625,    -0.5592669286,    -0.1216587493,     0.7853981644,              nan
     0.3857421875,    -0.5599515246,    -0.1223803571,     0.7853981644,              nan
       0.38671875,    -0.5606587574,    -0.1231084404,     0.7853981644,              nan
     0.3876953125,     -0.561388057,    -0.1238429469,     0.7853981644,              nan
      0.388671875,    -0.5621390851,    -0.1245838673,     0.7853981644,              nan
     0.3896484375,    -0.5629116867,    -0.1253312272,     0.7853981644,              nan
         0.390625,    -0.5637058436,    -0.1260850787,     0.7853981644,              nan
     0.3916015625,    -0.5645216328,    -0.1268454934,     0.7853981644,              nan
      0.392578125,    -0.5653591925,    -0.1276125557,     0.7853981644,              nan
     0.3935546875,    -0.5662186962,    -0.1283863578,     0.7853981644,              nan
       0.39453125,    -0.5671003344,    -0.1291669967,     0.7853981644,              nan
     0.3955078125,    -0.5680043026,    -0.1299545711,     0.7853981644,              nan
      0.396484375,    -0.5689307944,    -0.1307491809,     0.7853981644,              nan
     0.3974609375,    -0.5698799981,    -0.1315509254,     0.7853981644,              nan
        0.3984375,     -0.570852095,     -0.132359904,     0.7853981644,              nan
     0.3994140625,    -0.5718472593,    -0.1331762154,     0.7853981644,              nan
      0.400390625,    -0.5728656581,    -0.1339999577,     0.7853981644,              nan
     0.4013671875,    -0.5739074514,    -0.1348312287,     0.7853981644,              nan
       0.40234375,    -0.5749727925,    -0.1356701255,     0.7853981644,              nan
     0.4033203125,    -0.5760618277,    -0.1365167448,     0.7853981644,              nan
      0.404296875,    -0.5771746963,    -0.1373711825,     0.7853981644,              nan
     0.4052734375,    -0.5783115302,    -0.1382335339,     0.7853981644,              nan
          0.40625,    -0.5794724541,    -0.1391038935,     0.7853981644,              nan
     0.4072265625,    -0.5806575849,    -0.1399823551,     0.7853981644,              nan
      0.408203125,    -0.5818670319,    -0.1408690114,     0.7853981644,              nan
     0.4091796875,    -0.5831008964,    -0.1417639541,     0.7853981644,              nan
       0.41015625,    -0.5843592718,     -0.142667274,     0.7853981644,              nan
     0.4111328125,    -0.5856422431,    -0.1435790608,     0.7853981644,              nan
      0.412109375,    -0.5869498873,    -0.1444994028,     0.7853981644,              nan
     0.4130859375,    -0.5882822729,    -0.1454283873,     0.7853981644,              nan
        0.4140625,    -0.5896394598,    -0.1463661002,     0.7853981644,              nan
     0.4150390625,    -0.5910214994,     -0.147312626,     0.7853981644,              nan
      0.416015625,    -0.5924284343,    -0.1482680476,     0.7853981644,              nan
     0.4169921875,    -0.5938602982,    -0.1492324467,     0.7853981644,              nan
       0.41796875,    -0.5953171158,    -0.1502059031,     0.7853981644,              nan
     0.4189453125,    -0.5967989028,    -0.1511884951,     0.7853981644,              nan
      0.419921875,    -0.5983056655,    -0.1521802992,     0.7853981644,              nan
     0.4208984375,     -0.599837401,      -0.15318139,     0.7853981644,              nan
         0.421875,    -0.6013940968,    -0.1541918403,     0.7853981644,              nan
     0.4228515625,    -0.6029757308,    -0.1552117209,     0.7853981644,              nan
      0.423828125,    -0.6045822712,    -0.1562411004,     0.7853981644,              nan
     0.4248046875,    -0.6062136761,    -0.1572800455,     0.7853981644,              nan
       0.42578125,    -0.6078698937,    -0.1583286203,     0.7853981644,              nan
     0.4267578125,    -0.6095508619,    -0.1593868869,     0.7853981644,              nan
      0.427734375,    -0.6112565085,    -0.1604549048,     0.7853981644,              nan
     0.4287109375,    -0.6129867506,    -0.1615327311,     0.7853981644,              nan
        0.4296875,     -0.614741495,    -0.1626204203,     0.7853981644,              nan
     0.4306640625,    -0.6165206377,    -0.1637180243,     0.7853981644,              nan
      0.431640625,    -0.6183240641,    -0.1648255921,     0.7853981644,              nan
     0.4326171875,    -0.6201516484,      -0.16594317,     0.7853981644,              nan
       0.43359375,    -0.6220032541,    -0.1670708014,     0.7853981644,              nan
     0.4345703125,    -0.6238787334,    -0.1682085265,     0.7853981644,              nan
      0.435546875,    -0.6257779271,    -0.1693563826,     0.7853981644,              nan
     0.4365234375,    -0.6277006649,    -0.1705144037,     0.7853981644,              nan
           0.4375,     -0.629646765,    -0.1716826205,     0.7853981644,              nan
     0.4384765625,    -0.6316160338,    -0.1728610605,     0.7853981644,              nan
      0.439453125,    -0.6336082661,    -0.1740497476,     0.7853981644,              nan
     0.4404296875,    -0.6356232451,    -0.1752487022,     0.7853981644,              nan
       0.44140625,    -0.6376607416,     -0.176457941,     0.7853981644,              nan
     0.4423828125,    -0.6397205148,    -0.1776774769,     0.7853981644,              nan
      0.443359375,    -0.6418023114,    -0.1789073191,     0.7853981644,              nan
     0.4443359375,    -0.6439058661,    -0.1801474729,     0.7853981644,              nan
        0.4453125,    -0.6460309007,    -0.1813979393,     0.7853981644,              nan
     0.4462890625,    -0.6481771251,    -0.1826587155,     0.7853981644,              nan
      0.447265625,     -0.650344236,    -0.1839297942,     0.7853981644,              nan
     0.4482421875,    -0.6525319177,    -0.1852111639,     0.7853981644,              nan
       0.44921875,    -0.6547398419,    -0.1865028089,     0.7853981644,              nan
     0.4501953125,    -0.6569676672,    -0.1878047086,     0.7853981644,              nan
      0.451171875,    -0.6592150396,    -0.1891168382,     0.7853981644,              nan
     0.4521484375,    -0.6614815919,    -0.1904391682,     0.7853981644,              nan
         0.453125,    -0.6637669442,    -0.1917716644,     0.7853981644,              nan
     0.4541015625,    -0.6660707034,    -0.1931142875,     0.7853981644,              nan
      0.455078125,    -0.6683924633,    -0.1944669937,     0.7853981644,              nan
     0.4560546875,    -0.6707318045,    -0.1958297341,     0.7853981644,              nan
       0.45703125,    -0.6730882944,    -0.1972024544,     0.7853981644,              nan
     0.4580078125,    -0.6754614868,    -0.1985850956,     0.7853981644,              nan
      0.458984375,    -0.6778509223,     -0.199977593,     0.7853981644,              nan
     0.4599609375,    -0.6802561276,    -0.2013798768,     0.7853981644,              nan
        0.4609375,    -0.6826766162,    -0.2027918716,     0.7853981644,              nan
     0.4619140625,    -0.6851118875,    -0.2042134967,     0.7853981644,              nan
      0.462890625,    -0.6875614275,    -0.2056446654,     0.7853981644,              nan
     0.4638671875,    -0.6900247082,    -0.2070852855,     0.7853981644,              nan
       0.46484375,    -0.6925011879,    -0.2085352591,     0.7853981644,              nan
     0.4658203125,    -0.6949903111,    -0.2099944824,     0.7853981644,              nan
      0.466796875,    -0.6974915086,    -0.2114628455,     0.7853981644,              nan
     0.4677734375,    -0.7000041973,    -0.2129402328,     0.7853981644,              nan
          0.46875,    -0.7025277804,    -0.2144265224,     0.7853981644,              nan
     0.4697265625,    -0.7050616476,    -0.2159215866,     0.7853981644,              nan
      0.470703125,    -0.7076051748,    -0.2174252914,     0.7853981644,              nan
     0.4716796875,    -0.7101577247,    -0.2189374965,     0.7853981644,              nan
       0.47265625,    -0.7127186461,    -0.2204580556,     0.7853981644,              nan
     0.4736328125,    -0.7152872748,     -0.221986816,     0.7853981644,              nan
      0.474609375,    -0.7178629331,    -0.2235236187,     0.7853981644,              nan
     0.4755859375,      -0.72044493,    -0.2250682983,     0.7853981644,              nan
        0.4765625,    -0.7230325613,    -0.2266206831,     0.7853981644,              nan
     0.4775390625,    -0.7256251099,    -0.2281805949,     0.7853981644,              nan
      0.478515625,    -0.7282218452,    -0.2297478489,     0.7853981644,              nan
     0.4794921875,     -0.730822024,    -0.2313222538,     0.7853981644,              nan
       0.48046875,    -0.7334246214,    -0.2329034002,     0.7853981644,              nan
     0.4814453125,    -0.7360294209,    -0.2344915266,     0.7853981644,              nan
      0.482421875,    -0.7386353655,    -0.2360861798,     0.7853981644,              nan
     0.4833984375,    -0.7412416457,    -0.2376871522,     0.7853981644,              nan
         0.484375,    -0.7438474541,    -0.2392942178,     0.7853981644,              nan
     0.4853515625,    -0.7464519743,    -0.2409071469,     0.7853981644,              nan
      0.486328125,    -0.7490543776,    -0.2425257029,     0.7853981644,              nan
     0.4873046875,    -0.7516538212,    -0.2441496417,     0.7853981644,              nan
       0.48828125,    -0.7542494483,    -0.2457787118,     0.7853981644,              nan
     0.4892578125,    -0.7568403895,    -0.2474126553,     0.7853981644,              nan
      0.490234375,    -0.7594257661,    -0.2490512081,     0.7853981644,              nan
     0.4912109375,    -0.7620046905,    -0.2506940998,     0.7853981644,              nan
        0.4921875,    -0.7645762653,     -0.252341054,     0.7853981644,              nan
     0.4931640625,    -0.7671395822,    -0.2539917879,     0.7853981644,              nan
      0.494140625,    -0.7696937216,    -0.2556460117,     0.7853981644,              nan
     0.4951171875,    -0.7722377524,    -0.2573034289,     0.7853981644,              nan
       0.49609375,    -0.7747707339,    -0.2589637369,     0.7853981644,              nan
     0.4970703125,    -0.7772917163,    -0.2606266268,     0.7853981644,              nan
      0.498046875,    -0.7797997417,    -0.2622917837,     0.7853981644,              nan
     0.4990234375,    -0.7822938433,    -0.2639588867,     0.7853981644,              nan
              0.5,    -0.7847730468,    -0.2656276093,     0.7853981644,              nan
     0.5009765625,      -0.78723637,    -0.2672976187,     0.7853981644,              nan
      0.501953125,    -0.7896828241,    -0.2689685764,     0.7853981644,              nan
     0.5029296875,    -0.7921114231,    -0.2706401421,     0.7853981644,              nan
       0.50390625,    -0.7945211493,    -0.2723119625,     0.7853981644,              nan
     0.5048828125,    -0.7969109916,    -0.2739836818,     0.7853981644,              nan
      0.505859375,    -0.7992799446,     -0.275654943,     0.7853981644,              nan
     0.5068359375,     -0.801626992,    -0.2773253825,     0.7853981644,              nan
        0.5078125,    -0.8039511116,    -0.2789946308,     0.7853981644,              nan
     0.5087890625,    -0.8062512779,    -0.2806623142,     0.7853981644,              nan
      0.509765625,    -0.8085264635,    -0.2823280552,     0.7853981644,              nan
     0.5107421875,    -0.8107756406,    -0.2839914723,     0.7853981644,              nan
       0.51171875,    -0.8129977806,    -0.2856521804,     0.7853981644,              nan
     0.5126953125,     -0.815191854,    -0.2873097908,     0.7853981644,              nan
      0.513671875,    -0.8173568298,    -0.2889639109,     0.7853981644,              nan
     0.5146484375,    -0.8194916778,    -0.2906141452,     0.7853981644,              nan
         0.515625,    -0.8215953707,    -0.2922600957,     0.7853981644,              nan
     0.5166015625,    -0.8236668849,     -0.293901362,     0.7853981644,              nan
      0.517578125,    -0.8257052013,    -0.2955375423,     0.7853981644,              nan
     0.5185546875,    -0.8277093062,    -0.2971682329,     0.7853981644,              nan
       0.51953125,    -0.8296781921,    -0.2987930292,     0.7853981644,              nan
     0.5205078125,    -0.8316108587,    -0.3004115254,     0.7853981644,              nan
      0.521484375,    -0.8335063146,    -0.3020233159,     0.7853981644,              nan
     0.5224609375,    -0.8353635784,    -0.3036279948,     0.7853981644,              nan
        0.5234375,    -0.8371816801,    -0.3052251572,     0.7853981644,              nan
     0.5244140625,    -0.8389596629,    -0.3068143995,     0.7853981644,              nan
      0.525390625,    -0.8406965842,    -0.3083953195,     0.7853981644,              nan
     0.5263671875,    -0.8423915176,    -0.3099675179,     0.7853981644,              nan
       0.52734375,    -0.8440435546,    -0.3115305981,     0.7853981644,              nan
     0.5283203125,    -0.8456518066,    -0.3130841683,     0.7853981644,              nan
      0.529296875,     -0.847215399,    -0.3146278364,     0.7853981644,              nan
     0.5302734375,    -0.8487335042,     -0.316161225,     0.7853981644,              nan
          0.53125,    -0.8502052993,    -0.3176839556,     0.7853981644,              nan
     0.5322265625,    -0.8516299921,    -0.3191956562,     0.7853981644,              nan
      0.533203125,    -0.8530068248,    -0.3206959649,     0.7853981644,              nan
     0.5341796875,    -0.8543350746,    -0.3221845289,     0.7853981644,              nan
       0.53515625,    -0.8556140553,    -0.3236610053,     0.7853981644,              nan
     0.5361328125,    -0.8568431205,    -0.3251250622,     0.7853981644,              nan
      0.537109375,    -0.8580216668,    -0.3265763802,     0.7853981644,              nan
     0.5380859375,    -0.8591491384,     -0.328014654,     0.7853981644,              nan
        0.5390625,    -0.8602250345,    -0.3294395947,     0.7853981644,              nan
     0.5400390625,    -0.8612489138,    -0.3308509314,     0.7853981644,              nan
      0.541015625,     -0.862220399,    -0.3322484134,     0.7853981644,              nan
     0.5419921875,    -0.8631396662,    -0.3336322052,     0.7853981644,              nan
       0.54296875,    -0.8640054912,    -0.3350013286,     0.7853981644,              nan
     0.5439453125,    -0.8648182392,    -0.3363559578,     0.7853981644,              nan
      0.544921875,    -0.8655778949,    -0.3376959903,     0.7853981644,              nan
     0.5458984375,    -0.8662845381,    -0.3390213204,     0.7853981644,              nan
         0.546875,    -0.8669383723,    -0.3403318871,     0.7853981644,              nan
     0.5478515625,    -0.8675397454,    -0.3416276744,     0.7853981644,              nan
      0.548828125,     -0.868089162,    -0.3429087202,     0.7853981644,              nan
     0.5498046875,    -0.8685873004,    -0.3441751209,     0.7853981644,              nan
       0.55078125,    -0.8690350278,    -0.3454270368,     0.7853981644,              nan
     0.5517578125,    -0.8694334119,    -0.3466646961,     0.7853981644,              nan
      0.552734375,    -0.8697837239,    -0.3478883965,     0.7853981644,              nan
     0.5537109375,    -0.8700874356,    -0.3490985046,     0.7853981644,              nan
        0.5546875,    -0.8703462118,    -0.3502954542,     0.7853981644,              nan
     0.5556640625,    -0.8705618954,    -0.3514797415,     0.7853981644,              nan
      0.556640625,    -0.8707364791,    -0.3526519163,     0.7853981644,              nan
     0.5576171875,    -0.8708720679,      -0.35381257,     0.7853981644,              nan
       0.55859375,    -0.8709708335,    -0.3549623204,     0.7853981644,              nan
     0.5595703125,    -0.8710349617,    -0.3561017946,     0.7853981644,              nan
      0.560546875,    -0.8710665961,    -0.3572316102,     0.7853981644,              nan
     0.5615234375,    -0.8710677805,    -0.3583523564,     0.7853981644,              nan
           0.5625,    -0.8710404047,    -0.3594645749,     0.7853981644,              nan
     0.5634765625,    -0.8709861554,    -0.3605687439,     0.7853981644,              nan
      0.564453125,    -0.8709064765,    -0.3616652638,     0.7853981644,              nan
     0.5654296875,    -0.8708025406,    -0.3627544475,     0.7853981644,              nan
       0.56640625,    -0.8706752338,    -0.3638365143,     0.7853981644,              nan
     0.5673828125,    -0.8705251531,    -0.3649115884,     0.7853981644,              nan
      0.568359375,    -0.8703526166,     -0.365979702,     0.7853981644,              nan
     0.5693359375,    -0.8701576858,    -0.3670408013,     0.7853981644,              nan
        0.5703125,    -0.8699401959,    -0.3680947572,     0.7853981644,              nan
     0.5712890625,    -0.8696997928,    -0.3691413761,     0.7853981644,              nan
      0.572265625,    -0.8694359729,    -0.3701804141,     0.7853981644,              nan
     0.5732421875,    -0.8691481242,    -0.3712115897,     0.7853981644,              nan
       0.57421875,    -0.8688355649,    -0.3722345969,     0.7853981644,              nan
     0.5751953125,    -0.8684975786,    -0.3732491175,     0.7853981644,              nan
      0.576171875,    -0.8681334441,    -0.3742548305,     0.7853981644,              nan
     0.5771484375,      -0.86774246,    -0.3752514209,     0.7853981644,              nan
         0.578125,    -0.8673239626,    -0.3762385857,     0.7853981644,              nan
     0.5791015625,    -0.8668773392,    -0.3772160386,     0.7853981644,              nan
      0.580078125,    -0.8664020354,    -0.3781835128,     0.7853981644,              nan
     0.5810546875,    -0.8658975596,    -0.3791407621,     0.7853981644,              nan
       0.58203125,     -0.865363483,    -0.3800875616,     0.7853981644,              nan
     0.5830078125,    -0.8647994383,     -0.381023707,     0.7853981644,              nan
      0.583984375,    -0.8642051165,    -0.3819490138,     0.7853981644,              nan
     0.5849609375,    -0.8635802627,    -0.3828633158,     0.7853981644,              nan
        0.5859375,    -0.8629246721,    -0.3837664639,     0.7853981644,              nan
     0.5869140625,    -0.8622381851,    -0.3846583247,     0.7853981644,              nan
      0.587890625,    -0.8615206837,    -0.3855387789,     0.7853981644,              nan
     0.5888671875,    -0.8607720873,    -0.3864077207,     0.7853981644,              nan
       0.58984375,    -0.8599923501,    -0.3872650559,     0.7853981644,              nan
     0.5908203125,    -0.8591814574,     -0.388110702,     0.7853981644,              nan
      0.591796875,     -0.858339424,    -0.3889445868,     0.7853981644,              nan
     0.5927734375,    -0.8574662917,     -0.389766648,     0.7853981644,              nan
          0.59375,    -0.8565621278,    -0.3905768327,     0.7853981644,              nan
     0.5947265625,    -0.8556270238,    -0.3913750972,     0.7853981644,              nan
      0.595703125,     -0.854661094,    -0.3921614065,     0.7853981644,              nan
     0.5966796875,    -0.8536644748,    -0.3929357338,     0.7853981644,              nan
       0.59765625,    -0.8526373235,    -0.3936980608,     0.7853981644,              nan
     0.5986328125,     -0.851579818,    -0.3944483773,     0.7853981644,              nan
      0.599609375,     -0.850492156,    -0.3951866809,     0.7853981644,              nan
     0.6005859375,    -0.8493745546,    -0.3959129771,     0.7853981644,              nan
        0.6015625,    -0.8482272497,    -0.3966272794,     0.7853981644,              nan
     0.6025390625,     -0.847050496,    -0.3973296087,     0.7853981644,              nan
      0.603515625,    -0.8458445664,    -0.3980199937,     0.7853981644,              nan
     0.6044921875,    -0.8446097515,    -0.3986984707,     0.7853981644,              nan
       0.60546875,    -0.8433463599,    -0.3993650837,     0.7853981644,              nan
     0.6064453125,    -0.8420547175,    -0.4000198842,     0.7853981644,              nan
      0.607421875,    -0.8407351672,     -0.400662931,     0.7853981644,              nan
     0.6083984375,    -0.8393880693,    -0.4012942909,     0.7853981644,              nan
         0.609375,    -0.8380138007,    -0.4019140378,     0.7853981644,              nan
     0.6103515625,     -0.836612755,    -0.4025222534,     0.7853981644,              nan
      0.611328125,    -0.8351853424,    -0.4031190269,     0.7853981644,              nan
     0.6123046875,    -0.8337319894,    -0.4037044551,     0.7853981644,              nan
       0.61328125,     -0.832253139,    -0.4042786422,     0.7853981644,              nan
     0.6142578125,      -0.83074925,    -0.4048417002,     0.7853981644,              nan
      0.615234375,    -0.8292207972,    -0.4053937486,     0.7853981644,              nan
     0.6162109375,    -0.8276682716,    -0.4059349143,     0.7853981644,              nan
        0.6171875,    -0.8260921793,    -0.4064653321,     0.7853981644,              nan
     0.6181640625,    -0.8244930424,    -0.4069851442,     0.7853981644,              nan
      0.619140625,    -0.8228713983,    -0.4074945005,     0.7853981644,              nan
     0.6201171875,    -0.8212277998,    -0.4079935586,     0.7853981644,              nan
       0.62109375,    -0.8195628147,    -0.4084824838,     0.7853981644,              nan
     0.6220703125,    -0.8178770263,    -0.4089614488,     0.7853981644,              nan
      0.623046875,    -0.8161710323,    -0.4094306342,     0.7853981644,              nan
     0.6240234375,    -0.8144454455,    -0.4098902283,     0.7853981644,              nan
            0.625,    -0.8127008933,     -0.410340427,     0.7853981644,              nan
     0.6259765625,    -0.8109380173,    -0.4107814339,     0.7853981644,              nan
      0.626953125,    -0.8091574737,    -0.4112134603,     0.7853981644,              nan
     0.6279296875,    -0.8073599326,     -0.411636725,     0.7853981644,              nan
       0.62890625,    -0.8055460781,    -0.4120514547,     0.7853981644,              nan
     0.6298828125,    -0.8037166081,    -0.4124578836,     0.7853981644,              nan
      0.630859375,     -0.801872234,    -0.4128562536,     0.7853981644,              nan
     0.6318359375,    -0.8000136807,    -0.4132468143,     0.7853981644,              nan
        0.6328125,    -0.7981416861,    -0.4136298229,     0.7853981644,              nan
     0.6337890625,    -0.7962570014,     -0.414005544,     0.7853981644,              nan
      0.634765625,    -0.7943603901,    -0.4143742501,     0.7853981644,              nan
     0.6357421875,    -0.7924526286,    -0.4147362211,     0.7853981644,              nan
       0.63671875,    -0.7905345055,    -0.4150917443,     0.7853981644,              nan
     0.6376953125,    -0.7886068213,    -0.4154411148,     0.7853981644,              nan
      0.638671875,    -0.7866703884,    -0.4157846348,     0.7853981644,              nan
     0.6396484375,    -0.7847260308,    -0.4161226141,     0.7853981644,              nan
         0.640625,    -0.7827745837,      -0.41645537,     0.7853981644,              nan
     0.6416015625,    -0.7808168932,    -0.4167832268,     0.7853981644,              nan
      0.642578125,    -0.7788538161,    -0.4171065163,     0.7853981644,              nan
     0.6435546875,    -0.7768862196,    -0.4174255773,     0.7853981644,              nan
       0.64453125,    -0.7749149808,    -0.4177407559,     0.7853981644,              nan
     0.6455078125,    -0.7729409864,     -0.418052405,     0.7853981644,              nan
      0.646484375,    -0.7709651325,    -0.4183608847,     0.7853981644,              nan
     0.6474609375,     -0.768988324,    -0.4186665616,     0.7853981644,              nan
        0.6484375,    -0.7670114741,    -0.4189698093,     0.7853981644,              nan
     0.6494140625,    -0.7650355042,    -0.4192710077,     0.7853981644,              nan
      0.650390625,     -0.763061343,    -0.4195705433,     0.7853981644,              nan
     0.6513671875,    -0.7610899266,    -0.4198688091,     0.7853981644,              nan
       0.65234375,    -0.7591221974,     -0.420166204,     0.7853981644,              nan
     0.6533203125,    -0.7571591042,    -0.4204631331,     0.7853981644,              nan
      0.654296875,    -0.7552016011,    -0.4207600072,     0.7853981644,              nan
     0.6552734375,    -0.7532506474,    -0.4210572429,     0.7853981644,              nan
          0.65625,    -0.7513072071,    -0.4213552625,     0.7853981644,              nan
     0.6572265625,    -0.7493722481,    -0.4216544933,     0.7853981644,              nan
      0.658203125,    -0.7474467418,    -0.4219553681,     0.7853981644,              nan
     0.6591796875,    -0.7455316626,    -0.4222583245,     0.7853981644,              nan
       0.66015625,    -0.7436279877,    -0.4225638051,     0.7853981644,              nan
     0.6611328125,    -0.7417366959,    -0.4228722572,     0.7853981644,              nan
      0.662109375,    -0.7398587677,    -0.4231841324,     0.7853981644,              nan
     0.6630859375,    -0.7379951845,    -0.4234998868,     0.7853981644,              nan
        0.6640625,    -0.7361469279,    -0.4238199807,     0.7853981644,              nan
     0.6650390625,     -0.734314979,    -0.4241448779,     0.7853981644,              nan
      0.666015625,     -0.732500318,    -0.4244750459,     0.7853981644,              nan
     0.6669921875,     -0.730703923,    -0.4248109556,     0.7853981644,              nan
       0.66796875,    -0.7289267694,    -0.4251530805,     0.7853981644,              nan
     0.6689453125,    -0.7271698292,    -0.4255018967,     0.7853981644,              nan
      0.669921875,    -0.7254340699,    -0.4258578826,     0.7853981644,              nan
     0.6708984375,     -0.723720454,    -0.4262215184,     0.7853981644,              nan
         0.671875,     -0.722029938,    -0.4265932858,     0.7853981644,              nan
     0.6728515625,    -0.7203634718,    -0.4269736675,     0.7853981644,              nan
      0.673828125,    -0.7187219976,    -0.4273631471,     0.7853981644,              nan
     0.6748046875,    -0.7171064491,    -0.4277622085,     0.7853981644,              nan
       0.67578125,    -0.7155177508,    -0.4281713358,     0.7853981644,              nan
     0.6767578125,    -0.7139568171,    -0.4285910123,     0.7853981644,              nan
      0.677734375,     -0.712424551,    -0.4290217207,     0.7853981644,              nan
     0.6787109375,    -0.7109218436,    -0.4294639423,     0.7853981644,              nan
        0.6796875,    -0.7094495729,    -0.4299181565,     0.7853981644,              nan
     0.6806640625,    -0.7080086026,    -0.4303848406,     0.7853981644,              nan
      0.681640625,    -0.7065997815,    -0.4308644689,     0.7853981644,              nan
     0.6826171875,    -0.7052239419,    -0.4313575124,     0.7853981644,              nan
       0.68359375,    -0.7038818992,    -0.4318644381,     0.7853981644,              nan
     0.6845703125,    -0.7025744499,    -0.4323857085,     0.7853981644,              nan
      0.685546875,    -0.7013023713,    -0.4329217811,     0.7853981644,              nan
     0.6865234375,    -0.7000664198,    -0.4334731075,     0.7853981644,              nan
           0.6875,      -0.69886733,    -0.4340401328,     0.7853981644,              nan
     0.6884765625,    -0.6977058131,    -0.4346232951,     0.7853981644,              nan
      0.689453125,    -0.6965825563,    -0.4352230249,     0.7853981644,              nan
     0.6904296875,    -0.6954982209,     -0.435839744,     0.7853981644,              nan
       0.69140625,    -0.6944534415,     -0.436473865,     0.7853981644,              nan
     0.6923828125,    -0.6934488246,    -0.4371257907,     0.7853981644,              nan
      0.693359375,     -0.692484947,    -0.4377959132,     0.7853981644,              nan
     0.6943359375,     -0.691562355,    -0.4384846128,     0.7853981644,              nan
        0.6953125,    -0.6906815624,    -0.4391922579,     0.7853981644,              nan
     0.6962890625,    -0.6898430495,    -0.4399192034,     0.7853981644,              nan
      0.697265625,    -0.6890472615,      -0.44066579,     0.7853981644,              nan
     0.6982421875,    -0.6882946067,    -0.4414323435,     0.7853981644,              nan
       0.69921875,    -0.6875854556,    -0.4422191738,     0.7853981644,              nan
     0.7001953125,    -0.6869201386,    -0.4430265735,     0.7853981644,              nan
      0.701171875,    -0.6862989451,    -0.4438548174,     0.7853981644,              nan
     0.7021484375,    -0.6857221213,    -0.4447041614,     0.7853981644,              nan
         0.703125,    -0.6851898691,     -0.445574841,     0.7853981644,              nan
     0.7041015625,    -0.6847023438,    -0.4464670707,     0.7853981644,              nan
      0.705078125,    -0.6842596529,    -0.4473810427,     0.7853981644,              nan
     0.7060546875,    -0.6838618543,    -0.4483169256,     0.7853981644,              nan
       0.70703125,     -0.683508954,    -0.4492748633,     0.7853981644,              nan
     0.7080078125,    -0.6832009049,     -0.450254974,     0.7853981644,              nan
      0.708984375,    -0.6829376043,    -0.4512573483,     0.7853981644,              nan
     0.7099609375,    -0.6827188925,    -0.4522820488,     0.7853981644,              nan
        0.7109375,    -0.6825445505,     -0.453329108,     0.7853981644,              nan
     0.7119140625,    -0.6824142985,    -0.4543985273,     0.7853981644,              nan
      0.712890625,    -0.6823277931,    -0.4554902756,     0.7853981644,              nan
     0.7138671875,    -0.6822846258,    -0.4566042879,     0.7853981644,              nan
       0.71484375,     -0.682284321,    -0.4577404637,     0.7853981644,              nan
     0.7158203125,     -0.682326333,    -0.4588986655,     0.7853981644,              nan
      0.716796875,    -0.6824100443,    -0.4600787176,     0.7853981644,              nan
     0.7177734375,    -0.6825347633,    -0.4612804038,     0.7853981644,              nan
          0.71875,    -0.6826997216,    -0.4625034664,     0.7853981644,              nan
     0.7197265625,    -0.6829040721,    -0.4637476046,     0.7853981644,              nan
      0.720703125,     -0.683146887,    -0.4650124729,     0.7853981644,              nan
     0.7216796875,    -0.6834271563,      -0.46629768,     0.7853981644,              nan
       0.72265625,    -0.6837437872,    -0.4676027882,     0.7853981644,              nan
     0.7236328125,     -0.684095604,    -0.4689273127,     0.7853981644,              nan
      0.724609375,    -0.6844813492,    -0.4702707223,     0.7853981644,              nan
     0.7255859375,     -0.684899687,    -0.4716324401,     0.7853981644,              nan
        0.7265625,    -0.6853492077,    -0.4730118461,     0.7853981644,              nan
     0.7275390625,    -0.6858284351,    -0.4744082802,     0.7853981644,              nan
      0.728515625,    -0.6863358363,    -0.4758210474,     0.7853981644,              nan
     0.7294921875,     -0.686869835,    -0.4772494241,     0.7853981644,              nan
       0.73046875,     -0.687428827,    -0.4786926666,     0.7853981644,              nan
     0.7314453125,       -0.6880112,    -0.4801500206,     0.7853981644,              nan
      0.732421875,    -0.6886153556,    -0.4816207334,     0.7853981644,              nan
     0.7333984375,     -0.689239734,    -0.4831040666,     0.7853981644,              nan
         0.734375,    -0.6898828398,    -0.4845993106,     0.7853981644,              nan
     0.7353515625,    -0.6905432697,    -0.4861057987,     0.7853981644,              nan
      0.736328125,    -0.6912197381,    -0.4876229219,     0.7853981644,              nan
     0.7373046875,    -0.6919111022,    -0.4891501426,     0.7853981644,              nan
       0.73828125,    -0.6926163829,    -0.4906870066,     0.7853981644,              nan
     0.7392578125,     -0.693334782,    -0.4922331528,     0.7853981644,              nan
      0.740234375,     -0.694065693,    -0.4937883204,     0.7853981644,              nan
     0.7412109375,    -0.6948087068,    -0.4953523522,     0.7853981644,              nan
        0.7421875,    -0.6955625941,    -0.4969235783,     0.7853981644,              nan
     0.7431640625,    -0.6963295064,     -0.498505471,     0.7853981644,              nan
      0.744140625,    -0.6971083523,    -0.5000962235,     0.7853981644,              nan
     0.7451171875,    -0.6978994772,    -0.5016961864,     0.7853981644,              nan
       0.74609375,    -0.6987033188,    -0.5033056477,     0.7853981644,              nan
     0.7470703125,    -0.6995204109,    -0.5049249589,     0.7853981644,              nan
      0.748046875,    -0.7003513542,    -0.5065545106,     0.7853981644,              nan
     0.7490234375,    -0.7011967879,    -0.5081947176,     0.7853981644,              nan
             0.75,    -0.7020584685,    -0.5098475709,     0.7853981644,              nan
     0.7509765625,    -0.7029347514,    -0.5115103821,     0.7853981644,              nan
      0.751953125,    -0.7038274625,    -0.5131849674,     0.7853981644,              nan
     0.7529296875,    -0.7047372217,    -0.5148718781,     0.7853981644,              nan
       0.75390625,    -0.7056645587,    -0.5165714532,     0.7853981644,              nan
     0.7548828125,    -0.7066099284,    -0.5182840062,     0.7853981644,              nan
      0.755859375,    -0.7075736915,     -0.520009798,     0.7853981644,              nan
     0.7568359375,    -0.7085561448,    -0.5217490534,     0.7853981644,              nan
        0.7578125,    -0.7095575339,    -0.5235019666,     0.7853981644,              nan
     0.7587890625,    -0.7105780279,    -0.5252686899,     0.7853981644,              nan
      0.759765625,    -0.7116177219,    -0.5270493344,     0.7853981644,              nan
     0.7607421875,    -0.7126766495,    -0.5288439756,     0.7853981644,              nan
       0.76171875,    -0.7137547858,    -0.5306526554,     0.7853981644,              nan
     0.7626953125,    -0.7148520489,    -0.5324753834,     0.7853981644,              nan
      0.763671875,    -0.7159683054,      -0.53431214,     0.7853981644,              nan
     0.7646484375,    -0.7171033764,    -0.5361628795,     0.7853981644,              nan
         0.765625,    -0.7182570411,    -0.5380275322,     0.7853981644,              nan
     0.7666015625,    -0.7194290384,     -0.539906005,     0.7853981644,              nan
      0.767578125,    -0.7206190693,    -0.5417981825,     0.7853981644,              nan
     0.7685546875,    -0.7218267982,    -0.5437039282,     0.7853981644,              nan
       0.76953125,    -0.7230518555,    -0.5456230853,     0.7853981644,              nan
     0.7705078125,    -0.7242938389,    -0.5475554774,     0.7853981644,              nan
      0.771484375,    -0.7255523145,    -0.5495009092,     0.7853981644,              nan
     0.7724609375,    -0.7268268179,    -0.5514591664,     0.7853981644,              nan
        0.7734375,    -0.7281168552,    -0.5534300165,     0.7853981644,              nan
     0.7744140625,    -0.7294219042,     -0.555413209,     0.7853981644,              nan
      0.775390625,    -0.7307414153,    -0.5574084757,     0.7853981644,              nan
     0.7763671875,    -0.7320748131,    -0.5594155311,     0.7853981644,              nan
       0.77734375,    -0.7334214969,    -0.5614340729,     0.7853981644,              nan
     0.7783203125,    -0.7347808422,    -0.5634637824,     0.7853981644,              nan
      0.779296875,    -0.7361522018,     -0.565504325,     0.7853981644,              nan
     0.7802734375,    -0.7375349072,    -0.5675553503,     0.7853981644,              nan
          0.78125,    -0.7389282697,    -0.5696164934,     0.7853981644,              nan
     0.7822265625,    -0.7403315817,    -0.5716873746,     0.7853981644,              nan
      0.783203125,    -0.7417441179,    -0.5737676007,     0.7853981644,              nan
     0.7841796875,    -0.7431651365,    -0.5758567649,     0.7853981644,              nan
       0.78515625,    -0.7445938801,     -0.577954448,     0.7853981644,              nan
     0.7861328125,    -0.7460295771,    -0.5800602183,     0.7853981644,              nan
      0.787109375,    -0.7474714425,    -0.5821736324,     0.7853981644,              nan
     0.7880859375,    -0.7489186788,    -0.5842942359,     0.7853981644,              nan
        0.7890625,    -0.7503704768,    -0.5864215632,     0.7853981644,              nan
     0.7900390625,    -0.7518260165,    -0.5885551385,     0.7853981644,              nan
      0.791015625,    -0.7532844674,    -0.5906944757,     0.7853981644,              nan
     0.7919921875,    -0.7547449897,    -0.5928390792,     0.7853981644,              nan
       0.79296875,    -0.7562067345,    -0.5949884439,     0.7853981644,              nan
     0.7939453125,    -0.7576688441,    -0.5971420555,     0.7853981644,              nan
      0.794921875,    -0.7591304531,    -0.5992993909,     0.7853981644,              nan
     0.7958984375,    -0.7605906886,    -0.6014599183,     0.7853981644,              nan
         0.796875,    -0.7620486703,    -0.6036230979,     0.7853981644,              nan
     0.7978515625,    -0.7635035115,    -0.6057883815,     0.7853981644,              nan
      0.798828125,    -0.7649543192,    -0.6079552133,     0.7853981644,              nan
     0.7998046875,    -0.7664001947,    -0.6101230299,     0.7853981644,              nan
       0.80078125,    -0.7678402337,    -0.6122912607,     0.7853981644,              nan
     0.8017578125,    -0.7692735275,    -0.6144593282,     0.7853981644,              nan
      0.802734375,    -0.7706991626,    -0.6166266482,     0.7853981644,              nan
     0.8037109375,    -0.7721162218,    -0.6187926302,     0.7853981644,              nan
        0.8046875,    -0.7735237842,    -0.6209566776,     0.7853981644,              nan
     0.8056640625,    -0.7749209263,    -0.6231181882,     0.7853981644,              nan
      0.806640625,    -0.7763067217,    -0.6252765545,     0.7853981644,              nan
     0.8076171875,    -0.7776802424,    -0.6274311639,     0.7853981644,              nan
       0.80859375,    -0.7790405587,    -0.6295813992,     0.7853981644,              nan
     0.8095703125,    -0.7803867402,     -0.631726639,     0.7853981644,              nan
      0.810546875,    -0.7817178559,    -0.6338662581,     0.7853981644,              nan
     0.8115234375,    -0.7830329754,    -0.6359996277,     0.7853981644,              nan
           0.8125,    -0.7843311686,    -0.6381261163,     0.7853981644,              nan
     0.8134765625,     -0.785611507,    -0.6402450893,     0.7853981644,              nan
      0.814453125,    -0.7868730641,    -0.6423559102,     0.7853981644,              nan
     0.8154296875,    -0.7881149157,     -0.644457941,     0.7853981644,              nan
       0.81640625,     -0.789336141,    -0.6465505419,     0.7853981644,              nan
     0.8173828125,    -0.7905358228,    -0.6486330729,     0.7853981644,              nan
      0.818359375,    -0.7917130484,    -0.6507048932,     0.7853981644,              nan
     0.8193359375,    -0.7928669102,    -0.6527653626,     0.7853981644,              nan
        0.8203125,    -0.7939965064,    -0.6548138413,     0.7853981644,              nan
     0.8212890625,    -0.7951009416,    -0.6568496911,     0.7853981644,              nan
      0.822265625,    -0.7961793275,    -0.6588722752,     0.7853981644,              nan
     0.8232421875,    -0.7972307837,    -0.6608809594,     0.7853981644,              nan
       0.82421875,    -0.7982544384,    -0.6628751122,     0.7853981644,              nan
     0.8251953125,    -0.7992494288,    -0.6648541056,     0.7853981644,              nan
      0.826171875,    -0.8002149026,    -0.6668173156,     0.7853981644,              nan
     0.8271484375,    -0.8011500176,    -0.6687641229,     0.7853981644,              nan
         0.828125,    -0.8020539437,    -0.6706939131,     0.7853981644,              nan
     0.8291015625,    -0.8029258625,    -0.6726060778,     0.7853981644,              nan
      0.830078125,    -0.8037649687,    -0.6745000147,     0.7853981644,              nan
     0.8310546875,    -0.8045704709,    -0.6763751286,     0.7853981644,              nan
       0.83203125,    -0.8053415918,    -0.6782308318,     0.7853981644,              nan
     0.8330078125,    -0.8060775696,    -0.6800665445,     0.7853981644,              nan
      0.833984375,    -0.8067776582,    -0.6818816959,     0.7853981644,              nan
     0.8349609375,    -0.8074411284,    -0.6836757243,     0.7853981644,              nan
        0.8359375,    -0.8080672683,     -0.685448078,     0.7853981644,              nan
     0.8369140625,    -0.8086553843,    -0.6871982158,     0.7853981644,              nan
      0.837890625,    -0.8092048018,    -0.6889256075,     0.7853981644,              nan
     0.8388671875,    -0.8097148661,     -0.690629735,     0.7853981644,              nan
       0.83984375,     -0.810184943,    -0.6923100923,     0.7853981644,              nan
     0.8408203125,    -0.8106144197,    -0.6939661865,     0.7853981644,              nan
      0.841796875,     -0.811002706,    -0.6955975385,     0.7853981644,              nan
     0.8427734375,    -0.8113492345,    -0.6972036834,     0.7853981644,              nan
          0.84375,    -0.8116534618,    -0.6987841714,     0.7853981644,              nan
     0.8447265625,    -0.8119148693,     -0.700338568,     0.7853981644,              nan
      0.845703125,     -0.812132964,    -0.7018664553,     0.7853981644,              nan
     0.8466796875,    -0.8123072793,     -0.703367432,     0.7853981644,              nan
       0.84765625,    -0.8124373759,    -0.7048411143,     0.7853981644,              nan
     0.8486328125,    -0.8125228424,    -0.7062871366,     0.7853981644,              nan
      0.849609375,    -0.8125632964,    -0.7077051518,     0.7853981644,              nan
     0.8505859375,     -0.812558385,     -0.709094832,     0.7853981644,              nan
        0.8515625,    -0.8125077857,    -0.7104558691,     0.7853981644,              nan
     0.8525390625,    -0.8124112073,    -0.7117879755,     0.7853981644,              nan
      0.853515625,    -0.8122683906,    -0.7130908843,     0.7853981644,              nan
     0.8544921875,    -0.8120791088,    -0.7143643503,     0.7853981644,              nan
       0.85546875,    -0.8118431689,      -0.71560815,     0.7853981644,              nan
     0.8564453125,    -0.8115604119,    -0.7168220826,     0.7853981644,              nan
      0.857421875,    -0.8112307141,    -0.7180059703,     0.7853981644,              nan
     0.8583984375,     -0.810853987,    -0.7191596586,     0.7853981644,              nan
         0.859375,    -0.8104301788,    -0.7202830173,     0.7853981644,              nan
     0.8603515625,    -0.8099592746,    -0.7213759403,     0.7853981644,              nan
      0.861328125,    -0.8094412972,    -0.7224383464,     0.7853981644,              nan
     0.8623046875,    -0.8088763078,    -0.7234701797,     0.7853981644,              nan
       0.86328125,    -0.8082644064,    -0.7244714097,     0.7853981644,              nan
     0.8642578125,    -0.8076057325,     -0.725442032,     0.7853981644,              nan
      0.865234375,    -0.8069004658,    -0.7263820684,     0.7853981644,              nan
     0.8662109375,    -0.8061488262,     -0.727291567,     0.7853981644,              nan
        0.8671875,    -0.8053510747,    -0.7281706029,     0.7853981644,              nan
     0.8681640625,    -0.8045075136,     -0.729019278,     0.7853981644,              nan
      0.869140625,    -0.8036184869,    -0.7298377215,     0.7853981644,              nan
     0.8701171875,    -0.8026843807,    -0.7306260898,     0.7853981644,              nan
       0.87109375,    -0.8017056232,    -0.7313845666,     0.7853981644,              nan
     0.8720703125,     -0.800682685,    -0.7321133631,     0.7853981644,              nan
      0.873046875,    -0.7996160792,    -0.7328127179,     0.7853981644,              nan
     0.8740234375,    -0.7985063615,    -0.7334828972,     0.7853981644,              nan
            0.875,      -0.79735413,    -0.7341241942,     0.7853981644,              nan
     0.8759765625,     -0.796160025,    -0.7347369294,     0.7853981644,              nan
      0.876953125,    -0.7949247287,    -0.7353214501,     0.7853981644,              nan
     0.8779296875,    -0.7936489649,    -0.7358781303,     0.7853981644,              nan
       0.87890625,    -0.7923334984,    -0.7364073702,     0.7853981644,              nan
     0.8798828125,    -0.7909791342,    -0.7369095959,     0.7853981644,              nan
      0.880859375,    -0.7895867168,    -0.7373852585,     0.7853981644,              nan
     0.8818359375,     -0.788157129,     -0.737834834,     0.7853981644,              nan
        0.8828125,    -0.7866912907,    -0.7382588223,     0.7853981644,              nan
     0.8837890625,    -0.7851901576,    -0.7386577463,     0.7853981644,              nan
      0.884765625,    -0.7836547189,    -0.7390321511,     0.7853981644,              nan
     0.8857421875,    -0.7820859963,    -0.7393826029,     0.7853981644,              nan
       0.88671875,    -0.7804850409,    -0.7397096878,     0.7853981644,              nan
     0.8876953125,    -0.7788529309,    -0.7400140104,     0.7853981644,              nan
      0.888671875,     -0.777190769,    -0.7402961922,     0.7853981644,              nan
     0.8896484375,    -0.7754996786,    -0.7405568702,     0.7853981644,              nan
         0.890625,    -0.7737808004,    -0.7407966945,     0.7853981644,              nan
     0.8916015625,    -0.7720352881,    -0.7410163265,     0.7853981644,              nan
      0.892578125,    -0.7702643038,    -0.7412164361,     0.7853981644,              nan
     0.8935546875,    -0.7684690127,    -0.7413976991,     0.7853981644,              nan
       0.89453125,    -0.7666505772,    -0.7415607943,     0.7853981644,              nan
     0.8955078125,    -0.7648101509,    -0.7417063997,     0.7853981644,              nan
      0.896484375,    -0.7629488713,    -0.7418351886,     0.7853981644,              nan
     0.8974609375,    -0.7610678526,    -0.7419478261,     0.7853981644,              nan
        0.8984375,    -0.7591681776,     -0.742044964,     0.7853981644,              nan
     0.8994140625,    -0.7572508892,    -0.7421272358,     0.7853981644,              nan
      0.900390625,    -0.7553169818,    -0.7421952522,     0.7853981644,              nan
     0.9013671875,    -0.7533673921,    -0.7422495953,     0.7853981644,              nan
       0.90234375,    -0.7514029907,    -0.7422908131,     0.7853981644,              nan
     0.9033203125,    -0.7494245729,    -0.7423194143,     0.7853981644,              nan
      0.904296875,    -0.7474328508,    -0.7423358629,     0.7853981644,              nan
     0.9052734375,    -0.7454284464,    -0.7423405732,     0.7853981644,              nan
          0.90625,    -0.7434118849,    -0.7423339058,     0.7853981644,              nan
     0.9072265625,    -0.7413835909,    -0.7423161642,     0.7853981644,              nan
      0.908203125,    -0.7393438856,    -0.7422875919,     0.7853981644,              nan
     0.9091796875,    -0.7372929867,    -0.7422483721,     0.7853981644,              nan
       0.91015625,    -0.7352310105,    -0.7421986277,     0.7853981644,              nan
     0.9111328125,    -0.7331579769,    -0.7421384231,     0.7853981644,              nan
      0.912109375,     -0.731073817,    -0.7420677686,     0.7853981644,              nan
     0.9130859375,    -0.7289783826,    -0.7419866247,     0.7853981644,              nan
        0.9140625,    -0.7268714591,    -0.7418949097,     0.7853981644,              nan
     0.9150390625,     -0.724752779,    -0.7417925068,     0.7853981644,              nan
      0.916015625,    -0.7226220374,    -0.7416792739,     0.7853981644,              nan
     0.9169921875,    -0.7204789085,    -0.7415550527,     0.7853981644,              nan
       0.91796875,    -0.7183230618,     -0.741419679,     0.7853981644,              nan
     0.9189453125,    -0.7161541784,    -0.7412729925,     0.7853981644,              nan
      0.919921875,    -0.7139719663,    -0.7411148467,     0.7853981644,              nan
     0.9208984375,    -0.7117761738,    -0.7409451173,     0.7853981644,              nan
         0.921875,    -0.7095666021,    -0.7407637105,     0.7853981644,              nan
     0.9228515625,    -0.7073431147,    -0.7405705693,     0.7853981644,              nan
      0.923828125,    -0.7051056448,    -0.7403656786,     0.7853981644,              nan
     0.9248046875,    -0.7028542004,    -0.7401490689,     0.7853981644,              nan
       0.92578125,    -0.7005888664,    -0.7399208182,     0.7853981644,              nan
     0.9267578125,    -0.6983098051,    -0.7396810523,     0.7853981644,              nan
      0.927734375,    -0.6960172534,    -0.7394299444,     0.7853981644,              nan
     0.9287109375,      -0.69371152,    -0.7391677124,     0.7853981644,              nan
        0.9296875,    -0.6913929792,    -0.7388946162,     0.7853981644,              nan
     0.9306640625,     -0.689062066,    -0.7386109542,     0.7853981644,              nan
      0.931640625,    -0.6867192683,    -0.7383170589,     0.7853981644,              nan
     0.9326171875,     -0.684365121,    -0.7380132929,     0.7853981644,              nan
       0.93359375,     -0.682000199,    -0.7377000447,     0.7853981644,              nan
     0.9345703125,    -0.6796251108,    -0.7373777244,     0.7853981644,              nan
      0.935546875,    -0.6772404932,    -0.7370467606,     0.7853981644,              nan
     0.9365234375,     -0.674847006,    -0.7367075967,     0.7853981644,              nan
           0.9375,    -0.6724453275,    -0.7363606883,     0.7853981644,              nan
     0.9384765625,    -0.6700361511,    -0.7360065005,     0.7853981644,              nan
      0.939453125,    -0.6676201819,    -0.7356455061,     0.7853981644,              nan
     0.9404296875,    -0.6651981347,    -0.7352781839,     0.7853981644,              nan
       0.94140625,    -0.6627707311,    -0.7349050173,     0.7853981644,              nan
     0.9423828125,    -0.6603386989,    -0.7345264931,     0.7853981644,              nan
      0.943359375,    -0.6579027697,    -0.7341431006,     0.7853981644,              nan
     0.9443359375,    -0.6554636784,     -0.733755331,     0.7853981644,              nan
        0.9453125,    -0.6530221623,    -0.7333636767,     0.7853981644,              nan
     0.9462890625,    -0.6505789597,    -0.7329686304,     0.7853981644,              nan
      0.947265625,    -0.6481348096,    -0.7325706852,     0.7853981644,              nan
     0.9482421875,    -0.6456904512,    -0.7321703338,     0.7853981644,              nan
       0.94921875,    -0.6432466227,    -0.7317680681,     0.7853981644,              nan
     0.9501953125,    -0.6408040611,    -0.7313643788,     0.7853981644,              nan
      0.951171875,    -0.6383635015,     -0.730959755,     0.7853981644,              nan
     0.9521484375,    -0.6359256765,    -0.7305546838,     0.7853981644,              nan
         0.953125,    -0.6334913158,    -0.7301496502,     0.7853981644,              nan
     0.9541015625,    -0.6310611457,    -0.7297451362,     0.7853981644,              nan
      0.955078125,    -0.6286358883,    -0.7293416212,     0.7853981644,              nan
     0.9560546875,    -0.6262162618,    -0.7289395811,     0.7853981644,              nan
       0.95703125,    -0.6238029792,    -0.7285394883,     0.7853981644,              nan
     0.9580078125,    -0.6213948791,     -0.728138365,     0.7853981644,              nan
      0.958984375,     -0.618996478,     -0.727743472,     0.7853981644,              nan
     0.9599609375,    -0.6166066309,    -0.7273522529,     0.7853981644,              nan
        0.9609375,    -0.6142259029,    -0.7269647723,     0.7853981644,              nan
     0.9619140625,    -0.6118549681,    -0.7265815081,     0.7853981644,              nan
      0.962890625,    -0.6094945117,    -0.7262029144,     0.7853981644,              nan
     0.9638671875,    -0.6071452088,    -0.7258294391,     0.7853981644,              nan
       0.96484375,    -0.6048077285,    -0.7254615236,     0.7853981644,              nan
     0.9658203125,    -0.6024827294,    -0.7250996022,     0.7853981644,              nan
      0.966796875,    -0.6001708625,     -0.724744104,     0.7853981644,              nan
     0.9677734375,     -0.597874631,    -0.7243989415,     0.7853981644,              nan
          0.96875,    -0.5955908783,    -0.7240576534,     0.7853981644,              nan
     0.9697265625,    -0.5933220661,    -0.7237237161,     0.7853981644,              nan
      0.970703125,    -0.5910689295,    -0.7233979257,     0.7853981644,              nan
     0.9716796875,    -0.5888320908,    -0.7230806592,     0.7853981644,              nan
       0.97265625,    -0.5866121456,    -0.7227723077,     0.7853981644,              nan
     0.9736328125,    -0.5844096837,    -0.7224732587,     0.7853981644,              nan
      0.974609375,    -0.5822252853,     -0.722183896,     0.7853981644,              nan
     0.9755859375,    -0.5800595252,       -0.7219046,     0.7853981644,              nan
        0.9765625,     -0.577912969,    -0.7216357459,     0.7853981644,              nan
     0.9775390625,    -0.5757861714,    -0.7213777021,     0.7853981644,              nan
      0.978515625,    -0.5736796785,    -0.7211308311,     0.7853981644,              nan
     0.9794921875,    -0.5715940272,    -0.7208954902,     0.7853981644,              nan
       0.98046875,    -0.5695297438,     -0.720672031,     0.7853981644,              nan
     0.9814453125,    -0.5674873434,    -0.7204607985,     0.7853981644,              nan
      0.982421875,    -0.5654673292,     -0.720262131,     0.7853981644,              nan
     0.9833984375,    -0.5634701908,    -0.7200763584,     0.7853981644,              nan
         0.984375,    -0.5614964039,    -0.7199038021,     0.7853981644,              nan
     0.9853515625,    -0.5595464288,    -0.7197447745,     0.7853981644,              nan
      0.986328125,    -0.5576207104,    -0.7195995785,     0.7853981644,              nan
     0.9873046875,     -0.555719677,    -0.7194685069,     0.7853981644,              nan
       0.98828125,    -0.5538437396,    -0.7193518417,     0.7853981644,              nan
     0.9892578125,    -0.5519932907,    -0.7192498536,     0.7853981644,              nan
      0.990234375,     -0.550168704,    -0.7191628015,     0.7853981644,              nan
     0.9912109375,    -0.5483703331,    -0.7190909317,     0.7853981644,              nan
        0.9921875,    -0.5465985112,    -0.7190344777,     0.7853981644,              nan
     0.9931640625,    -0.5448535503,    -0.7189936595,     0.7853981644,              nan
      0.994140625,    -0.5431357408,    -0.7189686836,     0.7853981644,              nan
     0.9951171875,    -0.5414453511,    -0.7189597424,     0.7853981644,              nan
       0.99609375,    -0.5397826269,    -0.7189670138,     0.7853981644,              nan
     0.9970703125,     -0.538147791,    -0.7189906612,     0.7853981644,              nan
      0.998046875,    -0.5365410428,     -0.719030833,     0.7853981644,              nan
     0.9990234375,    -0.5349625583,    -0.7190876624,     0.7853981644,              nan
                1,    -0.5334124897,    -0.7191612672,     0.7853981644,              nan
              nan,    -0.5915920729,    -0.3063147221,     0.7853981644,              nan
