             Time,          Y-Force,   Work integrand,             Mass,       Mass error
                0,  -0.002941836258,                0,     0.7848375397,              nan
     0.0009765625,  -0.002905097442, -4.018470592e-09,     0.7848375397,              nan
      0.001953125,  -0.003358433054, -1.881097402e-08,     0.7848375397,              nan
     0.0029296875,  -0.003632827456, -4.596116458e-08,     0.7848375397,              nan
       0.00390625,  -0.003998916042, -9.052349889e-08,     0.7848375397,              nan
     0.0048828125,   -0.00437414537, -1.558338669e-07,     0.7848375397,              nan
      0.005859375,  -0.004726295595, -2.446111804e-07,     0.7848375397,              nan
     0.0068359375,   -0.00508439929, -3.615668068e-07,     0.7848375397,              nan
        0.0078125,  -0.005487765142, -5.138835171e-07,     0.7848375397,              nan
     0.0087890625,  -0.005940839865, -7.086462874e-07,     0.7848375397,              nan
      0.009765625,  -0.006430152673, -9.520652833e-07,     0.7848375397,              nan
     0.0107421875,  -0.006945997976, -1.250475437e-06,     0.7848375397,              nan
       0.01171875,  -0.007487508532, -1.611263963e-06,     0.7848375397,              nan
     0.0126953125,  -0.008060823893, -2.043523509e-06,     0.7848375397,              nan
      0.013671875,  -0.008671595261, -2.557426705e-06,     0.7848375397,              nan
     0.0146484375,  -0.009313773774, -3.161308322e-06,     0.7848375397,              nan
         0.015625,    -0.0099637721, -3.858029547e-06,     0.7848375397,              nan
     0.0166015625,   -0.01058735324, -4.644087922e-06,     0.7848375397,              nan
      0.017578125,   -0.01115531013,  -5.51305274e-06,     0.7848375397,              nan
     0.0185546875,   -0.01165704465, -6.461443521e-06,     0.7848375397,              nan
       0.01953125,   -0.01210427738, -7.493586363e-06,     0.7848375397,              nan
     0.0205078125,   -0.01252479951,   -8.6230714e-06,     0.7848375397,              nan
      0.021484375,   -0.01295153777, -9.870725327e-06,     0.7848375397,              nan
     0.0224609375,   -0.01341278404, -1.126071727e-05,     0.7848375397,              nan
        0.0234375,   -0.01392680911, -1.281673191e-05,     0.7848375397,              nan
     0.0244140625,   -0.01450103174, -1.455942914e-05,     0.7848375397,              nan
      0.025390625,   -0.01513418834, -1.650549068e-05,     0.7848375397,              nan
     0.0263671875,   -0.01581968255, -1.866795732e-05,     0.7848375397,              nan
       0.02734375,    -0.0165487863, -2.105733719e-05,     0.7848375397,              nan
     0.0283203125,   -0.01731298923, -2.368295682e-05,     0.7848375397,              nan
      0.029296875,   -0.01810529856, -2.655413374e-05,     0.7848375397,              nan
     0.0302734375,   -0.01892063803, -2.968093758e-05,     0.7848375397,              nan
          0.03125,   -0.01975567297, -3.307451934e-05,     0.7848375397,              nan
     0.0322265625,   -0.02060839796, -3.674713183e-05,     0.7848375397,              nan
      0.033203125,   -0.02147771701, -4.071200014e-05,     0.7848375397,              nan
     0.0341796875,   -0.02236311711, -4.498316111e-05,     0.7848375397,              nan
       0.03515625,   -0.02326445622, -4.957533902e-05,     0.7848375397,              nan
     0.0361328125,   -0.02418185129, -5.450389921e-05,     0.7848375397,              nan
      0.037109375,   -0.02511563745, -5.978488923e-05,     0.7848375397,              nan
     0.0380859375,   -0.02606635198, -6.543512502e-05,     0.7848375397,              nan
        0.0390625,   -0.02703468781, -7.147223017e-05,     0.7848375397,              nan
     0.0400390625,   -0.02802138269, -7.791453163e-05,     0.7848375397,              nan
      0.041015625,   -0.02902705799, -8.478078398e-05,     0.7848375397,              nan
     0.0419921875,   -0.03005206807, -9.208980908e-05,     0.7848375397,              nan
       0.04296875,   -0.03109643291, -9.986020824e-05,     0.7848375397,              nan
     0.0439453125,    -0.0321598953, -0.0001081103032,     0.7848375397,              nan
      0.044921875,   -0.03324208477, -0.0001168583622,     0.7848375397,              nan
     0.0458984375,   -0.03434272116, -0.0001261230276,     0.7848375397,              nan
         0.046875,   -0.03546177674, -0.0001359237781,     0.7848375397,              nan
     0.0478515625,   -0.03659954026, -0.0001462812491,     0.7848375397,              nan
      0.048828125,   -0.03775657384, -0.0001572173012,     0.7848375397,              nan
     0.0498046875,   -0.03893359714, -0.0001687548603,     0.7848375397,              nan
       0.05078125,   -0.04013135185, -0.0001809176098,     0.7848375397,              nan
     0.0517578125,   -0.04135049401, -0.0001937296717,     0.7848375397,              nan
      0.052734375,    -0.0425915364, -0.0002072153604,     0.7848375397,              nan
     0.0537109375,   -0.04385483906, -0.0002213990516,     0.7848375397,              nan
        0.0546875,   -0.04514063103, -0.0002363051518,     0.7848375397,              nan
     0.0556640625,   -0.04644904513, -0.0002519581354,     0.7848375397,              nan
      0.056640625,   -0.04778015546,   -0.00026838263,     0.7848375397,              nan
     0.0576171875,   -0.04913401581, -0.0002856035407,     0.7848375397,              nan
       0.05859375,   -0.05051070142, -0.0003036462244,     0.7848375397,              nan
     0.0595703125,    -0.0519103545, -0.0003225367119,     0.7848375397,              nan
      0.060546875,   -0.05333322791, -0.0003423019526,     0.7848375397,              nan
     0.0615234375,   -0.05477971664, -0.0003629700311,     0.7848375397,              nan
           0.0625,   -0.05625036558, -0.0003845702936,     0.7848375397,              nan
     0.0634765625,   -0.05774584648, -0.0004071333314,     0.7848375397,              nan
      0.064453125,   -0.05926690507, -0.0004306907996,     0.7848375397,              nan
     0.0654296875,   -0.06081428838, -0.0004552750957,     0.7848375397,              nan
       0.06640625,   -0.06238866905, -0.0004809189646,     0.7848375397,              nan
     0.0673828125,   -0.06399058516, -0.0005076551263,     0.7848375397,              nan
      0.068359375,   -0.06562041062, -0.0005355160202,     0.7848375397,              nan
     0.0693359375,   -0.06727836285, -0.0005645337333,     0.7848375397,              nan
        0.0703125,   -0.06896454442, -0.0005947401316,     0.7848375397,              nan
     0.0712890625,   -0.07067900662, -0.0006261671555,     0.7848375397,              nan
      0.072265625,   -0.07242181735, -0.0006588471961,     0.7848375397,              nan
     0.0732421875,   -0.07419311592,  -0.000692813448,     0.7848375397,              nan
       0.07421875,   -0.07599314191, -0.0007281001408,     0.7848375397,              nan
     0.0751953125,   -0.07782223282, -0.0007647425877,     0.7848375397,              nan
      0.076171875,   -0.07968079384, -0.0008027770389,     0.7848375397,              nan
     0.0771484375,   -0.08156924903,  -0.000842240374,     0.7848375397,              nan
         0.078125,   -0.08348798704, -0.0008831697097,     0.7848375397,              nan
     0.0791015625,   -0.08543731285, -0.0009256019974,     0.7848375397,              nan
      0.080078125,   -0.08741741469, -0.0009695736924,     0.7848375397,              nan
     0.0810546875,   -0.08942834911,  -0.001015120535,     0.7848375397,              nan
       0.08203125,    -0.0914700432,  -0.001062277464,     0.7848375397,              nan
     0.0830078125,    -0.0935423079,   -0.00111107861,     0.7848375397,              nan
      0.083984375,   -0.09564485727,  -0.001161557372,     0.7848375397,              nan
     0.0849609375,   -0.09777732705,  -0.001213746508,     0.7848375397,              nan
        0.0859375,   -0.09993928834,   -0.00126767819,     0.7848375397,              nan
     0.0869140625,     -0.102130256,  -0.001323384039,     0.7848375397,              nan
      0.087890625,    -0.1043496921,  -0.001380895118,     0.7848375397,              nan
     0.0888671875,    -0.1065970079,  -0.001440241902,     0.7848375397,              nan
       0.08984375,    -0.1088715678,  -0.001501454279,     0.7848375397,              nan
     0.0908203125,     -0.111172698,  -0.001564561595,     0.7848375397,              nan
      0.091796875,    -0.1134997028,   -0.00162959278,     0.7848375397,              nan
     0.0927734375,    -0.1158518877,  -0.001696576568,     0.7848375397,              nan
          0.09375,    -0.1182285879,  -0.001765541809,     0.7848375397,              nan
     0.0947265625,    -0.1206291999,  -0.001836517843,     0.7848375397,              nan
      0.095703125,    -0.1230532118,   -0.00190953491,     0.7848375397,              nan
     0.0966796875,    -0.1255002283,  -0.001984624553,     0.7848375397,              nan
       0.09765625,    -0.1279699872,  -0.002061819952,     0.7848375397,              nan
     0.0986328125,    -0.1304623645,  -0.002141156171,     0.7848375397,              nan
      0.099609375,    -0.1329773695,  -0.002222670277,     0.7848375397,              nan
     0.1005859375,     -0.135515128,  -0.002306401333,     0.7848375397,              nan
        0.1015625,    -0.1380758587,   -0.00239239027,     0.7848375397,              nan
     0.1025390625,    -0.1406598448,  -0.002480679675,     0.7848375397,              nan
      0.103515625,    -0.1432674052,   -0.00257131351,     0.7848375397,              nan
     0.1044921875,     -0.145898868,  -0.002664336824,     0.7848375397,              nan
       0.10546875,    -0.1485545496,  -0.002759795498,     0.7848375397,              nan
     0.1064453125,    -0.1512347412,  -0.002857736009,     0.7848375397,              nan
      0.107421875,    -0.1539397012,  -0.002958205291,     0.7848375397,              nan
     0.1083984375,    -0.1566696559,  -0.003061250658,     0.7848375397,              nan
         0.109375,    -0.1594248037,  -0.003166919789,     0.7848375397,              nan
     0.1103515625,    -0.1622053229,  -0.003275260756,     0.7848375397,              nan
      0.111328125,    -0.1650113805,  -0.003386322085,     0.7848375397,              nan
     0.1123046875,    -0.1678431409,  -0.003500152824,     0.7848375397,              nan
       0.11328125,    -0.1707007715,  -0.003616802606,     0.7848375397,              nan
     0.1142578125,    -0.1735844474,  -0.003736321691,     0.7848375397,              nan
      0.115234375,    -0.1764943527,  -0.003858760992,     0.7848375397,              nan
     0.1162109375,    -0.1794306797,  -0.003984172069,     0.7848375397,              nan
        0.1171875,    -0.1823936264,  -0.004112607128,     0.7848375397,              nan
     0.1181640625,     -0.185383394,  -0.004244118976,     0.7848375397,              nan
      0.119140625,     -0.188400183,  -0.004378761009,     0.7848375397,              nan
     0.1201171875,    -0.1914441913,  -0.004516587182,     0.7848375397,              nan
       0.12109375,    -0.1945156118,  -0.004657651995,     0.7848375397,              nan
     0.1220703125,    -0.1976146316,  -0.004802010469,     0.7848375397,              nan
      0.123046875,    -0.2007414304,  -0.004949718108,     0.7848375397,              nan
     0.1240234375,    -0.2038961793,   -0.00510083084,     0.7848375397,              nan
            0.125,    -0.2070790377,  -0.005255404903,     0.7848375397,              nan
     0.1259765625,    -0.2102901481,  -0.005413496665,     0.7848375397,              nan
      0.126953125,    -0.2135296279,  -0.005575162346,     0.7848375397,              nan
     0.1279296875,    -0.2167975587,  -0.005740457694,     0.7848375397,              nan
       0.12890625,    -0.2200939723,  -0.005909437518,     0.7848375397,              nan
     0.1298828125,    -0.2234188341,  -0.006082155149,     0.7848375397,              nan
      0.130859375,     -0.226772026,  -0.006258661858,     0.7848375397,              nan
     0.1318359375,    -0.2301533293,  -0.006439006263,     0.7848375397,              nan
        0.1328125,    -0.2335624098,  -0.006623233743,     0.7848375397,              nan
     0.1337890625,    -0.2369988065,  -0.006811385924,     0.7848375397,              nan
      0.134765625,     -0.240461925,  -0.007003500276,     0.7848375397,              nan
     0.1357421875,    -0.2439510381,  -0.007199609883,     0.7848375397,              nan
       0.13671875,     -0.247465293,  -0.007399743392,     0.7848375397,              nan
     0.1376953125,    -0.2510037247,  -0.007603925176,     0.7848375397,              nan
      0.138671875,    -0.2545652783,   -0.00781217573,     0.7848375397,              nan
     0.1396484375,    -0.2581488357,  -0.008024512277,     0.7848375397,              nan
         0.140625,    -0.2617532466,  -0.008240949567,     0.7848375397,              nan
     0.1416015625,    -0.2653773642,  -0.008461500829,     0.7848375397,              nan
      0.142578125,    -0.2690200803,  -0.008686178847,     0.7848375397,              nan
     0.1435546875,    -0.2726803595,  -0.008914997084,     0.7848375397,              nan
       0.14453125,    -0.2763572714,  -0.009147970792,     0.7848375397,              nan
     0.1455078125,    -0.2800500171,  -0.009385118049,     0.7848375397,              nan
      0.146484375,    -0.2837579485,   -0.00962646067,     0.7848375397,              nan
     0.1474609375,    -0.2874805803,  -0.009872024866,     0.7848375397,              nan
        0.1484375,    -0.2912175924,   -0.01012184167,     0.7848375397,              nan
     0.1494140625,    -0.2949688227,   -0.01037594707,     0.7848375397,              nan
      0.150390625,    -0.2987342491,    -0.0106343817,     0.7848375397,              nan
     0.1513671875,    -0.3025139627,   -0.01089719028,     0.7848375397,              nan
       0.15234375,    -0.3063081321,   -0.01116442065,     0.7848375397,              nan
     0.1533203125,    -0.3101169587,    -0.0114361223,     0.7848375397,              nan
      0.154296875,    -0.3139406273,   -0.01171234477,     0.7848375397,              nan
     0.1552734375,    -0.3177792525,    -0.0119931357,     0.7848375397,              nan
          0.15625,    -0.3216328232,   -0.01227853865,     0.7848375397,              nan
     0.1572265625,    -0.3255011472,   -0.01256859078,     0.7848375397,              nan
      0.158203125,    -0.3293837999,   -0.01286332049,     0.7848375397,              nan
     0.1591796875,    -0.3332800777,   -0.01316274515,     0.7848375397,              nan
       0.16015625,    -0.3371889596,   -0.01346686896,     0.7848375397,              nan
     0.1611328125,    -0.3411090777,   -0.01377568107,     0.7848375397,              nan
      0.162109375,     -0.345038699,   -0.01408915399,     0.7848375397,              nan
     0.1630859375,    -0.3489757185,   -0.01440724245,     0.7848375397,              nan
        0.1640625,     -0.352917666,   -0.01472988278,     0.7848375397,              nan
     0.1650390625,    -0.3568617251,   -0.01505699276,     0.7848375397,              nan
      0.166015625,    -0.3608047639,   -0.01538847202,     0.7848375397,              nan
     0.1669921875,    -0.3647433773,   -0.01572420304,     0.7848375397,              nan
       0.16796875,    -0.3686739398,    -0.0160640527,     0.7848375397,              nan
     0.1689453125,    -0.3725926662,   -0.01640787431,     0.7848375397,              nan
      0.169921875,    -0.3764956776,   -0.01675551007,     0.7848375397,              nan
     0.1708984375,    -0.3803790724,   -0.01710679397,     0.7848375397,              nan
         0.171875,     -0.384238999,   -0.01746155493,     0.7848375397,              nan
     0.1728515625,    -0.3880717259,    -0.0178196201,     0.7848375397,              nan
      0.173828125,    -0.3918737106,   -0.01818081829,     0.7848375397,              nan
     0.1748046875,    -0.3956416616,   -0.01854498334,     0.7848375397,              nan
       0.17578125,     -0.399372593,   -0.01891195724,     0.7848375397,              nan
     0.1767578125,    -0.4030638706,   -0.01928159315,     0.7848375397,              nan
      0.177734375,    -0.4067132461,   -0.01965375785,     0.7848375397,              nan
     0.1787109375,     -0.410318883,   -0.02002833397,     0.7848375397,              nan
        0.1796875,    -0.4138793685,    -0.0204052217,     0.7848375397,              nan
     0.1806640625,    -0.4173937156,    -0.0207843399,     0.7848375397,              nan
      0.181640625,    -0.4208613525,   -0.02116562657,     0.7848375397,              nan
     0.1826171875,    -0.4242821041,   -0.02154903892,     0.7848375397,              nan
       0.18359375,    -0.4276561637,   -0.02193455291,     0.7848375397,              nan
     0.1845703125,    -0.4309840573,   -0.02232216225,     0.7848375397,              nan
      0.185546875,    -0.4342666013,   -0.02271187691,     0.7848375397,              nan
     0.1865234375,    -0.4375048572,   -0.02310372145,     0.7848375397,              nan
           0.1875,    -0.4407000838,   -0.02349773288,     0.7848375397,              nan
     0.1884765625,    -0.4438536877,   -0.02389395837,     0.7848375397,              nan
      0.189453125,    -0.4469671747,   -0.02429245281,     0.7848375397,              nan
     0.1904296875,    -0.4500421041,   -0.02469327651,     0.7848375397,              nan
       0.19140625,    -0.4530800453,   -0.02509649278,     0.7848375397,              nan
     0.1923828125,    -0.4560825399,   -0.02550216555,     0.7848375397,              nan
      0.193359375,    -0.4590510685,   -0.02591035744,     0.7848375397,              nan
     0.1943359375,    -0.4619870213,   -0.02632112777,     0.7848375397,              nan
        0.1953125,    -0.4648916764,   -0.02673453104,     0.7848375397,              nan
     0.1962890625,    -0.4677661845,    -0.0271506156,     0.7848375397,              nan
      0.197265625,    -0.4706115582,   -0.02756942279,     0.7848375397,              nan
     0.1982421875,    -0.4734286664,   -0.02799098613,     0.7848375397,              nan
       0.19921875,    -0.4762182351,   -0.02841533104,     0.7848375397,              nan
     0.2001953125,    -0.4789808514,   -0.02884247475,     0.7848375397,              nan
      0.201171875,    -0.4817169704,   -0.02927242651,     0.7848375397,              nan
     0.2021484375,    -0.4844269267,   -0.02970518791,     0.7848375397,              nan
         0.203125,    -0.4871109479,   -0.03014075356,     0.7848375397,              nan
     0.2041015625,    -0.4897691659,   -0.03057911166,     0.7848375397,              nan
      0.205078125,    -0.4924016338,   -0.03102024495,     0.7848375397,              nan
     0.2060546875,    -0.4950083402,   -0.03146413149,     0.7848375397,              nan
       0.20703125,    -0.4975892223,   -0.03191074552,     0.7848375397,              nan
     0.2080078125,    -0.5001441808,   -0.03236005829,     0.7848375397,              nan
      0.208984375,    -0.5026730893,   -0.03281203887,     0.7848375397,              nan
     0.2099609375,    -0.5051758052,   -0.03326665481,     0.7848375397,              nan
        0.2109375,    -0.5076521774,   -0.03372387274,     0.7848375397,              nan
     0.2119140625,    -0.5101020538,    -0.0341836589,     0.7848375397,              nan
      0.212890625,    -0.5125252835,   -0.03464597948,     0.7848375397,              nan
     0.2138671875,    -0.5149217234,   -0.03511080078,     0.7848375397,              nan
       0.21484375,    -0.5172912361,   -0.03557808948,     0.7848375397,              nan
     0.2158203125,    -0.5196336915,   -0.03604781262,     0.7848375397,              nan
      0.216796875,    -0.5219489654,   -0.03651993755,     0.7848375397,              nan
     0.2177734375,    -0.5242369369,   -0.03699443166,     0.7848375397,              nan
          0.21875,    -0.5264974882,   -0.03747126238,     0.7848375397,              nan
     0.2197265625,    -0.5287305004,   -0.03795039678,     0.7848375397,              nan
      0.220703125,    -0.5309358497,   -0.03843180126,     0.7848375397,              nan
     0.2216796875,    -0.5331134049,   -0.03891544125,     0.7848375397,              nan
       0.22265625,    -0.5352630255,   -0.03940128092,     0.7848375397,              nan
     0.2236328125,    -0.5373845568,   -0.03988928286,     0.7848375397,              nan
      0.224609375,    -0.5394778307,   -0.04037940772,     0.7848375397,              nan
     0.2255859375,    -0.5415426612,   -0.04087161389,     0.7848375397,              nan
        0.2265625,     -0.543578844,    -0.0413658574,     0.7848375397,              nan
     0.2275390625,     -0.545586154,   -0.04186209156,     0.7848375397,              nan
      0.228515625,    -0.5475643466,    -0.0423602669,     0.7848375397,              nan
     0.2294921875,    -0.5495131573,   -0.04286033098,     0.7848375397,              nan
       0.23046875,    -0.5514323015,   -0.04336222831,     0.7848375397,              nan
     0.2314453125,    -0.5533214754,   -0.04386590027,     0.7848375397,              nan
      0.232421875,    -0.5551803578,   -0.04437128525,     0.7848375397,              nan
     0.2333984375,    -0.5570086104,   -0.04487831844,     0.7848375397,              nan
         0.234375,    -0.5588058813,   -0.04538693212,     0.7848375397,              nan
     0.2353515625,    -0.5605718059,   -0.04589705568,     0.7848375397,              nan
      0.236328125,    -0.5623060107,   -0.04640861572,     0.7848375397,              nan
     0.2373046875,    -0.5640081136,   -0.04692153632,     0.7848375397,              nan
       0.23828125,    -0.5656777285,   -0.04743573914,     0.7848375397,              nan
     0.2392578125,    -0.5673144665,    -0.0479511437,     0.7848375397,              nan
      0.240234375,    -0.5689179414,   -0.04846766752,     0.7848375397,              nan
     0.2412109375,     -0.570487771,    -0.0489852263,     0.7848375397,              nan
        0.2421875,      -0.57202358,   -0.04950373442,     0.7848375397,              nan
     0.2431640625,    -0.5735250036,   -0.05002310511,     0.7848375397,              nan
      0.244140625,    -0.5749916921,   -0.05054325084,     0.7848375397,              nan
     0.2451171875,    -0.5764233128,   -0.05106408355,     0.7848375397,              nan
       0.24609375,    -0.5778195544,   -0.05158551505,     0.7848375397,              nan
     0.2470703125,    -0.5791801301,   -0.05210745741,     0.7848375397,              nan
      0.248046875,    -0.5805047809,   -0.05262982333,     0.7848375397,              nan
     0.2490234375,     -0.581793279,    -0.0531525265,     0.7848375397,              nan
             0.25,    -0.5830454318,   -0.05367548188,     0.7848375397,              nan
     0.2509765625,    -0.5842610835,   -0.05419860647,     0.7848375397,              nan
      0.251953125,    -0.5854401172,   -0.05472181918,     0.7848375397,              nan
     0.2529296875,    -0.5865824596,   -0.05524504184,     0.7848375397,              nan
       0.25390625,    -0.5876880811,   -0.05576819875,     0.7848375397,              nan
     0.2548828125,    -0.5887569964,   -0.05629121754,     0.7848375397,              nan
      0.255859375,    -0.5897892653,   -0.05681402925,     0.7848375397,              nan
     0.2568359375,    -0.5907849929,   -0.05733656832,     0.7848375397,              nan
        0.2578125,    -0.5917443296,   -0.05785877323,     0.7848375397,              nan
     0.2587890625,    -0.5926674673,   -0.05838058622,     0.7848375397,              nan
      0.259765625,    -0.5935546388,   -0.05890195333,     0.7848375397,              nan
     0.2607421875,    -0.5944061141,   -0.05942282435,     0.7848375397,              nan
       0.26171875,    -0.5952221971,   -0.05994315268,     0.7848375397,              nan
     0.2626953125,    -0.5960032204,   -0.06046289515,     0.7848375397,              nan
      0.263671875,    -0.5967495411,    -0.0609820117,     0.7848375397,              nan
     0.2646484375,    -0.5974615356,   -0.06150046512,     0.7848375397,              nan
         0.265625,    -0.5981395947,   -0.06201822086,     0.7848375397,              nan
     0.2666015625,    -0.5987841159,   -0.06253524585,     0.7848375397,              nan
      0.267578125,    -0.5993955013,    -0.0630515091,     0.7848375397,              nan
     0.2685546875,    -0.5999741487,   -0.06356698075,     0.7848375397,              nan
       0.26953125,    -0.6005204493,   -0.06408163165,     0.7848375397,              nan
     0.2705078125,    -0.6010347816,   -0.06459543308,     0.7848375397,              nan
      0.271484375,    -0.6015175065,   -0.06510835604,     0.7848375397,              nan
     0.2724609375,    -0.6019689643,   -0.06562037093,     0.7848375397,              nan
        0.2734375,    -0.6023894721,   -0.06613144754,     0.7848375397,              nan
     0.2744140625,    -0.6027793212,   -0.06664155474,     0.7848375397,              nan
      0.275390625,    -0.6031387734,   -0.06715065962,     0.7848375397,              nan
     0.2763671875,    -0.6034680633,    -0.0676587281,     0.7848375397,              nan
       0.27734375,    -0.6037673947,   -0.06816572414,     0.7848375397,              nan
     0.2783203125,    -0.6040369419,   -0.06867160991,     0.7848375397,              nan
      0.279296875,    -0.6042768514,   -0.06917634596,     0.7848375397,              nan
     0.2802734375,    -0.6044872409,   -0.06967989082,     0.7848375397,              nan
          0.28125,    -0.6046682017,   -0.07018220125,     0.7848375397,              nan
     0.2822265625,    -0.6048198013,   -0.07068323231,     0.7848375397,              nan
      0.283203125,    -0.6049420854,   -0.07118293751,     0.7848375397,              nan
     0.2841796875,    -0.6050350795,   -0.07168126882,     0.7848375397,              nan
       0.28515625,    -0.6050987916,   -0.07217817686,     0.7848375397,              nan
     0.2861328125,    -0.6051332156,   -0.07267361111,     0.7848375397,              nan
      0.287109375,    -0.6051383336,   -0.07316752006,     0.7848375397,              nan
     0.2880859375,    -0.6051141197,   -0.07365985152,     0.7848375397,              nan
        0.2890625,    -0.6050605429,   -0.07415055281,     0.7848375397,              nan
     0.2900390625,    -0.6049775708,   -0.07463957107,     0.7848375397,              nan
      0.291015625,    -0.6048651724,    -0.0751268535,     0.7848375397,              nan
     0.2919921875,    -0.6047233231,   -0.07561234776,     0.7848375397,              nan
       0.29296875,     -0.604552009,   -0.07609600239,     0.7848375397,              nan
     0.2939453125,    -0.6043512308,   -0.07657776719,     0.7848375397,              nan
      0.294921875,    -0.6041210087,   -0.07705759359,     0.7848375397,              nan
     0.2958984375,    -0.6038613868,    -0.0775354353,     0.7848375397,              nan
         0.296875,     -0.603572439,   -0.07801124875,     0.7848375397,              nan
     0.2978515625,    -0.6032542738,   -0.07848499378,     0.7848375397,              nan
      0.298828125,    -0.6029070396,   -0.07895663419,     0.7848375397,              nan
     0.2998046875,    -0.6025309295,   -0.07942613826,     0.7848375397,              nan
       0.30078125,    -0.6021261853,   -0.07989347936,     0.7848375397,              nan
     0.3017578125,    -0.6016931024,   -0.08035863647,     0.7848375397,              nan
      0.302734375,    -0.6012320332,   -0.08082159471,     0.7848375397,              nan
     0.3037109375,    -0.6007433905,   -0.08128234589,     0.7848375397,              nan
        0.3046875,    -0.6002276496,   -0.08174088887,     0.7848375397,              nan
     0.3056640625,    -0.5996853495,   -0.08219722992,     0.7848375397,              nan
      0.306640625,    -0.5991170932,   -0.08265138287,     0.7848375397,              nan
     0.3076171875,    -0.5985235462,   -0.08310336913,     0.7848375397,              nan
       0.30859375,    -0.5979054338,   -0.08355321767,     0.7848375397,              nan
     0.3095703125,    -0.5972635383,   -0.08400096482,     0.7848375397,              nan
      0.310546875,    -0.5965986941,   -0.08444665396,     0.7848375397,              nan
     0.3115234375,    -0.5959117825,   -0.08489033507,     0.7848375397,              nan
           0.3125,    -0.5952037241,   -0.08533206409,     0.7848375397,              nan
     0.3134765625,    -0.5944754725,   -0.08577190227,     0.7848375397,              nan
      0.314453125,    -0.5937280074,   -0.08620991567,     0.7848375397,              nan
     0.3154296875,    -0.5929623276,   -0.08664617442,     0.7848375397,              nan
       0.31640625,    -0.5921794432,   -0.08708075197,     0.7848375398,              nan
     0.3173828125,    -0.5913803675,    -0.0875137242,     0.7848375398,              nan
      0.318359375,    -0.5905661121,   -0.08794516891,     0.7848375398,              nan
     0.3193359375,    -0.5897376815,    -0.0883751653,     0.7848375398,              nan
        0.3203125,    -0.5888960697,   -0.08880379359,     0.7848375398,              nan
     0.3212890625,    -0.5880422576,   -0.08923113476,     0.7848375398,              nan
      0.322265625,     -0.587177213,   -0.08965727069,     0.7848375398,              nan
     0.3232421875,    -0.5863019507,   -0.09008229952,     0.7848375398,              nan
       0.32421875,    -0.5854173439,   -0.09050628819,     0.7848375398,              nan
     0.3251953125,    -0.5845242958,   -0.09092931131,     0.7848375398,              nan
      0.326171875,    -0.5836238217,   -0.09135147408,     0.7848375398,              nan
     0.3271484375,    -0.5827168552,   -0.09177286635,     0.7848375398,              nan
         0.328125,    -0.5818043708,   -0.09219358656,     0.7848375398,              nan
     0.3291015625,    -0.5808873716,   -0.09261373946,     0.7848375398,              nan
      0.330078125,    -0.5799669008,    -0.0930334376,     0.7848375398,              nan
     0.3310546875,    -0.5790440522,   -0.09345280297,     0.7848375398,              nan
       0.33203125,    -0.5781199818,    -0.0938719686,     0.7848375398,              nan
     0.3330078125,    -0.5771959181,   -0.09429108008,     0.7848375398,              nan
      0.333984375,    -0.5762731696,   -0.09471029681,     0.7848375398,              nan
     0.3349609375,    -0.5753531326,   -0.09512979311,     0.7848375398,              nan
        0.3359375,    -0.5744372963,   -0.09554975928,     0.7848375398,              nan
     0.3369140625,     -0.573527246,   -0.09597040219,     0.7848375398,              nan
      0.337890625,    -0.5726246638,   -0.09639194572,     0.7848375398,              nan
     0.3388671875,    -0.5717313254,   -0.09681463068,     0.7848375398,              nan
       0.33984375,    -0.5708490951,   -0.09723871443,     0.7848375398,              nan
     0.3408203125,    -0.5699799174,   -0.09766447008,     0.7848375398,              nan
      0.341796875,    -0.5691258056,   -0.09809218531,     0.7848375398,              nan
     0.3427734375,    -0.5682888284,   -0.09852216076,     0.7848375398,              nan
          0.34375,     -0.567471093,   -0.09895470814,     0.7848375398,              nan
     0.3447265625,    -0.5666747266,   -0.09939014795,     0.7848375398,              nan
      0.345703125,    -0.5659018566,   -0.09982880688,     0.7848375398,              nan
     0.3466796875,    -0.5651545876,     -0.100271015,     0.7848375398,              nan
       0.34765625,    -0.5644349798,    -0.1007171028,     0.7848375398,              nan
     0.3486328125,    -0.5637450249,    -0.1011673978,     0.7848375398,              nan
      0.349609375,    -0.5630866238,    -0.1016222217,     0.7848375398,              nan
     0.3505859375,    -0.5624615641,    -0.1020818871,     0.7848375398,              nan
        0.3515625,    -0.5618714991,    -0.1025466942,     0.7848375398,              nan
     0.3525390625,    -0.5613179288,    -0.1030169281,     0.7848375398,              nan
      0.353515625,    -0.5608021823,     -0.103492856,     0.7848375398,              nan
     0.3544921875,    -0.5603254038,     -0.103974725,     0.7848375398,              nan
       0.35546875,    -0.5598885408,    -0.1044627594,     0.7848375398,              nan
     0.3564453125,    -0.5594923358,    -0.1049571599,     0.7848375398,              nan
      0.357421875,    -0.5591373208,    -0.1054581014,     0.7848375398,              nan
     0.3583984375,    -0.5588238159,    -0.1059657327,     0.7848375398,              nan
         0.359375,    -0.5585519304,    -0.1064801759,     0.7848375398,              nan
     0.3603515625,     -0.558321568,    -0.1070015262,     0.7848375398,              nan
      0.361328125,     -0.558132435,    -0.1075298526,     0.7848375398,              nan
     0.3623046875,    -0.5579840519,    -0.1080651988,     0.7848375398,              nan
       0.36328125,    -0.5578757656,    -0.1086075844,     0.7848375398,              nan
     0.3642578125,    -0.5578067658,     -0.109157006,     0.7848375398,              nan
      0.365234375,    -0.5577761019,    -0.1097134396,     0.7848375398,              nan
     0.3662109375,    -0.5577827033,    -0.1102768425,     0.7848375398,              nan
        0.3671875,    -0.5578254003,    -0.1108471558,     0.7848375398,              nan
     0.3681640625,    -0.5579029448,    -0.1114243073,     0.7848375398,              nan
      0.369140625,    -0.5580140318,    -0.1120082133,     0.7848375398,              nan
     0.3701171875,    -0.5581573194,    -0.1125987822,     0.7848375398,              nan
       0.37109375,     -0.558331449,     -0.113195916,     0.7848375398,              nan
     0.3720703125,    -0.5585350644,    -0.1137995137,     0.7848375398,              nan
      0.373046875,    -0.5587668306,    -0.1144094731,     0.7848375398,              nan
     0.3740234375,    -0.5590254519,    -0.1150256942,     0.7848375398,              nan
            0.375,    -0.5593096877,     -0.115648081,     0.7848375398,              nan
     0.3759765625,    -0.5596183653,    -0.1162765436,     0.7848375398,              nan
      0.376953125,    -0.5599503899,        -0.116911,     0.7848375398,              nan
     0.3779296875,    -0.5603047545,    -0.1175513772,     0.7848375398,              nan
       0.37890625,    -0.5606805466,    -0.1181976128,     0.7848375398,              nan
     0.3798828125,    -0.5610769545,    -0.1188496566,     0.7848375398,              nan
      0.380859375,    -0.5614932705,    -0.1195074704,     0.7848375398,              nan
     0.3818359375,    -0.5619288923,    -0.1201710297,     0.7848375398,              nan
        0.3828125,    -0.5623833226,    -0.1208403234,     0.7848375398,              nan
     0.3837890625,    -0.5628561648,    -0.1215153537,     0.7848375398,              nan
      0.384765625,    -0.5633471193,    -0.1221961358,     0.7848375398,              nan
     0.3857421875,    -0.5638559808,    -0.1228826983,     0.7848375398,              nan
       0.38671875,    -0.5643826374,     -0.123575083,     0.7848375398,              nan
     0.3876953125,     -0.564927066,    -0.1242733455,     0.7848375398,              nan
      0.388671875,    -0.5654893241,    -0.1249775534,     0.7848375398,              nan
     0.3896484375,    -0.5660695377,    -0.1256877855,     0.7848375398,              nan
         0.390625,    -0.5666678927,    -0.1264041303,     0.7848375398,              nan
     0.3916015625,    -0.5672846299,    -0.1271266858,     0.7848375398,              nan
      0.392578125,    -0.5679200391,    -0.1278555588,     0.7848375398,              nan
     0.3935546875,    -0.5685744544,    -0.1285908643,     0.7848375398,              nan
       0.39453125,    -0.5692482477,     -0.129332725,     0.7848375398,              nan
     0.3955078125,    -0.5699418217,      -0.13008127,     0.7848375398,              nan
      0.396484375,       -0.5706556,    -0.1308366336,     0.7848375398,              nan
     0.3974609375,    -0.5713900205,    -0.1315989539,     0.7848375398,              nan
        0.3984375,    -0.5721455323,    -0.1323683726,     0.7848375398,              nan
     0.3994140625,    -0.5729225947,     -0.133145035,     0.7848375398,              nan
      0.400390625,    -0.5737216767,    -0.1339290895,     0.7848375398,              nan
     0.4013671875,    -0.5745432524,    -0.1347206876,     0.7848375398,              nan
       0.40234375,     -0.575387797,    -0.1355199824,     0.7848375398,              nan
     0.4033203125,    -0.5762557827,     -0.136327128,     0.7848375398,              nan
      0.404296875,     -0.577147674,    -0.1371422784,     0.7848375398,              nan
     0.4052734375,    -0.5780639255,    -0.1379655867,     0.7848375398,              nan
          0.40625,    -0.5790049814,    -0.1387972054,     0.7848375398,              nan
     0.4072265625,    -0.5799712767,    -0.1396372861,     0.7848375398,              nan
      0.408203125,    -0.5809632381,    -0.1404859797,     0.7848375398,              nan
     0.4091796875,    -0.5819812832,    -0.1413434363,     0.7848375398,              nan
       0.41015625,    -0.5830258186,    -0.1422098037,     0.7848375398,              nan
     0.4111328125,    -0.5840972339,    -0.1430852269,     0.7848375398,              nan
      0.412109375,    -0.5851958976,     -0.143969847,     0.7848375398,              nan
     0.4130859375,    -0.5863221584,    -0.1448638012,     0.7848375398,              nan
        0.4140625,    -0.5874763515,    -0.1457672234,     0.7848375398,              nan
     0.4150390625,    -0.5886588025,     -0.146680245,     0.7848375398,              nan
      0.416015625,    -0.5898698226,    -0.1476029936,     0.7848375398,              nan
     0.4169921875,    -0.5911097001,    -0.1485355921,     0.7848375398,              nan
       0.41796875,    -0.5923786943,    -0.1494781567,     0.7848375398,              nan
     0.4189453125,    -0.5936770358,    -0.1504307969,     0.7848375398,              nan
      0.419921875,    -0.5950049284,    -0.1513936154,     0.7848375398,              nan
     0.4208984375,    -0.5963625486,    -0.1523667082,     0.7848375398,              nan
         0.421875,    -0.5977500428,    -0.1533501646,     0.7848375398,              nan
     0.4228515625,    -0.5991675249,    -0.1543440667,     0.7848375398,              nan
      0.423828125,    -0.6006150758,    -0.1553484888,     0.7848375398,              nan
     0.4248046875,     -0.602092745,    -0.1563634972,     0.7848375398,              nan
       0.42578125,    -0.6036005498,      -0.15738915,     0.7848375398,              nan
     0.4267578125,    -0.6051384724,    -0.1584254965,     0.7848375398,              nan
      0.427734375,    -0.6067064571,     -0.159472577,     0.7848375398,              nan
     0.4287109375,    -0.6083044085,    -0.1605304222,     0.7848375398,              nan
        0.4296875,    -0.6099321925,     -0.161599053,     0.7848375398,              nan
     0.4306640625,    -0.6115896363,    -0.1626784812,     0.7848375398,              nan
      0.431640625,    -0.6132765294,    -0.1637687096,     0.7848375398,              nan
     0.4326171875,    -0.6149926241,    -0.1648697322,     0.7848375398,              nan
       0.43359375,    -0.6167376368,    -0.1659815353,     0.7848375398,              nan
     0.4345703125,    -0.6185112509,    -0.1671040971,     0.7848375398,              nan
      0.435546875,    -0.6203131194,    -0.1682373886,     0.7848375398,              nan
     0.4365234375,     -0.622142867,    -0.1693813743,     0.7848375398,              nan
           0.4375,    -0.6240000922,    -0.1705360121,     0.7848375398,              nan
     0.4384765625,    -0.6258843693,     -0.171701255,     0.7848375398,              nan
      0.439453125,    -0.6277952516,    -0.1728770508,     0.7848375398,              nan
     0.4404296875,     -0.629732274,    -0.1740633435,     0.7848375398,              nan
       0.44140625,    -0.6316949575,    -0.1752600736,     0.7848375398,              nan
     0.4423828125,    -0.6336828114,    -0.1764671791,     0.7848375398,              nan
      0.443359375,     -0.635695338,    -0.1776845967,     0.7848375398,              nan
     0.4443359375,     -0.637732035,    -0.1789122624,     0.7848375398,              nan
        0.4453125,    -0.6397923995,    -0.1801501125,     0.7848375398,              nan
     0.4462890625,    -0.6418759307,    -0.1813980847,     0.7848375398,              nan
      0.447265625,    -0.6439821323,    -0.1826561187,     0.7848375398,              nan
     0.4482421875,    -0.6461105158,    -0.1839241567,     0.7848375398,              nan
       0.44921875,    -0.6482606025,    -0.1852021444,     0.7848375398,              nan
     0.4501953125,    -0.6504319263,    -0.1864900312,     0.7848375398,              nan
      0.451171875,    -0.6526240353,    -0.1877877712,     0.7848375398,              nan
     0.4521484375,    -0.6548364938,    -0.1890953231,     0.7848375398,              nan
         0.453125,    -0.6570688828,    -0.1904126509,     0.7848375398,              nan
     0.4541015625,     -0.659320801,    -0.1917397239,     0.7848375398,              nan
      0.455078125,    -0.6615918644,     -0.193076517,     0.7848375398,              nan
     0.4560546875,    -0.6638817068,    -0.1944230102,     0.7848375398,              nan
       0.45703125,    -0.6661899784,    -0.1957791889,     0.7848375398,              nan
     0.4580078125,    -0.6685163455,    -0.1971450435,     0.7848375398,              nan
      0.458984375,    -0.6708604883,    -0.1985205688,     0.7848375398,              nan
     0.4599609375,    -0.6732220995,    -0.1999057635,     0.7848375398,              nan
        0.4609375,    -0.6756008818,    -0.2013006299,     0.7848375398,              nan
     0.4619140625,    -0.6779965455,    -0.2027051725,     0.7848375398,              nan
      0.462890625,    -0.6804088048,    -0.2041193973,     0.7848375398,              nan
     0.4638671875,     -0.682837375,     -0.205543311,     0.7848375398,              nan
       0.46484375,    -0.6852816919,     -0.206976765,     0.7848375398,              nan
     0.4658203125,    -0.6877420912,    -0.2084200854,     0.7848375398,              nan
      0.466796875,    -0.6902178524,    -0.2098730948,     0.7848375398,              nan
     0.4677734375,    -0.6927087107,     -0.211335801,     0.7848375398,              nan
          0.46875,    -0.6952143372,    -0.2128081966,     0.7848375398,              nan
     0.4697265625,     -0.697734365,    -0.2142902632,     0.7848375398,              nan
      0.470703125,    -0.7002684076,    -0.2157819763,     0.7848375398,              nan
     0.4716796875,    -0.7028160458,     -0.217283301,     0.7848375398,              nan
       0.47265625,    -0.7053768261,    -0.2187941912,     0.7848375398,              nan
     0.4736328125,    -0.7079502555,    -0.2203145878,     0.7848375398,              nan
      0.474609375,       -0.7105358,    -0.2218444178,     0.7848375398,              nan
     0.4755859375,    -0.7131328818,    -0.2233835932,     0.7848375398,              nan
        0.4765625,    -0.7157408771,    -0.2249320099,     0.7848375398,              nan
     0.4775390625,    -0.7183591148,    -0.2264895471,     0.7848375398,              nan
      0.478515625,    -0.7209868746,    -0.2280560663,     0.7848375398,              nan
     0.4794921875,    -0.7236233875,    -0.2296314109,     0.7848375398,              nan
       0.48046875,    -0.7262678353,    -0.2312154061,     0.7848375398,              nan
     0.4814453125,    -0.7289193515,    -0.2328078581,     0.7848375398,              nan
      0.482421875,     -0.731577022,    -0.2344085547,     0.7848375398,              nan
     0.4833984375,    -0.7342398877,    -0.2360172651,     0.7848375398,              nan
         0.484375,    -0.7369069459,    -0.2376337404,     0.7848375398,              nan
     0.4853515625,    -0.7395771539,    -0.2392577142,     0.7848375398,              nan
      0.486328125,    -0.7422494313,    -0.2408889031,     0.7848375398,              nan
     0.4873046875,    -0.7449226642,    -0.2425270077,     0.7848375398,              nan
       0.48828125,    -0.7475957082,     -0.244171713,     0.7848375398,              nan
     0.4892578125,    -0.7502673924,    -0.2458226898,     0.7848375398,              nan
      0.490234375,    -0.7529365227,    -0.2474795956,     0.7848375398,              nan
     0.4912109375,    -0.7556018857,    -0.2491420752,     0.7848375398,              nan
        0.4921875,    -0.7582622516,    -0.2508097623,     0.7848375398,              nan
     0.4931640625,    -0.7609163779,    -0.2524822795,     0.7848375398,              nan
      0.494140625,    -0.7635630112,    -0.2541592401,     0.7848375398,              nan
     0.4951171875,    -0.7662008905,    -0.2558402479,     0.7848375398,              nan
       0.49609375,    -0.7688287481,    -0.2575248987,     0.7848375398,              nan
     0.4970703125,    -0.7714453113,    -0.2592127799,     0.7848375398,              nan
      0.498046875,    -0.7740493031,    -0.2609034714,     0.7848375398,              nan
     0.4990234375,    -0.7766394424,    -0.2625965453,     0.7848375398,              nan
              0.5,    -0.7792144438,    -0.2642915665,     0.7848375398,              nan
     0.5009765625,    -0.7817730167,    -0.2659880917,     0.7848375398,              nan
      0.501953125,    -0.7843138647,      -0.26768567,     0.7848375398,              nan
     0.5029296875,    -0.7868356844,    -0.2693838422,     0.7848375398,              nan
       0.50390625,    -0.7893371637,    -0.2710821402,     0.7848375398,              nan
     0.5048828125,     -0.791816981,     -0.272780087,     0.7848375398,              nan
      0.505859375,    -0.7942738033,    -0.2744771961,     0.7848375398,              nan
     0.5068359375,    -0.7967062858,     -0.276172971,     0.7848375398,              nan
        0.5078125,    -0.7991130708,    -0.2778669051,     0.7848375398,              nan
     0.5087890625,    -0.8014927879,    -0.2795584817,     0.7848375398,              nan
      0.509765625,    -0.8038440544,     -0.281247174,     0.7848375398,              nan
     0.5107421875,    -0.8061654768,    -0.2829324454,     0.7848375398,              nan
       0.51171875,    -0.8084556527,    -0.2846137502,     0.7848375398,              nan
     0.5126953125,    -0.8107131746,    -0.2862905344,     0.7848375398,              nan
      0.513671875,    -0.8129366332,    -0.2879622372,     0.7848375398,              nan
     0.5146484375,     -0.815124622,    -0.2896282922,     0.7848375398,              nan
         0.515625,    -0.8172757444,    -0.2912881284,     0.7848375398,              nan
     0.5166015625,    -0.8193886274,    -0.2929411793,     0.7848375398,              nan
      0.517578125,    -0.8214619142,    -0.2945868751,     0.7848375398,              nan
     0.5185546875,    -0.8234942836,    -0.2962246516,     0.7848375398,              nan
       0.51953125,    -0.8254844579,    -0.2978539541,     0.7848375398,              nan
     0.5205078125,     -0.827431212,    -0.2994742365,     0.7848375398,              nan
      0.521484375,     -0.829333388,    -0.3010849718,     0.7848375398,              nan
     0.5224609375,    -0.8311898998,    -0.3026856513,     0.7848375398,              nan
        0.5234375,     -0.832999745,    -0.3042757901,     0.7848375398,              nan
     0.5244140625,    -0.8347620129,    -0.3058549294,     0.7848375398,              nan
      0.525390625,    -0.8364758989,    -0.3074226426,     0.7848375398,              nan
     0.5263671875,    -0.8381407152,      -0.30897854,     0.7848375399,              nan
       0.52734375,    -0.8397558921,    -0.3105222692,     0.7848375399,              nan
     0.5283203125,    -0.8413209875,      -0.31205352,     0.7848375399,              nan
      0.529296875,    -0.8428356925,     -0.313572027,     0.7848375399,              nan
     0.5302734375,    -0.8442998354,    -0.3150775721,     0.7848375399,              nan
          0.53125,    -0.8457133858,    -0.3165699867,     0.7848375399,              nan
     0.5322265625,    -0.8470764558,    -0.3180491533,     0.7848375399,              nan
      0.533203125,    -0.8483892984,    -0.3195150062,     0.7848375399,              nan
     0.5341796875,    -0.8496523055,    -0.3209675313,     0.7848375399,              nan
       0.53515625,    -0.8508660032,    -0.3224067663,     0.7848375399,              nan
     0.5361328125,    -0.8520310462,    -0.3238327991,     0.7848375399,              nan
      0.537109375,    -0.8531482099,    -0.3252457662,     0.7848375399,              nan
     0.5380859375,    -0.8542183819,    -0.3266458504,     0.7848375399,              nan
        0.5390625,    -0.8552425512,    -0.3280332778,     0.7848375399,              nan
     0.5400390625,    -0.8562217971,    -0.3294083147,     0.7848375399,              nan
      0.541015625,    -0.8571572763,    -0.3307712635,     0.7848375399,              nan
     0.5419921875,    -0.8580502091,    -0.3321224582,     0.7848375399,              nan
       0.54296875,    -0.8589018652,    -0.3334622598,     0.7848375399,              nan
     0.5439453125,    -0.8597135495,    -0.3347910514,     0.7848375399,              nan
      0.544921875,    -0.8604865866,    -0.3361092325,     0.7848375399,              nan
     0.5458984375,    -0.8612223064,    -0.3374172143,     0.7848375399,              nan
         0.546875,    -0.8619220296,    -0.3387154137,     0.7848375399,              nan
     0.5478515625,    -0.8625870533,    -0.3400042482,     0.7848375399,              nan
      0.548828125,    -0.8632186375,    -0.3412841306,     0.7848375399,              nan
     0.5498046875,    -0.8638179935,     -0.342555464,     0.7848375399,              nan
       0.55078125,    -0.8643862715,     -0.343818637,     0.7848375399,              nan
     0.5517578125,    -0.8649245498,    -0.3450740191,     0.7848375399,              nan
      0.552734375,     -0.865433826,    -0.3463219562,     0.7848375399,              nan
     0.5537109375,    -0.8659150098,    -0.3475627678,     0.7848375399,              nan
        0.5546875,    -0.8663689161,    -0.3487967432,     0.7848375399,              nan
     0.5556640625,    -0.8667962597,    -0.3500241387,     0.7848375399,              nan
      0.556640625,     -0.867197652,    -0.3512451755,     0.7848375399,              nan
     0.5576171875,    -0.8675735989,    -0.3524600381,     0.7848375399,              nan
       0.55859375,       -0.8679245,     -0.353668873,     0.7848375399,              nan
     0.5595703125,    -0.8682506495,    -0.3548717878,     0.7848375399,              nan
      0.560546875,     -0.868552238,    -0.3560688517,     0.7848375399,              nan
     0.5615234375,    -0.8688293555,     -0.357260095,     0.7848375399,              nan
           0.5625,    -0.8690819956,    -0.3584455107,     0.7848375399,              nan
     0.5634765625,    -0.8693100603,    -0.3596250547,     0.7848375399,              nan
      0.564453125,    -0.8695133663,    -0.3607986483,     0.7848375399,              nan
     0.5654296875,    -0.8696921924,     -0.361966597,     0.7848375399,              nan
       0.56640625,    -0.8698449736,    -0.3631278904,     0.7848375399,              nan
     0.5673828125,    -0.8699721197,    -0.3642828349,     0.7848375399,              nan
      0.568359375,    -0.8700730633,    -0.3654312017,     0.7848375399,              nan
     0.5693359375,    -0.8701472877,    -0.3665727673,     0.7848375399,              nan
        0.5703125,    -0.8701942565,    -0.3677072943,     0.7848375399,              nan
     0.5712890625,    -0.8702133862,    -0.3688345209,     0.7848375399,              nan
      0.572265625,    -0.8702040702,     -0.369954171,     0.7848375399,              nan
     0.5732421875,    -0.8701656836,    -0.3710659555,     0.7848375399,              nan
       0.57421875,    -0.8700975917,    -0.3721695761,     0.7848375399,              nan
     0.5751953125,    -0.8699991553,    -0.3732647265,     0.7848375399,              nan
      0.576171875,    -0.8698697367,    -0.3743510961,     0.7848375399,              nan
     0.5771484375,    -0.8697087061,    -0.3754283713,     0.7848375399,              nan
         0.578125,    -0.8695154478,    -0.3764962388,     0.7848375399,              nan
     0.5791015625,    -0.8692893628,    -0.3775543863,     0.7848375399,              nan
      0.580078125,    -0.8690298642,    -0.3786025021,     0.7848375399,              nan
     0.5810546875,    -0.8687363874,    -0.3796402784,     0.7848375399,              nan
       0.58203125,     -0.868408432,    -0.3806674241,     0.7848375399,              nan
     0.5830078125,    -0.8680455798,    -0.3816836698,     0.7848375399,              nan
      0.583984375,    -0.8676474289,     -0.382688749,     0.7848375399,              nan
     0.5849609375,    -0.8672135127,    -0.3836823753,     0.7848375399,              nan
        0.5859375,    -0.8667433279,    -0.3846642514,     0.7848375399,              nan
     0.5869140625,    -0.8662364605,    -0.3856341069,     0.7848375399,              nan
      0.587890625,    -0.8656926534,     -0.386591719,     0.7848375399,              nan
     0.5888671875,    -0.8651117317,    -0.3875368903,     0.7848375399,              nan
       0.58984375,    -0.8644935138,    -0.3884694214,     0.7848375399,              nan
     0.5908203125,    -0.8638378303,    -0.3893891146,     0.7848375399,              nan
      0.591796875,    -0.8631445804,    -0.3902957925,     0.7848375399,              nan
     0.5927734375,    -0.8624137288,    -0.3911892985,     0.7848375399,              nan
          0.59375,    -0.8616452663,    -0.3920694859,     0.7848375399,              nan
     0.5947265625,    -0.8608391923,    -0.3929362124,     0.7848375399,              nan
      0.595703125,    -0.8599955251,     -0.393789342,     0.7848375399,              nan
     0.5966796875,    -0.8591143256,    -0.3946287531,     0.7848375399,              nan
       0.59765625,    -0.8581957319,      -0.39545435,     0.7848375399,              nan
     0.5986328125,    -0.8572399731,    -0.3962660682,     0.7848375399,              nan
      0.599609375,    -0.8562473351,    -0.3970638632,     0.7848375399,              nan
     0.6005859375,    -0.8552181063,    -0.3978476937,     0.7848375399,              nan
        0.6015625,    -0.8541525673,    -0.3986175174,     0.7848375399,              nan
     0.6025390625,    -0.8530510402,    -0.3993733053,     0.7848375399,              nan
      0.603515625,    -0.8519139424,    -0.4001150599,     0.7848375399,              nan
     0.6044921875,     -0.850741781,    -0.4008428162,     0.7848375399,              nan
       0.60546875,    -0.8495350921,     -0.401556625,     0.7848375399,              nan
     0.6064453125,    -0.8482943953,    -0.4022565391,     0.7848375399,              nan
      0.607421875,    -0.8470202087,    -0.4029426163,     0.7848375399,              nan
     0.6083984375,    -0.8457130919,    -0.4036149316,     0.7848375399,              nan
         0.609375,    -0.8443736598,    -0.4042735794,     0.7848375399,              nan
     0.6103515625,    -0.8430025732,    -0.4049186704,     0.7848375399,              nan
      0.611328125,    -0.8416005326,    -0.4055503318,     0.7848375399,              nan
     0.6123046875,    -0.8401682695,    -0.4061687081,     0.7848375399,              nan
       0.61328125,     -0.838706531,    -0.4067739565,     0.7848375399,              nan
     0.6142578125,     -0.837216062,    -0.4073662403,     0.7848375399,              nan
      0.615234375,    -0.8356975917,    -0.4079457233,     0.7848375399,              nan
     0.6162109375,    -0.8341518351,    -0.4085125682,     0.7848375399,              nan
        0.6171875,      -0.83257952,    -0.4090669469,     0.7848375399,              nan
     0.6181640625,    -0.8309814215,    -0.4096090533,     0.7848375399,              nan
      0.619140625,    -0.8293583577,     -0.410139103,     0.7848375399,              nan
     0.6201171875,    -0.8277111541,    -0.4106573213,     0.7848375399,              nan
       0.62109375,    -0.8260406196,    -0.4111639364,     0.7848375399,              nan
     0.6220703125,    -0.8243475395,    -0.4116591768,     0.7848375399,              nan
      0.623046875,     -0.822632676,    -0.4121432701,     0.7848375399,              nan
     0.6240234375,    -0.8208967833,    -0.4126164472,     0.7848375399,              nan
            0.625,    -0.8191406194,    -0.4130789451,     0.7848375399,              nan
     0.6259765625,    -0.8173649304,    -0.4135310013,     0.7848375399,              nan
      0.626953125,    -0.8155704323,    -0.4139728476,     0.7848375399,              nan
     0.6279296875,     -0.813757819,    -0.4144047129,     0.7848375399,              nan
       0.62890625,    -0.8119277784,    -0.4148268309,     0.7848375399,              nan
     0.6298828125,    -0.8100810059,     -0.415239446,     0.7848375399,              nan
      0.630859375,    -0.8082182082,    -0.4156428145,     0.7848375399,              nan
     0.6318359375,    -0.8063400796,    -0.4160371952,     0.7848375399,              nan
        0.6328125,    -0.8044472858,     -0.416422843,     0.7848375399,              nan
     0.6337890625,    -0.8025404861,    -0.4168000165,     0.7848375399,              nan
      0.634765625,    -0.8006203389,    -0.4171689794,     0.7848375399,              nan
     0.6357421875,    -0.7986874957,    -0.4175299975,     0.7848375399,              nan
       0.63671875,    -0.7967425999,    -0.4178833382,     0.7848375399,              nan
     0.6376953125,    -0.7947862743,    -0.4182292666,     0.7848375399,              nan
      0.638671875,    -0.7928191376,    -0.4185680508,     0.7848375399,              nan
     0.6396484375,    -0.7908418329,    -0.4188999721,     0.7848375399,              nan
         0.640625,     -0.788855028,    -0.4192253251,     0.7848375399,              nan
     0.6416015625,    -0.7868594033,    -0.4195444138,     0.7848375399,              nan
      0.642578125,    -0.7848556491,    -0.4198575506,     0.7848375399,              nan
     0.6435546875,    -0.7828444776,    -0.4201650604,     0.7848375399,              nan
       0.64453125,    -0.7808266452,    -0.4204672891,     0.7848375399,              nan
     0.6455078125,    -0.7788029433,    -0.4207645998,     0.7848375399,              nan
      0.646484375,    -0.7767741734,     -0.421057362,     0.7848375399,              nan
     0.6474609375,    -0.7747411452,    -0.4213459507,     0.7848375399,              nan
        0.6484375,    -0.7727046928,    -0.4216307521,     0.7848375399,              nan
     0.6494140625,    -0.7706656897,      -0.42191217,     0.7848375399,              nan
      0.650390625,    -0.7686250517,    -0.4221906271,     0.7848375399,              nan
     0.6513671875,     -0.766583732,    -0.4224665634,     0.7848375399,              nan
       0.65234375,    -0.7645427186,    -0.4227404344,     0.7848375399,              nan
     0.6533203125,    -0.7625030361,    -0.4230127115,     0.7848375399,              nan
      0.654296875,    -0.7604657456,    -0.4232838819,     0.7848375399,              nan
     0.6552734375,    -0.7584319415,    -0.4235544469,     0.7848375399,              nan
          0.65625,    -0.7564027481,    -0.4238249209,     0.7848375399,              nan
     0.6572265625,     -0.754379321,    -0.4240958325,     0.7848375399,              nan
      0.658203125,    -0.7523628448,    -0.4243677233,     0.7848375399,              nan
     0.6591796875,    -0.7503545296,    -0.4246411463,     0.7848375399,              nan
       0.66015625,    -0.7483556068,     -0.424916664,     0.7848375399,              nan
     0.6611328125,     -0.746367328,    -0.4251948475,     0.7848375399,              nan
      0.662109375,    -0.7443909618,    -0.4254762755,     0.7848375399,              nan
     0.6630859375,    -0.7424277901,    -0.4257615335,     0.7848375399,              nan
        0.6640625,    -0.7404791059,    -0.4260512121,     0.7848375399,              nan
     0.6650390625,      -0.73854621,    -0.4263459065,     0.7848375399,              nan
      0.666015625,    -0.7366304079,    -0.4266462147,     0.7848375399,              nan
     0.6669921875,     -0.734733007,    -0.4269527369,     0.7848375399,              nan
       0.66796875,     -0.732855313,    -0.4272660736,     0.7848375399,              nan
     0.6689453125,    -0.7309986272,    -0.4275868253,     0.7848375399,              nan
      0.669921875,    -0.7291642441,    -0.4279155905,     0.7848375399,              nan
     0.6708984375,     -0.727353448,    -0.4282529654,     0.7848375399,              nan
         0.671875,    -0.7255675112,    -0.4285995425,     0.7848375399,              nan
     0.6728515625,     -0.723807692,    -0.4289559104,     0.7848375399,              nan
      0.673828125,    -0.7220752318,    -0.4293226524,     0.7848375399,              nan
     0.6748046875,    -0.7203713541,     -0.429700346,     0.7848375399,              nan
       0.67578125,    -0.7186972616,    -0.4300895623,     0.7848375399,              nan
     0.6767578125,    -0.7170541349,    -0.4304908648,     0.7848375399,              nan
      0.677734375,    -0.7154431291,    -0.4309048085,     0.7848375399,              nan
     0.6787109375,    -0.7138653731,    -0.4313319395,     0.7848375399,              nan
        0.6796875,    -0.7123219681,    -0.4317727942,     0.7848375399,              nan
     0.6806640625,     -0.710813981,    -0.4322278965,     0.7848375399,              nan
      0.681640625,    -0.7093424397,    -0.4326977553,     0.7848375399,              nan
     0.6826171875,    -0.7079083354,    -0.4331828663,     0.7848375399,              nan
       0.68359375,    -0.7065126221,    -0.4336837113,     0.7848375399,              nan
     0.6845703125,    -0.7051562095,    -0.4342007555,     0.7848375399,              nan
      0.685546875,    -0.7038399575,    -0.4347344448,     0.7848375399,              nan
     0.6865234375,    -0.7025646736,    -0.4352852038,     0.7848375399,              nan
           0.6875,    -0.7013311077,    -0.4358534335,     0.7848375399,              nan
     0.6884765625,    -0.7001399433,    -0.4364395072,     0.7848375399,              nan
      0.689453125,    -0.6989917932,    -0.4370437696,     0.7848375399,              nan
     0.6904296875,    -0.6978871997,     -0.437666537,     0.7848375399,              nan
       0.69140625,    -0.6968266379,    -0.4383080987,     0.7848375399,              nan
     0.6923828125,    -0.6958105218,    -0.4389687182,     0.7848375399,              nan
      0.693359375,    -0.6948391798,    -0.4396486212,     0.7848375399,              nan
     0.6943359375,    -0.6939128277,    -0.4403479838,     0.7848375399,              nan
        0.6953125,    -0.6930315763,    -0.4410669367,     0.7848375399,              nan
     0.6962890625,    -0.6921954541,    -0.4418055759,     0.7848375399,              nan
      0.697265625,    -0.6914044124,    -0.4425639636,     0.7848375399,              nan
     0.6982421875,    -0.6906583012,    -0.4433421164,     0.7848375399,              nan
       0.69921875,    -0.6899568417,    -0.4441399917,     0.7848375399,              nan
     0.7001953125,    -0.6892996242,    -0.4449574867,     0.7848375399,              nan
      0.701171875,    -0.6886861272,    -0.4457944477,     0.7848375399,              nan
     0.7021484375,     -0.688115757,    -0.4466506914,     0.7848375399,              nan
         0.703125,    -0.6875878868,    -0.4475260249,     0.7848375399,              nan
     0.7041015625,    -0.6871018357,    -0.4484202315,     0.7848375399,              nan
      0.705078125,    -0.6866567827,    -0.4493330272,     0.7848375399,              nan
     0.7060546875,    -0.6862517434,     -0.450264053,     0.7848375399,              nan
       0.70703125,    -0.6858856587,    -0.4512129222,     0.7848375399,              nan
     0.7080078125,    -0.6855574375,    -0.4521792365,     0.7848375399,              nan
      0.708984375,    -0.6852659191,    -0.4531625568,     0.7848375399,              nan
     0.7099609375,    -0.6850098638,     -0.454162394,     0.7848375399,              nan
        0.7109375,    -0.6847879898,    -0.4551782326,     0.7848375399,              nan
     0.7119140625,    -0.6845990097,    -0.4562095557,     0.7848375399,              nan
      0.712890625,    -0.6844416427,    -0.4572558569,     0.7848375399,              nan
     0.7138671875,    -0.6843145951,    -0.4583166334,     0.7848375399,              nan
       0.71484375,    -0.6842165603,    -0.4593913798,     0.7848375399,              nan
     0.7158203125,    -0.6841462491,    -0.4604795961,     0.7848375399,              nan
      0.716796875,    -0.6841023902,    -0.4615807911,     0.7848375399,              nan
     0.7177734375,    -0.6840837521,     -0.462694503,     0.7848375399,              nan
          0.71875,     -0.684089243,    -0.4638203504,     0.7848375399,              nan
     0.7197265625,     -0.684117911,    -0.4649580158,     0.7848375399,              nan
      0.720703125,    -0.6841687442,    -0.4661071258,     0.7848375399,              nan
     0.7216796875,    -0.6842405781,    -0.4672672107,     0.7848375399,              nan
       0.72265625,    -0.6843323215,    -0.4684378369,     0.7848375399,              nan
     0.7236328125,    -0.6844432003,    -0.4696187368,     0.7848375399,              nan
      0.724609375,    -0.6845727301,     -0.470809793,     0.7848375399,              nan
     0.7255859375,    -0.6847204959,    -0.4720109387,     0.7848375399,              nan
        0.7265625,      -0.68488592,    -0.4732220475,     0.7848375399,              nan
     0.7275390625,    -0.6850682559,     -0.474442911,     0.7848375399,              nan
      0.728515625,    -0.6852669721,    -0.4756734029,     0.7848375399,              nan
     0.7294921875,    -0.6854821579,    -0.4769136851,     0.7848375399,              nan
       0.73046875,    -0.6857143851,    -0.4781641656,     0.7848375399,              nan
     0.7314453125,    -0.6859640705,    -0.4794251891,     0.7848375399,              nan
      0.732421875,    -0.6862310419,    -0.4806968002,     0.7848375399,              nan
     0.7333984375,    -0.6865148186,     -0.481978867,     0.7848375399,              nan
         0.734375,    -0.6868152796,    -0.4832714269,     0.7848375399,              nan
     0.7353515625,    -0.6871330008,    -0.4845748818,     0.7848375399,              nan
      0.736328125,    -0.6874690119,    -0.4858898865,     0.7848375399,              nan
     0.7373046875,    -0.6878243086,    -0.4872170864,     0.7848375399,              nan
       0.73828125,    -0.6881995487,    -0.4885569411,     0.7848375399,              nan
     0.7392578125,    -0.6885950755,    -0.4899097292,     0.7848375399,              nan
      0.740234375,    -0.6890105688,    -0.4912749709,     0.7848375399,              nan
     0.7412109375,    -0.6894472129,      -0.49265379,     0.7848375399,              nan
        0.7421875,    -0.6899059272,    -0.4940471368,     0.7848375399,              nan
     0.7431640625,    -0.6903867928,    -0.4954548489,     0.7848375399,              nan
      0.744140625,    -0.6908908501,     -0.496877596,     0.7848375399,              nan
     0.7451171875,    -0.6914189539,    -0.4983159532,     0.7848375399,              nan
       0.74609375,    -0.6919719024,     -0.499770466,     0.7848375399,              nan
     0.7470703125,    -0.6925504013,    -0.5012416243,     0.7848375399,              nan
      0.748046875,    -0.6931550731,    -0.5027298669,     0.7848375399,              nan
     0.7490234375,    -0.6937864768,     -0.504235594,     0.7848375399,              nan
             0.75,    -0.6944451238,    -0.5057591779,     0.7848375399,              nan
     0.7509765625,    -0.6951320717,     -0.507301707,     0.7848375399,              nan
      0.751953125,    -0.6958469352,    -0.5088626402,     0.7848375399,              nan
     0.7529296875,    -0.6965897794,    -0.5104417318,     0.7848375399,              nan
       0.75390625,    -0.6973616655,    -0.5120399977,     0.7848375399,              nan
     0.7548828125,    -0.6981626983,    -0.5136575993,     0.7848375399,              nan
      0.755859375,    -0.6989930916,    -0.5152947513,     0.7848375399,              nan
     0.7568359375,    -0.6998529663,    -0.5169516084,     0.7848375399,              nan
        0.7578125,    -0.7007423651,    -0.5186282785,     0.7848375399,              nan
     0.7587890625,    -0.7016612595,    -0.5203248256,     0.7848375399,              nan
      0.759765625,     -0.702609549,    -0.5220412704,     0.7848375399,              nan
     0.7607421875,    -0.7035870624,    -0.5237775902,     0.7848375399,              nan
       0.76171875,    -0.7045935593,      -0.52553372,     0.7848375399,              nan
     0.7626953125,    -0.7056287334,    -0.5273095542,     0.7848375399,              nan
      0.763671875,    -0.7066922136,    -0.5291049474,     0.7848375399,              nan
     0.7646484375,    -0.7077835654,    -0.5309197144,     0.7848375399,              nan
         0.765625,    -0.7089022927,    -0.5327536321,     0.7848375399,              nan
     0.7666015625,    -0.7100478434,    -0.5346064416,     0.7848375399,              nan
      0.767578125,    -0.7112196144,    -0.5364778517,     0.7848375399,              nan
     0.7685546875,    -0.7124169544,    -0.5383675409,     0.7848375399,              nan
       0.76953125,    -0.7136391666,     -0.540275158,     0.7848375399,              nan
     0.7705078125,    -0.7148855123,    -0.5422003243,     0.7848375399,              nan
      0.771484375,    -0.7161552115,    -0.5441426356,     0.7848375399,              nan
     0.7724609375,    -0.7174474451,    -0.5461016624,     0.7848375399,              nan
        0.7734375,    -0.7187614014,    -0.5480769666,     0.7848375399,              nan
     0.7744140625,    -0.7200962978,    -0.5500681085,     0.7848375399,              nan
      0.775390625,    -0.7214512073,    -0.5520745885,     0.7848375399,              nan
     0.7763671875,    -0.7228249055,    -0.5540957941,     0.7848375399,              nan
       0.77734375,    -0.7242161543,    -0.5561310996,     0.7848375399,              nan
     0.7783203125,    -0.7256241237,    -0.5581800129,     0.7848375399,              nan
      0.779296875,    -0.7270481667,    -0.5602420753,     0.7848375399,              nan
     0.7802734375,    -0.7284871217,    -0.5623165949,     0.7848375399,              nan
          0.78125,    -0.7299392814,    -0.5644026713,     0.7848375399,              nan
     0.7822265625,    -0.7314031856,    -0.5664995596,     0.7848375399,              nan
      0.783203125,    -0.7328781125,    -0.5686068844,     0.7848375399,              nan
     0.7841796875,    -0.7343638309,    -0.5707245182,     0.7848375399,              nan
       0.78515625,    -0.7358601679,    -0.5728523393,     0.7848375399,              nan
     0.7861328125,    -0.7373666114,    -0.5749899494,     0.7848375399,              nan
      0.787109375,    -0.7388820257,    -0.5771365189,     0.7848375399,              nan
     0.7880859375,    -0.7404049313,    -0.5792910621,     0.7848375399,              nan
        0.7890625,    -0.7419341357,    -0.5814528717,     0.7848375399,              nan
     0.7900390625,    -0.7434688707,    -0.5836215625,     0.7848375399,              nan
      0.791015625,    -0.7450083962,    -0.5857967907,     0.7848375399,              nan
     0.7919921875,    -0.7465518479,    -0.5879781262,     0.7848375399,              nan
       0.79296875,     -0.748098401,    -0.5901651195,     0.7848375399,              nan
     0.7939453125,    -0.7496471745,    -0.5923572626,     0.7848375399,              nan
      0.794921875,    -0.7511969708,    -0.5945538652,     0.7848375399,              nan
     0.7958984375,    -0.7527463747,    -0.5967541114,     0.7848375399,              nan
         0.796875,     -0.754294109,    -0.5989572471,     0.7848375399,              nan
     0.7978515625,    -0.7558390959,    -0.6011625932,     0.7848375399,              nan
      0.798828125,    -0.7573802853,     -0.603369461,     0.7848375399,              nan
     0.7998046875,    -0.7589167001,    -0.6055772241,     0.7848375399,              nan
       0.80078125,    -0.7604475451,     -0.607785398,     0.7848375399,              nan
     0.8017578125,    -0.7619721025,    -0.6099935676,     0.7848375399,              nan
      0.802734375,    -0.7634895618,    -0.6122012763,     0.7848375399,              nan
     0.8037109375,    -0.7649989853,    -0.6144079932,     0.7848375399,              nan
        0.8046875,    -0.7664993732,    -0.6166131317,     0.7848375399,              nan
     0.8056640625,    -0.7679897637,    -0.6188160946,     0.7848375399,              nan
      0.806640625,    -0.7694693036,    -0.6210163258,     0.7848375399,              nan
     0.8076171875,    -0.7709371795,    -0.6232132937,     0.7848375399,              nan
       0.80859375,    -0.7723925618,    -0.6254064652,     0.7848375399,              nan
     0.8095703125,    -0.7738346619,    -0.6275953131,     0.7848375399,              nan
      0.810546875,    -0.7752627386,    -0.6297793153,     0.7848375399,              nan
     0.8115234375,    -0.7766760586,    -0.6319579563,     0.7848375399,              nan
           0.8125,    -0.7780738459,    -0.6341307146,     0.7848375399,              nan
     0.8134765625,    -0.7794552691,    -0.6362970576,     0.7848375399,              nan
      0.814453125,    -0.7808194758,    -0.6384564551,     0.7848375399,              nan
     0.8154296875,    -0.7821656188,    -0.6406083813,     0.7848375399,              nan
       0.81640625,    -0.7834928301,     -0.642752284,     0.7848375399,              nan
     0.8173828125,    -0.7848001751,    -0.6448875482,     0.7848375399,              nan
      0.818359375,    -0.7860866777,     -0.647013517,     0.7848375399,              nan
     0.8193359375,    -0.7873513722,    -0.6491295339,     0.7848375399,              nan
        0.8203125,    -0.7885933029,    -0.6512349487,     0.7848375399,              nan
     0.8212890625,    -0.7898115001,    -0.6533291057,     0.7848375399,              nan
      0.822265625,    -0.7910049863,     -0.655411344,     0.7848375399,              nan
     0.8232421875,    -0.7921727891,    -0.6574810036,     0.7848375399,              nan
       0.82421875,    -0.7933139364,    -0.6595374218,     0.7848375399,              nan
     0.8251953125,    -0.7944274426,    -0.6615799241,     0.7848375399,              nan
      0.826171875,    -0.7955123008,    -0.6636078164,     0.7848375399,              nan
     0.8271484375,    -0.7965674781,    -0.6656203826,     0.7848375399,              nan
         0.828125,    -0.7975919138,     -0.667616885,     0.7848375399,              nan
     0.8291015625,     -0.798584524,    -0.6695965686,     0.7848375399,              nan
      0.830078125,    -0.7995442122,    -0.6715586687,     0.7848375399,              nan
     0.8310546875,    -0.8004698852,    -0.6735024182,     0.7848375399,              nan
       0.83203125,    -0.8013604678,    -0.6754270555,     0.7848375399,              nan
     0.8330078125,    -0.8022149133,    -0.6773318289,     0.7848375399,              nan
      0.833984375,    -0.8030322045,    -0.6792159978,     0.7848375399,              nan
     0.8349609375,    -0.8038113519,    -0.6810788301,     0.7848375399,              nan
        0.8359375,     -0.804551389,    -0.6829196015,     0.7848375399,              nan
     0.8369140625,    -0.8052513706,    -0.6847375947,     0.7848375399,              nan
      0.837890625,    -0.8059103728,    -0.6865321013,     0.7848375399,              nan
     0.8388671875,    -0.8065274946,    -0.6883024242,     0.7848375399,              nan
       0.83984375,    -0.8071018613,    -0.6900478804,     0.7848375399,              nan
     0.8408203125,    -0.8076326278,    -0.6917678039,     0.7848375399,              nan
      0.841796875,    -0.8081189823,    -0.6934615483,     0.7848375399,              nan
     0.8427734375,     -0.808560152,    -0.6951284896,     0.7848375399,              nan
          0.84375,    -0.8089554076,    -0.6967680282,     0.7848375399,              nan
     0.8447265625,    -0.8093040676,     -0.698379593,     0.7848375399,              nan
      0.845703125,    -0.8096055017,    -0.6999626455,     0.7848375399,              nan
     0.8466796875,    -0.8098591349,     -0.701516681,     0.7848375399,              nan
       0.84765625,    -0.8100644552,    -0.7030412325,     0.7848375399,              nan
     0.8486328125,    -0.8102210107,    -0.7045358714,     0.7848375399,              nan
      0.849609375,    -0.8103284075,    -0.7060002086,     0.7848375399,              nan
     0.8505859375,      -0.81038632,    -0.7074338987,     0.7848375399,              nan
        0.8515625,    -0.8103944981,    -0.7088366429,     0.7848375399,              nan
     0.8525390625,    -0.8103527617,     -0.710208189,     0.7848375399,              nan
      0.853515625,    -0.8102610066,    -0.7115483377,     0.7848375399,              nan
     0.8544921875,    -0.8101192118,    -0.7128569451,     0.7848375399,              nan
       0.85546875,    -0.8099274359,    -0.7141339181,     0.7848375399,              nan
     0.8564453125,    -0.8096858098,    -0.7153792138,     0.7848375399,              nan
      0.857421875,    -0.8093945365,    -0.7165928414,     0.7848375399,              nan
     0.8583984375,     -0.809053908,    -0.7177748722,     0.7848375399,              nan
         0.859375,     -0.808664299,    -0.7189254349,     0.7848375399,              nan
     0.8603515625,    -0.8082261717,     -0.720044718,     0.7848375399,              nan
      0.861328125,    -0.8077400849,    -0.7211329757,     0.7848375399,              nan
     0.8623046875,    -0.8072066612,    -0.7221905119,     0.7848375399,              nan
       0.86328125,    -0.8066265853,    -0.7232176796,     0.7848375399,              nan
     0.8642578125,    -0.8060006413,     -0.724214898,     0.7848375399,              nan
      0.865234375,    -0.8053297104,    -0.7251826475,     0.7848375399,              nan
     0.8662109375,    -0.8046147256,    -0.7261214498,     0.7848375399,              nan
        0.8671875,    -0.8038566723,    -0.7270318713,     0.7848375399,              nan
     0.8681640625,    -0.8030566065,    -0.7279145293,     0.7848375399,              nan
      0.869140625,    -0.8022156512,    -0.7287700891,     0.7848375399,              nan
     0.8701171875,    -0.8013349906,     -0.729599263,     0.7848375399,              nan
       0.87109375,    -0.8004158639,    -0.7304028005,     0.7848375399,              nan
     0.8720703125,    -0.7994595508,    -0.7311814693,     0.7848375399,              nan
      0.873046875,     -0.798467333,    -0.7319360463,     0.7848375399,              nan
     0.8740234375,    -0.7974405064,    -0.7326673345,     0.7848375399,              nan
            0.875,    -0.7963804158,    -0.7333761719,     0.7848375399,              nan
     0.8759765625,    -0.7952884024,     -0.734063399,     0.7848375399,              nan
      0.876953125,    -0.7941657734,     -0.734729843,     0.7848375399,              nan
     0.8779296875,    -0.7930138272,    -0.7353763199,     0.7848375399,              nan
       0.87890625,    -0.7918338681,    -0.7360036355,     0.7848375399,              nan
     0.8798828125,    -0.7906271853,    -0.7366125869,     0.7848375399,              nan
      0.880859375,    -0.7893950076,    -0.7372039429,     0.7848375399,              nan
     0.8818359375,    -0.7881385155,    -0.7377784334,     0.7848375399,              nan
        0.8828125,    -0.7868588573,     -0.738336756,     0.7848375399,              nan
     0.8837890625,    -0.7855570974,    -0.7388795732,     0.7848375399,              nan
      0.884765625,    -0.7842341894,     -0.739407502,     0.7848375399,              nan
     0.8857421875,    -0.7828910082,    -0.7399211049,     0.7848375399,              nan
       0.88671875,    -0.7815283677,    -0.7404208813,     0.7848375399,              nan
     0.8876953125,     -0.780146975,    -0.7409072501,     0.7848375399,              nan
      0.888671875,    -0.7787473991,    -0.7413805473,     0.7848375399,              nan
     0.8896484375,    -0.7773301563,    -0.7418410743,     0.7848375399,              nan
         0.890625,    -0.7758957705,    -0.7422891168,     0.7848375399,              nan
     0.8916015625,    -0.7744446793,    -0.7427248755,     0.7848375399,              nan
      0.892578125,    -0.7729771294,    -0.7431484226,     0.7848375399,              nan
     0.8935546875,    -0.7714931665,    -0.7435597344,     0.7848375399,              nan
       0.89453125,    -0.7699926443,    -0.7439587006,     0.7848375399,              nan
     0.8955078125,     -0.768475296,    -0.7443451181,     0.7848375399,              nan
      0.896484375,    -0.7669409279,    -0.7447187681,     0.7848375399,              nan
     0.8974609375,    -0.7653894841,    -0.7450794736,     0.7848375399,              nan
        0.8984375,    -0.7638208563,    -0.7454270335,     0.7848375399,              nan
     0.8994140625,     -0.762234715,    -0.7457611569,     0.7848375399,              nan
      0.900390625,    -0.7606305188,    -0.7460814649,     0.7848375399,              nan
     0.9013671875,    -0.7590075634,    -0.7463874702,     0.7848375399,              nan
       0.90234375,    -0.7573650562,    -0.7466785741,     0.7848375399,              nan
     0.9033203125,    -0.7557022786,    -0.7469541639,     0.7848375399,              nan
      0.904296875,    -0.7540186562,    -0.7472136936,     0.7848375399,              nan
     0.9052734375,    -0.7523136512,    -0.7474566595,     0.7848375399,              nan
          0.90625,    -0.7505866845,    -0.7476825774,     0.7848375399,              nan
     0.9072265625,    -0.7488371612,     -0.747890995,     0.7848375399,              nan
      0.908203125,    -0.7470644127,    -0.7480814212,     0.7848375399,              nan
     0.9091796875,    -0.7452675444,     -0.748253191,     0.7848375399,              nan
       0.91015625,     -0.743445467,    -0.7484054762,     0.7848375399,              nan
     0.9111328125,    -0.7415971972,    -0.7485374966,     0.7848375399,              nan
      0.912109375,    -0.7397220688,    -0.7486486891,     0.7848375399,              nan
     0.9130859375,     -0.737819589,    -0.7487386503,     0.7848375399,              nan
        0.9140625,    -0.7358892286,    -0.7488070008,     0.7848375399,              nan
     0.9150390625,    -0.7339305358,    -0.7488534032,     0.7848375399,              nan
      0.916015625,    -0.7319434452,    -0.7488776961,     0.7848375399,              nan
     0.9169921875,    -0.7299283355,    -0.7488799224,     0.7848375399,              nan
       0.91796875,    -0.7278857078,    -0.7488601752,     0.7848375399,              nan
     0.9189453125,     -0.725815794,    -0.7488184129,     0.7848375399,              nan
      0.919921875,    -0.7237184294,    -0.7487544188,     0.7848375399,              nan
     0.9208984375,    -0.7215932307,    -0.7486679208,     0.7848375399,              nan
         0.921875,    -0.7194398812,    -0.7485587537,     0.7848375399,              nan
     0.9228515625,    -0.7172583275,    -0.7484269494,     0.7848375399,              nan
      0.923828125,    -0.7150488229,    -0.7482727245,     0.7848375399,              nan
     0.9248046875,    -0.7128118673,    -0.7480964138,     0.7848375399,              nan
       0.92578125,    -0.7105481159,    -0.7478984033,     0.7848375399,              nan
     0.9267578125,    -0.7082583062,    -0.7476790956,     0.7848375399,              nan
      0.927734375,     -0.705943216,    -0.7474389036,     0.7848375399,              nan
     0.9287109375,    -0.7036036481,    -0.7471782628,     0.7848375399,              nan
        0.9296875,     -0.701240434,    -0.7468976485,     0.7848375399,              nan
     0.9306640625,    -0.6988544444,    -0.7465975887,     0.7848375399,              nan
      0.931640625,    -0.6964466018,    -0.7462786719,     0.7848375399,              nan
     0.9326171875,    -0.6940178882,    -0.7459415462,     0.7848375399,              nan
       0.93359375,    -0.6915693473,    -0.7455869143,     0.7848375399,              nan
     0.9345703125,    -0.6891020811,    -0.7452155252,     0.7848375399,              nan
      0.935546875,    -0.6866172452,    -0.7448281655,     0.7848375399,              nan
     0.9365234375,    -0.6841160419,    -0.7444256528,     0.7848375399,              nan
           0.9375,    -0.6815997129,    -0.7440088307,     0.7848375399,              nan
     0.9384765625,    -0.6790695306,    -0.7435785641,     0.7848375399,              nan
      0.939453125,    -0.6765267887,    -0.7431357352,     0.7848375399,              nan
     0.9404296875,    -0.6739719037,    -0.7426796787,     0.7848375399,              nan
       0.94140625,    -0.6714074129,    -0.7422131704,     0.7848375399,              nan
     0.9423828125,    -0.6688351279,    -0.7417382351,     0.7848375399,              nan
      0.943359375,    -0.6662552837,    -0.7412542083,     0.7848375399,              nan
     0.9443359375,    -0.6636693821,    -0.7407621713,     0.7848375399,              nan
        0.9453125,    -0.6610786864,    -0.7402629868,     0.7848375399,              nan
     0.9462890625,    -0.6584844661,    -0.7397575513,     0.7848375399,              nan
      0.947265625,    -0.6558879885,    -0.7392467667,     0.7848375399,              nan
     0.9482421875,     -0.653290499,    -0.7387315271,     0.7848375399,              nan
       0.94921875,    -0.6506932167,    -0.7382127143,     0.7848375399,              nan
     0.9501953125,    -0.6480973318,    -0.7376911946,     0.7848375399,              nan
      0.951171875,    -0.6455040025,    -0.7371678149,     0.7848375398,              nan
     0.9521484375,    -0.6429143504,    -0.7366433969,     0.7848375398,              nan
         0.953125,    -0.6403294642,     -0.736118741,     0.7848375398,              nan
     0.9541015625,    -0.6377503976,    -0.7355946261,     0.7848375398,              nan
      0.955078125,    -0.6351785291,    -0.7350723276,     0.7848375398,              nan
     0.9560546875,    -0.6326154153,     -0.734554062,     0.7848375398,              nan
       0.95703125,    -0.6300592752,    -0.7340356717,     0.7848375398,              nan
     0.9580078125,    -0.6275131392,    -0.7335209622,     0.7848375398,              nan
      0.958984375,    -0.6249765911,    -0.7330085961,     0.7848375398,              nan
     0.9599609375,    -0.6224516944,    -0.7325012122,     0.7848375398,              nan
        0.9609375,    -0.6199397674,    -0.7320005946,     0.7848375398,              nan
     0.9619140625,    -0.6174404548,     -0.731505648,     0.7848375398,              nan
      0.962890625,      -0.61495466,    -0.7310170902,     0.7848375398,              nan
     0.9638671875,    -0.6124830238,     -0.730535378,     0.7848375398,              nan
       0.96484375,    -0.6100261658,    -0.7300609776,     0.7848375398,              nan
     0.9658203125,    -0.6075846819,    -0.7295943363,     0.7848375398,              nan
      0.966796875,    -0.6051591317,    -0.7291358729,     0.7848375398,              nan
     0.9677734375,    -0.6027500424,    -0.7286859793,     0.7848375398,              nan
          0.96875,    -0.6003579115,    -0.7282450229,     0.7848375398,              nan
     0.9697265625,    -0.5979832107,    -0.7278133491,     0.7848375398,              nan
      0.970703125,    -0.5956263879,    -0.7273912831,     0.7848375398,              nan
     0.9716796875,    -0.5932878685,    -0.7269791301,     0.7848375398,              nan
       0.97265625,    -0.5909680587,    -0.7265771774,     0.7848375398,              nan
     0.9736328125,    -0.5886673506,    -0.7261856987,     0.7848375398,              nan
      0.974609375,    -0.5863861231,    -0.7258049544,     0.7848375398,              nan
     0.9755859375,    -0.5841247419,    -0.7254351903,     0.7848375398,              nan
        0.9765625,    -0.5818835624,      -0.72507664,     0.7848375398,              nan
     0.9775390625,    -0.5796629338,    -0.7247295288,     0.7848375398,              nan
      0.978515625,    -0.5774632025,    -0.7243940755,     0.7848375398,              nan
     0.9794921875,    -0.5752847134,    -0.7240704938,     0.7848375398,              nan
       0.98046875,    -0.5731278118,    -0.7237589934,     0.7848375398,              nan
     0.9814453125,    -0.5709928444,    -0.7234597811,     0.7848375398,              nan
      0.982421875,    -0.5688801603,     -0.723173062,     0.7848375398,              nan
     0.9833984375,    -0.5667901119,    -0.7228990408,     0.7848375398,              nan
         0.984375,    -0.5647230558,    -0.7226379223,     0.7848375398,              nan
     0.9853515625,    -0.5626793536,    -0.7223899129,     0.7848375398,              nan
      0.986328125,    -0.5606593714,    -0.7221552204,     0.7848375398,              nan
     0.9873046875,    -0.5586634792,    -0.7219340543,     0.7848375398,              nan
       0.98828125,    -0.5566920503,    -0.7217266258,     0.7848375398,              nan
     0.9892578125,    -0.5547454603,     -0.721533148,     0.7848375398,              nan
      0.990234375,    -0.5528240862,    -0.7213538354,     0.7848375398,              nan
     0.9912109375,    -0.5509283043,    -0.7211889024,     0.7848375398,              nan
        0.9921875,    -0.5490584894,    -0.7210385631,     0.7848375398,              nan
     0.9931640625,    -0.5472150149,    -0.7209030309,     0.7848375398,              nan
      0.994140625,    -0.5453982507,    -0.7207825176,     0.7848375398,              nan
     0.9951171875,    -0.5436085602,    -0.7206772316,     0.7848375398,              nan
       0.99609375,    -0.5418462992,    -0.7205873769,     0.7848375398,              nan
     0.9970703125,     -0.540111814,    -0.7205131514,     0.7848375398,              nan
      0.998046875,    -0.5384054358,    -0.7204547443,     0.7848375398,              nan
     0.9990234375,    -0.5367274774,    -0.7204123346,     0.7848375398,              nan
                1,    -0.5350782306,     -0.720386089,     0.7848375398,              nan
              nan,    -0.5915409132,    -0.3065366664,     0.7848375398,              nan
