             Time,          Y-Force,   Work integrand,             Mass,       Mass error
                0,    -0.1748516475,                0,     0.7500035745,              nan
      0.001953125,     -0.185664668, -1.018898045e-06,     0.7500035745,              nan
       0.00390625,    -0.2003474869, -4.247106372e-06,     0.7500035745,              nan
      0.005859375,    -0.2147981068, -1.002570197e-05,     0.7500035745,              nan
        0.0078125,    -0.2269729076, -1.868930438e-05,     0.7500035745,              nan
      0.009765625,    -0.2364143116,  -3.05095866e-05,     0.7500035745,              nan
       0.01171875,    -0.2436136524, -4.570911217e-05,     0.7500035745,              nan
      0.013671875,     -0.249467507, -6.450446584e-05,     0.7500035745,              nan
         0.015625,    -0.2549056528, -8.715336278e-05,     0.7500035745,              nan
      0.017578125,    -0.2606780563, -0.0001139905275,     0.7500035745,              nan
       0.01953125,    -0.2672630159, -0.0001454404379,     0.7500035745,              nan
      0.021484375,    -0.2748560224, -0.0001819999529,     0.7500035745,              nan
        0.0234375,    -0.2834058368, -0.0002241908671,     0.7500035745,              nan
      0.025390625,    -0.2926724338, -0.0002724896811,     0.7500035745,              nan
       0.02734375,    -0.3022896777,  -0.000327247012,     0.7500035745,              nan
      0.029296875,    -0.3118227974,  -0.000388610972,     0.7500035745,              nan
          0.03125,    -0.3208170008, -0.0004564670914,     0.7500035745,              nan
      0.033203125,    -0.3288369578, -0.0005304067412,     0.7500035745,              nan
       0.03515625,    -0.3354935765, -0.0006097315419,     0.7500035745,              nan
      0.037109375,    -0.3404637053, -0.0006934702557,     0.7500035745,              nan
        0.0390625,    -0.3435030055, -0.0007804358866,     0.7500035745,              nan
      0.041015625,    -0.3444498746, -0.0008692854913,     0.7500035745,              nan
       0.04296875,    -0.3432234679, -0.0009585845631,     0.7500035745,              nan
      0.044921875,    -0.3398163002,  -0.001046865785,     0.7500035745,              nan
         0.046875,    -0.3342829903,  -0.001132680872,     0.7500035745,              nan
      0.048828125,    -0.3267282969,  -0.001214626678,     0.7500035745,              nan
       0.05078125,    -0.3172938059,  -0.001291372106,     0.7500035745,              nan
      0.052734375,    -0.3061457033,  -0.001361673702,     0.7500035745,              nan
        0.0546875,    -0.2934655493,  -0.001424386514,     0.7500035745,              nan
      0.056640625,    -0.2794429354,  -0.001478490301,     0.7500035745,              nan
       0.05859375,    -0.2642702886,  -0.001523099725,     0.7500035745,              nan
      0.060546875,    -0.2481397868,  -0.001557482666,     0.7500035745,              nan
           0.0625,    -0.2312411173,  -0.001581078645,     0.7500035745,              nan
      0.064453125,    -0.2137610573,  -0.001593518976,     0.7500035745,              nan
       0.06640625,    -0.1958830913,  -0.001594642796,     0.7500035745,              nan
      0.068359375,    -0.1777861443,   -0.00158450547,     0.7500035745,              nan
        0.0703125,    -0.1596428775,  -0.001563376435,     0.7500035745,              nan
      0.072265625,    -0.1416176544,  -0.001531729724,     0.7500035745,              nan
       0.07421875,     -0.123864403,  -0.001490227964,     0.7500035745,              nan
      0.076171875,    -0.1065247162,  -0.001439701934,     0.7500035745,              nan
         0.078125,   -0.08972620438,  -0.001381127343,     0.7500035745,              nan
      0.080078125,   -0.07358103375,  -0.001315600666,     0.7500035745,              nan
       0.08203125,   -0.05818647069,  -0.001244321742,     0.7500035745,              nan
      0.083984375,   -0.04362524512,  -0.001168574642,     0.7500035745,              nan
        0.0859375,   -0.02996575603,  -0.001089706883,     0.7500035745,              nan
      0.087890625,    -0.0172624341,  -0.001009109083,     0.7500035745,              nan
       0.08984375,  -0.005556330744,  -0.000928197577,     0.7500035745,              nan
      0.091796875,   0.005124239207, -0.0008483918646,     0.7500035745,              nan
          0.09375,    0.01476310974, -0.0007710922851,     0.7500035745,              nan
      0.095703125,    0.02335562664, -0.0006976596913,     0.7500035745,              nan
       0.09765625,    0.03090787161, -0.0006293930555,     0.7500035745,              nan
      0.099609375,    0.03743579326, -0.0005675124152,     0.7500035745,              nan
        0.1015625,    0.04296426982, -0.0005131430784,     0.7500035745,              nan
      0.103515625,    0.04752610425, -0.0004673003496,     0.7500035745,              nan
       0.10546875,    0.05116100947,  -0.000430872356,     0.7500035745,              nan
      0.107421875,    0.05391470954, -0.0004046262166,     0.7500035745,              nan
         0.109375,    0.05583781015, -0.0003891962618,     0.7500035745,              nan
      0.111328125,    0.05698469341, -0.0003850831561,     0.7500035745,              nan
       0.11328125,    0.05741247001, -0.0003926549935,     0.7500035745,              nan
      0.115234375,     0.0571799857, -0.0004121506241,     0.7500035745,              nan
        0.1171875,    0.05634687654, -0.0004436855372,     0.7500035745,              nan
      0.119140625,     0.0549726695,  -0.000487260561,     0.7500035745,              nan
       0.12109375,    0.05311592806, -0.0005427735103,     0.7500035745,              nan
      0.123046875,    0.05083344259, -0.0006100337762,     0.7500035745,              nan
            0.125,    0.04817944481, -0.0006887797513,     0.7500035745,              nan
      0.126953125,    0.04520493628, -0.0007786984177,     0.7500035745,              nan
       0.12890625,    0.04195712407, -0.0008794468199,     0.7500035745,              nan
      0.130859375,    0.03847890599,  -0.000990675305,     0.7500035745,              nan
        0.1328125,    0.03480840679,   -0.00111205203,     0.7500035745,              nan
      0.134765625,    0.03097858464,  -0.001243288065,     0.7500035745,              nan
       0.13671875,    0.02701692542,  -0.001384162385,     0.7500035745,              nan
      0.138671875,    0.02294523786,  -0.001534546083,     0.7500035745,              nan
         0.140625,    0.01877955612,  -0.001694425159,     0.7500035745,              nan
      0.142578125,    0.01453015102,  -0.001863921312,     0.7500035745,              nan
       0.14453125,    0.01020164718,  -0.002043309383,     0.7500035745,              nan
      0.146484375,   0.005793241192,  -0.002233033806,     0.7500035745,              nan
        0.1484375,   0.001298924671,  -0.002433703112,     0.7500035745,              nan
      0.150390625,  -0.003292367512,  -0.002646095158,     0.7500035745,              nan
       0.15234375,   -0.00799587482,  -0.002871236167,     0.7500035745,              nan
      0.154296875,    -0.0128304966,   -0.00311035017,     0.7500035745,              nan
          0.15625,   -0.01781833768,  -0.003364857532,     0.7500035745,              nan
      0.158203125,   -0.02298421745,  -0.003636370123,     0.7500035745,              nan
       0.16015625,   -0.02835514037,  -0.003926683223,     0.7500035745,              nan
      0.162109375,   -0.03395972926,  -0.004237764151,     0.7500035745,              nan
        0.1640625,   -0.03982761641,  -0.004571734599,     0.7500035745,              nan
      0.166015625,   -0.04598869133,   -0.00493086161,     0.7500035745,              nan
       0.16796875,   -0.05247225285,  -0.005317625846,     0.7500035745,              nan
      0.169921875,   -0.05930815556,  -0.005734519164,     0.7500035745,              nan
         0.171875,   -0.06652454414,  -0.006184083939,     0.7500035745,              nan
      0.173828125,   -0.07414738082,  -0.006668887048,     0.7500035745,              nan
       0.17578125,   -0.08220007774,  -0.007191495163,     0.7500035745,              nan
      0.177734375,   -0.09070319267,  -0.007754449928,     0.7500035745,              nan
        0.1796875,    -0.0996741638,  -0.008360242273,     0.7500035745,              nan
      0.181640625,    -0.1091270909,   -0.00901128775,     0.7500035745,              nan
       0.18359375,    -0.1190726376,  -0.009709911986,     0.7500035745,              nan
      0.185546875,    -0.1295175567,   -0.01045829243,     0.7500035745,              nan
           0.1875,    -0.1404645424,   -0.01125842974,     0.7500035745,              nan
      0.189453125,    -0.1519123466,   -0.01211214416,     0.7500035745,              nan
       0.19140625,    -0.1638557403,     -0.013021052,     0.7500035745,              nan
      0.193359375,    -0.1762855166,   -0.01398654421,     0.7500035745,              nan
        0.1953125,    -0.1891885451,   -0.01500976741,     0.7500035745,              nan
      0.197265625,      -0.20254788,   -0.01609160825,     0.7500035745,              nan
       0.19921875,    -0.2163429135,   -0.01723268103,     0.7500035745,              nan
      0.201171875,    -0.2305494993,   -0.01843331467,     0.7500035745,              nan
         0.203125,    -0.2451402328,   -0.01969354704,     0.7500035745,              nan
      0.205078125,    -0.2600848546,   -0.02101312806,     0.7500035745,              nan
       0.20703125,    -0.2753506596,   -0.02239152766,     0.7500035745,              nan
      0.208984375,    -0.2909028799,   -0.02382794581,     0.7500035745,              nan
        0.2109375,    -0.3067050488,   -0.02532132363,     0.7500035745,              nan
      0.212890625,    -0.3227193548,   -0.02687035553,     0.7500035745,              nan
       0.21484375,    -0.3389070237,   -0.02847350869,     0.7500035745,              nan
      0.216796875,     -0.355228761,    -0.0301290541,     0.7500035745,              nan
          0.21875,    -0.3716448754,    -0.0318350314,     0.7500035745,              nan
      0.220703125,     -0.388115578,   -0.03358927391,     0.7500035745,              nan
       0.22265625,    -0.4046014183,   -0.03538944914,     0.7500035745,              nan
      0.224609375,    -0.4210636273,   -0.03723307907,     0.7500035745,              nan
        0.2265625,    -0.4374644242,   -0.03911756112,     0.7500035745,              nan
      0.228515625,    -0.4537672871,   -0.04104018975,     0.7500035745,              nan
       0.23046875,    -0.4699371875,   -0.04299817817,     0.7500035745,              nan
      0.232421875,    -0.4859407934,   -0.04498868017,     0.7500035745,              nan
         0.234375,    -0.5017466412,   -0.04700881147,     0.7500035745,              nan
      0.236328125,    -0.5173252787,   -0.04905567051,     0.7500035745,              nan
       0.23828125,    -0.5326493786,   -0.05112635812,     0.7500035745,              nan
      0.240234375,    -0.5476938229,   -0.05321799582,     0.7500035745,              nan
        0.2421875,    -0.5624357572,   -0.05532774225,     0.7500035745,              nan
      0.244140625,    -0.5768546139,   -0.05745280776,     0.7500035745,              nan
       0.24609375,    -0.5909321054,   -0.05959046657,     0.7500035745,              nan
      0.248046875,    -0.6046521875,   -0.06173806675,     0.7500035745,              nan
             0.25,    -0.6180009956,   -0.06389303777,     0.7500035745,              nan
      0.251953125,    -0.6309667549,   -0.06605289572,     0.7500035745,              nan
       0.25390625,    -0.6435396696,   -0.06821524634,     0.7500035745,              nan
      0.255859375,    -0.6557117929,   -0.07037778591,     0.7500035745,              nan
        0.2578125,     -0.667476882,    -0.0725383003,     0.7500035745,              nan
      0.259765625,    -0.6788302424,   -0.07469466216,     0.7500035745,              nan
       0.26171875,    -0.6897685634,    -0.0768448267,     0.7500035745,              nan
      0.263671875,    -0.7002897503,   -0.07898682594,     0.7500035745,              nan
         0.265625,    -0.7103927532,   -0.08111876202,     0.7500035745,              nan
      0.267578125,    -0.7200773989,   -0.08323879933,     0.7500035745,              nan
       0.26953125,    -0.7293442251,    -0.0853451561,     0.7500035745,              nan
      0.271484375,    -0.7381943213,   -0.08743609542,     0.7500035745,              nan
        0.2734375,    -0.7466291781,   -0.08950991593,     0.7500035745,              nan
      0.275390625,    -0.7546505431,   -0.09156494233,     0.7500035745,              nan
       0.27734375,    -0.7622602765,   -0.09359951498,     0.7500035745,              nan
      0.279296875,    -0.7694601571,   -0.09561197323,     0.7500035745,              nan
          0.28125,    -0.7762518109,   -0.09760064688,     0.7500035745,              nan
      0.283203125,    -0.7826367106,   -0.09956385559,     0.7500035745,              nan
       0.28515625,    -0.7886161684,    -0.1014999108,     0.7500035745,              nan
      0.287109375,    -0.7941913072,    -0.1034071165,     0.7500035745,              nan
        0.2890625,    -0.7993630205,    -0.1052837687,     0.7500035745,              nan
      0.291015625,    -0.8041319336,    -0.1071281528,     0.7500035745,              nan
       0.29296875,    -0.8084983773,    -0.1089385413,     0.7500035745,              nan
      0.294921875,    -0.8124623764,     -0.110713191,     0.7500035745,              nan
         0.296875,     -0.816023657,    -0.1124503408,     0.7500035745,              nan
      0.298828125,    -0.8191816674,    -0.1141482112,     0.7500035745,              nan
       0.30078125,    -0.8219356134,    -0.1158050049,     0.7500035745,              nan
      0.302734375,    -0.8242845045,    -0.1174189097,     0.7500035745,              nan
        0.3046875,    -0.8262272111,    -0.1189881033,     0.7500035745,              nan
      0.306640625,     -0.827762531,    -0.1205107608,     0.7500035745,              nan
       0.30859375,    -0.8288892166,    -0.1219850848,     0.7500035745,              nan
      0.310546875,    -0.8296062045,     -0.123409363,     0.7500035745,              nan
           0.3125,    -0.8299129323,    -0.1247817744,     0.7500035745,              nan
      0.314453125,    -0.8298088484,    -0.1261005446,     0.7500035745,              nan
       0.31640625,    -0.8292935628,     -0.127363966,     0.7500035745,              nan
      0.318359375,    -0.8283670426,    -0.1285704187,     0.7500035745,              nan
        0.3203125,    -0.8270298072,    -0.1297183898,     0.7500035745,              nan
      0.322265625,    -0.8252830989,    -0.1308064899,     0.7500035745,              nan
       0.32421875,    -0.8231290145,    -0.1318334671,     0.7500035745,              nan
      0.326171875,    -0.8205705929,    -0.1327982188,     0.7500035745,              nan
         0.328125,    -0.8176118643,    -0.1336998016,     0.7500035745,              nan
      0.330078125,    -0.8142578667,    -0.1345374398,     0.7500035745,              nan
       0.33203125,    -0.8105146451,    -0.1353105325,     0.7500035745,              nan
      0.333984375,    -0.8063895362,    -0.1360186877,     0.7500035745,              nan
        0.3359375,     -0.801891399,    -0.1366617137,     0.7500035745,              nan
      0.337890625,    -0.7970294717,    -0.1372395595,     0.7500035745,              nan
       0.33984375,    -0.7918134357,    -0.1377523472,     0.7500035745,              nan
      0.341796875,    -0.7862536522,     -0.138200382,     0.7500035745,              nan
          0.34375,    -0.7803614126,    -0.1385841765,     0.7500035745,              nan
      0.345703125,    -0.7741491181,    -0.1389044732,     0.7500035745,              nan
       0.34765625,    -0.7676303537,    -0.1391622557,     0.7500035745,              nan
      0.349609375,     -0.760819125,    -0.1393584311,     0.7500035745,              nan
        0.3515625,    -0.7537310403,    -0.1394939472,     0.7500035745,              nan
      0.353515625,    -0.7463845305,    -0.1395707209,     0.7500035745,              nan
       0.35546875,    -0.7388004254,    -0.1395913517,     0.7500035745,              nan
      0.357421875,    -0.7309992605,     -0.139558191,     0.7500035745,              nan
         0.359375,    -0.7229995331,    -0.1394735707,     0.7500035745,              nan
      0.361328125,     -0.714816448,    -0.1393395965,     0.7500035745,              nan
       0.36328125,    -0.7064639896,     -0.139157344,     0.7500035745,              nan
      0.365234375,    -0.6979601948,     -0.138928997,     0.7500035745,              nan
        0.3671875,    -0.6893239826,    -0.1386573024,     0.7500035745,              nan
      0.369140625,    -0.6805739224,    -0.1383453724,     0.7500035745,              nan
       0.37109375,    -0.6717290419,    -0.1379965163,     0.7500035745,              nan
      0.373046875,    -0.6628093855,    -0.1376142768,     0.7500035745,              nan
            0.375,    -0.6538361472,    -0.1372024208,     0.7500035745,              nan
      0.376953125,    -0.6448327267,    -0.1367652349,     0.7500035745,              nan
       0.37890625,    -0.6358259121,    -0.1363081041,     0.7500035745,              nan
      0.380859375,    -0.6268400022,    -0.1358354228,     0.7500035745,              nan
        0.3828125,    -0.6179011793,     -0.135350297,     0.7500035745,              nan
      0.384765625,    -0.6090206446,    -0.1348557793,     0.7500035745,              nan
       0.38671875,    -0.6002071916,    -0.1343544015,     0.7500035745,              nan
      0.388671875,    -0.5914692068,    -0.1338486377,     0.7500035745,              nan
         0.390625,    -0.5828104912,    -0.1333406547,     0.7500035745,              nan
      0.392578125,    -0.5742401185,    -0.1328336768,     0.7500035745,              nan
       0.39453125,    -0.5657803041,    -0.1323335425,     0.7500035745,              nan
      0.396484375,    -0.5574596543,    -0.1318467243,     0.7500035745,              nan
        0.3984375,    -0.5493059247,    -0.1313802204,     0.7500035745,              nan
      0.400390625,    -0.5413395932,    -0.1309414917,     0.7500035745,              nan
       0.40234375,    -0.5335851495,    -0.1305379658,     0.7500035745,              nan
      0.404296875,    -0.5260637973,    -0.1301766739,     0.7500035745,              nan
          0.40625,      -0.51879227,    -0.1298637823,     0.7500035745,              nan
      0.408203125,    -0.5117825986,    -0.1296043192,     0.7500035745,              nan
       0.41015625,    -0.5050426158,    -0.1294021027,     0.7500035745,              nan
      0.412109375,    -0.4985769236,    -0.1292598431,     0.7500035745,              nan
        0.4140625,     -0.492388051,     -0.129179365,     0.7500035745,              nan
      0.416015625,    -0.4864775734,    -0.1291618892,     0.7500035745,              nan
       0.41796875,    -0.4808470364,    -0.1292083174,     0.7500035745,              nan
      0.419921875,    -0.4754986015,    -0.1293194776,     0.7500035745,              nan
         0.421875,    -0.4704353417,    -0.1294964161,     0.7500035745,              nan
      0.423828125,    -0.4656599994,    -0.1297407759,     0.7500035745,              nan
       0.42578125,     -0.461174688,    -0.1300540962,     0.7500035745,              nan
      0.427734375,    -0.4569819252,    -0.1304377644,     0.7500035745,              nan
        0.4296875,    -0.4530855474,    -0.1308932905,     0.7500035745,              nan
      0.431640625,    -0.4494932301,    -0.1314232609,     0.7500035745,              nan
       0.43359375,    -0.4462146031,    -0.1320306727,     0.7500035745,              nan
      0.435546875,    -0.4432585527,    -0.1327172129,     0.7500035745,              nan
           0.4375,    -0.4406338782,    -0.1334854268,     0.7500035745,              nan
      0.439453125,    -0.4383478546,    -0.1343374263,     0.7500035745,              nan
       0.44140625,    -0.4364066558,    -0.1352750443,     0.7500035745,              nan
      0.443359375,    -0.4348159195,    -0.1363000193,     0.7500035745,              nan
        0.4453125,    -0.4335813996,    -0.1374142256,     0.7500035745,              nan
      0.447265625,    -0.4327093731,    -0.1386198603,     0.7500035745,              nan
       0.44921875,    -0.4322061635,    -0.1399191521,     0.7500035745,              nan
      0.451171875,    -0.4320781211,    -0.1413143407,     0.7500035745,              nan
         0.453125,     -0.432331615,    -0.1428077149,     0.7500035745,              nan
      0.455078125,    -0.4329728687,    -0.1444015907,     0.7500035745,              nan
       0.45703125,    -0.4340076134,    -0.1460981285,     0.7500035745,              nan
      0.458984375,    -0.4354378555,    -0.1478953355,     0.7500035745,              nan
        0.4609375,    -0.4372589844,    -0.1497902547,     0.7500035745,              nan
      0.462890625,    -0.4394697326,    -0.1517839561,     0.7500035745,              nan
       0.46484375,    -0.4420731988,     -0.153878281,     0.7500035745,              nan
      0.466796875,     -0.445075097,    -0.1560755673,     0.7500035745,              nan
          0.46875,    -0.4484819311,    -0.1583783397,     0.7500035745,              nan
      0.470703125,    -0.4522994842,    -0.1607890341,     0.7500035745,              nan
       0.47265625,    -0.4565318065,    -0.1633097961,     0.7500035745,              nan
      0.474609375,    -0.4611807241,    -0.1659423642,     0.7500035745,              nan
        0.4765625,    -0.4662457809,    -0.1686880277,     0.7500035745,              nan
      0.478515625,    -0.4717244724,    -0.1715476424,     0.7500035745,              nan
       0.48046875,    -0.4776126885,    -0.1745217796,     0.7500035745,              nan
      0.482421875,    -0.4839071834,    -0.1776107034,     0.7500035745,              nan
         0.484375,    -0.4906037349,    -0.1808142568,     0.7500035745,              nan
      0.486328125,     -0.497694013,    -0.1841318388,     0.7500035745,              nan
       0.48828125,     -0.505168486,    -0.1875591683,     0.7500035745,              nan
      0.490234375,    -0.5130141904,    -0.1910937419,     0.7500035745,              nan
        0.4921875,    -0.5212182856,    -0.1947340293,     0.7500035745,              nan
      0.494140625,    -0.5297691333,     -0.198478863,     0.7500035745,              nan
       0.49609375,    -0.5386562396,    -0.2023273567,     0.7500035745,              nan
      0.498046875,    -0.5478698577,     -0.206278754,     0.7500035745,              nan
              0.5,    -0.5574004316,     -0.210332257,     0.7500035745,              nan
      0.501953125,    -0.5672380405,    -0.2144868707,     0.7500035745,              nan
       0.50390625,    -0.5773719579,    -0.2187412894,     0.7500035745,              nan
      0.505859375,    -0.5877903793,    -0.2230938342,     0.7500035745,              nan
        0.5078125,    -0.5984803248,    -0.2275424403,     0.7500035745,              nan
      0.509765625,     -0.609427685,    -0.2320846831,     0.7500035745,              nan
       0.51171875,    -0.6206173646,     -0.236717829,     0.7500035745,              nan
      0.513671875,     -0.632033472,    -0.2414388956,     0.7500035745,              nan
         0.515625,    -0.6436595105,    -0.2462447098,     0.7500035745,              nan
      0.517578125,    -0.6554785429,    -0.2511319544,     0.7500035745,              nan
       0.51953125,     -0.667473313,    -0.2560971995,     0.7500035745,              nan
      0.521484375,    -0.6796263211,    -0.2611369197,     0.7500035745,              nan
        0.5234375,    -0.6919202046,    -0.2662479611,     0.7500035745,              nan
      0.525390625,    -0.7043394321,    -0.2714279029,     0.7500035745,              nan
       0.52734375,    -0.7168672831,    -0.2766726396,     0.7500035745,              nan
      0.529296875,    -0.7294853959,    -0.2819778307,     0.7500035745,              nan
          0.53125,    -0.7421742341,    -0.2873388562,     0.7500035745,              nan
      0.533203125,    -0.7549136238,    -0.2927508859,     0.7500035745,              nan
       0.53515625,    -0.7676832423,    -0.2982089965,     0.7500035745,              nan
      0.537109375,    -0.7804629812,    -0.3037082857,     0.7500035745,              nan
        0.5390625,    -0.7932331502,    -0.3092439502,     0.7500035745,              nan
      0.541015625,    -0.8059745316,    -0.3148113186,     0.7500035745,              nan
       0.54296875,    -0.8186683198,     -0.320405842,     0.7500035745,              nan
      0.544921875,    -0.8312959947,    -0.3260230551,     0.7500035745,              nan
         0.546875,    -0.8438391785,    -0.3316585245,     0.7500035745,              nan
      0.548828125,    -0.8562795117,    -0.3373077983,     0.7500035745,              nan
       0.55078125,    -0.8685985727,    -0.3429663677,     0.7500035745,              nan
      0.552734375,    -0.8807778477,    -0.3486296445,     0.7500035745,              nan
        0.5546875,    -0.8927987478,    -0.3542929565,     0.7500035745,              nan
      0.556640625,    -0.9046423999,    -0.3599515637,     0.7500035745,              nan
       0.55859375,     -0.916282424,     -0.365600913,     0.7500035745,              nan
      0.560546875,    -0.9277051704,    -0.3712357206,     0.7500035745,              nan
           0.5625,     -0.938906996,     -0.376850938,     0.7500035745,              nan
      0.564453125,    -0.9498783829,    -0.3824418775,     0.7500035745,              nan
       0.56640625,    -0.9606050043,     -0.388003441,     0.7500035745,              nan
      0.568359375,    -0.9710662826,    -0.3935305938,     0.7500035745,              nan
        0.5703125,    -0.9812380946,    -0.3990180709,     0.7500035745,              nan
      0.572265625,    -0.9910957569,    -0.4044604161,     0.7500035745,              nan
       0.57421875,     -1.000615627,     -0.409852284,     0.7500035745,              nan
      0.576171875,      -1.00977601,    -0.4151886124,     0.7500035745,              nan
         0.578125,     -1.018557467,    -0.4204646799,     0.7500035745,              nan
      0.580078125,     -1.026942693,    -0.4256760783,     0.7500035745,              nan
       0.58203125,      -1.03491615,    -0.4308186362,     0.7500035745,              nan
      0.583984375,     -1.042463655,    -0.4358883358,     0.7500035745,              nan
        0.5859375,     -1.049572066,    -0.4408813039,     0.7500035745,              nan
      0.587890625,      -1.05622898,    -0.4457936848,     0.7500035745,              nan
       0.58984375,     -1.062422505,    -0.4506215247,     0.7500035745,              nan
      0.591796875,     -1.068141337,    -0.4553608343,     0.7500035745,              nan
          0.59375,     -1.073379157,    -0.4600101425,     0.7500035745,              nan
      0.595703125,     -1.078132751,     -0.464579529,     0.7500035745,              nan
       0.59765625,      -1.08238367,    -0.4690760623,     0.7500035745,              nan
      0.599609375,     -1.086104042,    -0.4734983606,     0.7500035745,              nan
        0.6015625,     -1.089265367,    -0.4778398977,     0.7500035745,              nan
      0.603515625,     -1.091845031,    -0.4820921941,     0.7500035745,              nan
       0.60546875,     -1.093830141,    -0.4862469612,     0.7500035745,              nan
      0.607421875,     -1.095219117,    -0.4902974415,     0.7500035745,              nan
         0.609375,     -1.096021976,    -0.4942400471,     0.7500035745,              nan
      0.611328125,     -1.096253481,    -0.4980710487,     0.7500035745,              nan
       0.61328125,     -1.095937877,    -0.5017955025,     0.7500035745,              nan
      0.615234375,     -1.095102256,    -0.5054199075,     0.7500035745,              nan
        0.6171875,     -1.093771002,    -0.5089490806,     0.7500035745,              nan
      0.619140625,      -1.09195523,    -0.5123882751,     0.7500035745,              nan
       0.62109375,      -1.08963479,    -0.5157423386,     0.7500035745,              nan
      0.623046875,     -1.086806247,    -0.5190273896,     0.7500035745,              nan
            0.625,     -1.083457126,    -0.5222489339,     0.7500035745,              nan
      0.626953125,      -1.07956817,    -0.5254030581,     0.7500035745,              nan
       0.62890625,     -1.075125928,    -0.5284832947,     0.7500035745,              nan
      0.630859375,     -1.070129684,    -0.5314844274,     0.7500035745,              nan
        0.6328125,     -1.064589925,    -0.5344027721,     0.7500035745,              nan
      0.634765625,     -1.058527901,    -0.5372380025,     0.7500035745,              nan
       0.63671875,      -1.05198888,    -0.5399982234,     0.7500035745,              nan
      0.638671875,     -1.045032219,    -0.5426958214,     0.7500035745,              nan
         0.640625,     -1.037717151,    -0.5453415894,     0.7500035745,              nan
      0.642578125,     -1.030091492,    -0.5479398885,     0.7500035745,              nan
       0.64453125,     -1.022184655,    -0.5504857276,     0.7500035745,              nan
      0.646484375,     -1.014004297,    -0.5529639067,     0.7500035745,              nan
        0.6484375,     -1.005533539,    -0.5553496958,     0.7500035745,              nan
      0.650390625,    -0.9967431324,    -0.5576133886,     0.7500035745,              nan
       0.65234375,    -0.9875982715,    -0.5597239887,     0.7500035745,              nan
      0.654296875,    -0.9780599355,    -0.5616515102,     0.7500035745,              nan
          0.65625,    -0.9680849417,    -0.5633685571,     0.7500035745,              nan
      0.658203125,    -0.9576250627,    -0.5648512428,     0.7500035745,              nan
       0.66015625,    -0.9466259234,    -0.5660798592,     0.7500035745,              nan
      0.662109375,    -0.9350278401,    -0.5670413216,     0.7500035745,              nan
        0.6640625,    -0.9227617592,    -0.5677255284,     0.7500035745,              nan
      0.666015625,    -0.9097478524,    -0.5681238069,     0.7500035745,              nan
       0.66796875,    -0.8958996565,    -0.5682320217,     0.7500035745,              nan
      0.669921875,    -0.8811270334,    -0.5680510596,     0.7500035745,              nan
         0.671875,    -0.8653400445,    -0.5675873112,     0.7500035745,              nan
      0.673828125,    -0.8484534644,    -0.5668530504,     0.7500035745,              nan
       0.67578125,    -0.8303786031,    -0.5658629768,     0.7500035745,              nan
      0.677734375,    -0.8110472382,    -0.5646333936,     0.7500035745,              nan
        0.6796875,    -0.7904593965,     -0.563196711,     0.7500035745,              nan
      0.681640625,    -0.7686309979,     -0.561596902,     0.7500035745,              nan
       0.68359375,    -0.7456512446,    -0.5598863652,     0.7500035745,              nan
      0.685546875,    -0.7217145192,    -0.5580695984,     0.7500035745,              nan
           0.6875,    -0.6969175457,    -0.5561858937,     0.7500035745,              nan
      0.689453125,    -0.6713475679,    -0.5542627501,     0.7500035745,              nan
       0.69140625,     -0.645082245,    -0.5523052557,     0.7500035745,              nan
      0.693359375,    -0.6181789639,    -0.5502583604,     0.7500035745,              nan
        0.6953125,    -0.5907618905,    -0.5480951624,     0.7500035745,              nan
      0.697265625,    -0.5629971708,     -0.545811443,     0.7500035745,              nan
       0.69921875,    -0.5350601788,    -0.5434271204,     0.7500035745,              nan
      0.701171875,    -0.5071396683,    -0.5409678894,     0.7500035745,              nan
         0.703125,    -0.4794211303,    -0.5384636531,     0.7500035745,              nan
      0.705078125,    -0.4520572185,    -0.5359423273,     0.7500035745,              nan
       0.70703125,      -0.42520234,     -0.533409335,     0.7500035745,              nan
      0.708984375,    -0.3990059298,    -0.5308732838,     0.7500035745,              nan
        0.7109375,    -0.3735992516,    -0.5283356543,     0.7500035745,              nan
      0.712890625,    -0.3490927421,    -0.5257911313,     0.7500035745,              nan
       0.71484375,    -0.3255744847,    -0.5232285345,     0.7500035745,              nan
      0.716796875,    -0.3030331682,    -0.5206429125,     0.7500035745,              nan
          0.71875,    -0.2813383908,    -0.5180302662,     0.7500035745,              nan
      0.720703125,    -0.2606192673,     -0.515400362,     0.7500035745,              nan
       0.72265625,    -0.2410689034,     -0.512800734,     0.7500035745,              nan
      0.724609375,    -0.2228494842,    -0.5102751838,     0.7500035745,              nan
        0.7265625,    -0.2060633272,    -0.5078530959,     0.7500035745,              nan
      0.728515625,    -0.1907717916,    -0.5055126867,     0.7500035745,              nan
       0.73046875,    -0.1770334914,    -0.5031904615,     0.7500035745,              nan
      0.732421875,    -0.1648082224,    -0.5008685229,     0.7500035745,              nan
         0.734375,    -0.1539866785,    -0.4985214852,     0.7500035745,              nan
      0.736328125,    -0.1444528443,    -0.4961320797,     0.7500035745,              nan
       0.73828125,     -0.136128002,    -0.4936876246,     0.7500035745,              nan
      0.740234375,    -0.1290747193,    -0.4911043878,     0.7500035745,              nan
        0.7421875,    -0.1232876012,    -0.4884304123,     0.7500035745,              nan
      0.744140625,    -0.1186520569,    -0.4856748973,     0.7500035745,              nan
       0.74609375,    -0.1150488493,    -0.4828309561,     0.7500035745,              nan
      0.748046875,    -0.1124059515,    -0.4798636648,     0.7500035745,              nan
             0.75,    -0.1106707117,    -0.4767502985,     0.7500035745,              nan
      0.751953125,    -0.1097430096,    -0.4734941346,     0.7500035745,              nan
       0.75390625,    -0.1095477394,    -0.4701030158,     0.7500035745,              nan
      0.755859375,    -0.1100432888,    -0.4665990615,     0.7500035745,              nan
        0.7578125,    -0.1112092328,    -0.4630127698,     0.7500035745,              nan
      0.759765625,    -0.1130330358,    -0.4593753858,     0.7500035745,              nan
       0.76171875,    -0.1155022953,     -0.455714341,     0.7500035745,              nan
      0.763671875,    -0.1186027044,    -0.4520521788,     0.7500035745,              nan
         0.765625,    -0.1223197279,    -0.4484078564,     0.7500035745,              nan
      0.767578125,     -0.126641158,     -0.444798954,     0.7500035745,              nan
       0.76953125,    -0.1315608559,    -0.4412445063,     0.7500035745,              nan
      0.771484375,    -0.1370828525,    -0.4377681022,     0.7500035745,              nan
        0.7734375,    -0.1432233546,     -0.434400304,     0.7500035745,              nan
      0.775390625,    -0.1499928865,    -0.4311697944,     0.7500035745,              nan
       0.77734375,    -0.1574626473,    -0.4280661983,     0.7500035745,              nan
      0.779296875,    -0.1658801507,     -0.425200121,     0.7500035745,              nan
          0.78125,     -0.175403599,    -0.4226822157,     0.7500035745,              nan
      0.783203125,     -0.186116243,    -0.4206111348,     0.7500035745,              nan
       0.78515625,     -0.198051359,    -0.4190764343,     0.7500035745,              nan
      0.787109375,    -0.2112064911,    -0.4181615085,     0.7500035745,              nan
        0.7890625,    -0.2255532391,    -0.4179466502,     0.7500035745,              nan
      0.791015625,    -0.2410492453,    -0.4185135172,     0.7500035745,              nan
       0.79296875,     -0.257651759,    -0.4199498904,     0.7500035745,              nan
      0.794921875,    -0.2753289755,     -0.422352725,     0.7500035745,              nan
         0.796875,    -0.2940661514,    -0.4258281905,     0.7500035745,              nan
      0.798828125,    -0.3138654025,    -0.4304886815,     0.7500035745,              nan
       0.80078125,    -0.3347403255,    -0.4364469785,     0.7500035745,              nan
      0.802734375,    -0.3567077736,    -0.4438088702,     0.7500035745,              nan
        0.8046875,     -0.379779313,    -0.4526661896,     0.7500035745,              nan
      0.806640625,    -0.4039534662,    -0.4630911145,     0.7500035745,              nan
       0.80859375,    -0.4292070473,    -0.4751316572,     0.7500035745,              nan
      0.810546875,     -0.455503699,     -0.488819455,     0.7500035745,              nan
           0.8125,     -0.482826066,     -0.504188653,     0.7500035745,              nan
      0.814453125,    -0.5111198763,    -0.5212058336,     0.7500035745,              nan
       0.81640625,    -0.5403503142,    -0.5398083179,     0.7500035745,              nan
      0.818359375,    -0.5704127802,    -0.5599063652,     0.7500035745,              nan
        0.8203125,    -0.6011413814,    -0.5813557287,     0.7500035745,              nan
      0.822265625,    -0.6325022043,    -0.6040287348,     0.7500035745,              nan
       0.82421875,    -0.6645424882,    -0.6278174355,     0.7500035745,              nan
      0.826171875,     -0.697348656,    -0.6526271401,     0.7500035745,              nan
         0.828125,    -0.7310867586,    -0.6783868628,     0.7500035745,              nan
      0.830078125,    -0.7659411138,      -0.70508223,     0.7500035745,              nan
       0.83203125,    -0.8019411509,    -0.7325611607,     0.7500035745,              nan
      0.833984375,    -0.8390478739,    -0.7606592383,     0.7500035745,              nan
        0.8359375,     -0.877165282,    -0.7892109512,     0.7500035745,              nan
      0.837890625,    -0.9161453506,    -0.8180485752,     0.7500035745,              nan
       0.83984375,    -0.9558050366,    -0.8470156821,     0.7500035745,              nan
      0.841796875,    -0.9959507992,    -0.8759827001,     0.7500035745,              nan
          0.84375,     -1.036395163,    -0.9048524308,     0.7500035745,              nan
      0.845703125,     -1.076965856,    -0.9335589835,     0.7500035745,              nan
       0.84765625,     -1.117515401,    -0.9620628054,     0.7500035745,              nan
      0.849609375,     -1.157925589,    -0.9903530731,     0.7500035745,              nan
        0.8515625,     -1.198094518,     -1.018436926,     0.7500035745,              nan
      0.853515625,      -1.23792021,     -1.046326316,     0.7500035745,              nan
       0.85546875,     -1.277261793,     -1.074039612,     0.7500035745,              nan
      0.857421875,     -1.315967707,     -1.101587644,     0.7500035745,              nan
         0.859375,       -1.3539097,     -1.128939089,     0.7500035745,              nan
      0.861328125,     -1.390937646,     -1.156028879,     0.7500035745,              nan
       0.86328125,     -1.426940153,     -1.182771815,     0.7500035745,              nan
      0.865234375,     -1.461787318,      -1.20909251,     0.7500035745,              nan
        0.8671875,      -1.49532797,     -1.234929804,     0.7500035745,              nan
      0.869140625,     -1.527439465,     -1.260225732,     0.7500035745,              nan
       0.87109375,     -1.558035864,     -1.284923947,     0.7500035745,              nan
      0.873046875,     -1.587056363,     -1.308970708,     0.7500035745,              nan
            0.875,     -1.614455124,     -1.332312406,     0.7500035745,              nan
      0.876953125,     -1.640190884,      -1.35489978,     0.7500035745,              nan
       0.87890625,     -1.664195962,     -1.376699057,     0.7500035745,              nan
      0.880859375,     -1.686423483,     -1.397656354,     0.7500035745,              nan
        0.8828125,      -1.70684614,     -1.417682574,     0.7500035745,              nan
      0.884765625,     -1.725479454,     -1.436713124,     0.7500035745,              nan
       0.88671875,      -1.74228237,     -1.454649307,     0.7500035745,              nan
      0.888671875,     -1.757224479,     -1.471446808,     0.7500035745,              nan
         0.890625,     -1.770285606,     -1.487124225,     0.7500035745,              nan
      0.892578125,     -1.781478778,     -1.501542273,     0.7500035745,              nan
       0.89453125,     -1.790606945,     -1.514718431,     0.7500035745,              nan
      0.896484375,     -1.797426503,     -1.526624502,     0.7500035745,              nan
        0.8984375,     -1.801858401,     -1.537224428,     0.7500035745,              nan
      0.900390625,     -1.803860843,     -1.546459044,     0.7500035745,              nan
       0.90234375,      -1.80339476,     -1.554210785,     0.7500035745,              nan
      0.904296875,     -1.800466785,     -1.560404585,     0.7500035745,              nan
          0.90625,     -1.795133214,     -1.565047162,     0.7500035745,              nan
      0.908203125,      -1.78747212,     -1.568173939,     0.7500035745,              nan
       0.91015625,     -1.777545979,     -1.569796029,     0.7500035745,              nan
      0.912109375,     -1.765404833,       -1.5699167,     0.7500035745,              nan
        0.9140625,      -1.75109024,     -1.568535941,     0.7500035745,              nan
      0.916015625,     -1.734637778,     -1.565651745,     0.7500035745,              nan
       0.91796875,     -1.716143595,     -1.561236895,     0.7500035745,              nan
      0.919921875,     -1.695766494,     -1.555198807,     0.7500035745,              nan
         0.921875,     -1.673438091,     -1.547481217,     0.7500035745,              nan
      0.923828125,     -1.649161116,     -1.538064231,     0.7500035745,              nan
       0.92578125,     -1.622982991,     -1.526947749,     0.7500035745,              nan
      0.927734375,     -1.594975697,     -1.514142071,     0.7500035745,              nan
        0.9296875,     -1.565222229,     -1.499663718,     0.7500035745,              nan
      0.931640625,     -1.533807766,     -1.483533757,     0.7500035745,              nan
       0.93359375,     -1.500814135,     -1.465776944,     0.7500035745,              nan
      0.935546875,     -1.466321496,      -1.44641054,     0.7500035745,              nan
           0.9375,     -1.430394133,     -1.425388251,     0.7500035745,              nan
      0.939453125,     -1.393070677,     -1.402748735,     0.7500035745,              nan
       0.94140625,      -1.35441531,     -1.378561214,     0.7500035745,              nan
      0.943359375,     -1.314495277,     -1.352901737,     0.7500035745,              nan
        0.9453125,     -1.273369338,     -1.325841302,     0.7500035745,              nan
      0.947265625,     -1.231082471,     -1.297440311,     0.7500035745,              nan
       0.94921875,     -1.187664714,     -1.267746847,     0.7500035745,              nan
      0.951171875,     -1.143133105,     -1.236797701,     0.7500035745,              nan
         0.953125,      -1.09749576,     -1.204621364,     0.7500035745,              nan
      0.955078125,     -1.050757045,     -1.171242134,     0.7500035745,              nan
       0.95703125,     -1.002922757,     -1.136684411,     0.7500035745,              nan
      0.958984375,     -0.954004446,      -1.10097635,     0.7500035745,              nan
        0.9609375,    -0.9040223861,     -1.064152397,     0.7500035745,              nan
      0.962890625,    -0.8530071179,     -1.026254548,     0.7500035745,              nan
       0.96484375,    -0.8009997886,    -0.9873325193,     0.7500035745,              nan
      0.966796875,    -0.7480517024,    -0.9474431996,     0.7500035745,              nan
          0.96875,    -0.6942234985,    -0.9066497796,     0.7500035745,              nan
      0.970703125,    -0.6395842844,    -0.8650208841,     0.7500035745,              nan
       0.97265625,    -0.5842109059,    -0.8226299061,     0.7500035745,              nan
      0.974609375,    -0.5281873961,    -0.7795545989,     0.7500035745,              nan
        0.9765625,    -0.4716045488,    -0.7358768822,     0.7500035745,              nan
      0.978515625,    -0.4145595202,    -0.6916827653,     0.7500035745,              nan
       0.98046875,    -0.3571553668,    -0.6470622854,     0.7500035745,              nan
      0.982421875,    -0.2994972074,    -0.6021079911,     0.7500035745,              nan
         0.984375,    -0.2416944436,    -0.5569132124,     0.7500035745,              nan
      0.986328125,    -0.1838831577,    -0.5115767491,     0.7500035745,              nan
       0.98828125,    -0.1262223191,    -0.4661984402,     0.7500035745,              nan
      0.990234375,   -0.06887479352,    -0.4208747282,     0.7500035745,              nan
        0.9921875,   -0.01198645097,    -0.3757009201,     0.7500035745,              nan
      0.994140625,    0.04433336554,    -0.3307765279,     0.7500035745,              nan
       0.99609375,    0.09997968007,    -0.2861975687,     0.7500035745,              nan
      0.998046875,     0.1548374583,    -0.2420613462,     0.7500035745,              nan
                1,     0.2087906384,    -0.1984710531,     0.7500035745,              nan
              nan,    -0.6199882309,    -0.3819559047,     0.7500035745,              nan
