 Time, Y-Force, Work integrand, Mass, Mass error
   0.0000000000000000      ,   2.5620113245761189E-004 ,  -9.8044848421625501E-065 ,   0.78534434027441824      , NaN
   1.2500000000000001E-002 ,  -1.8218940599679101E-003 ,  -6.7337294224639223E-007 ,   0.78534493688220219      , NaN
   2.5000000000000001E-002 ,  -8.3718089516064964E-003 ,  -1.0372723110762920E-005 ,   0.78534486304345252      , NaN
   3.7500000000000006E-002 ,  -1.9842184553818143E-002 ,  -5.1489922782244762E-005 ,   0.78534388867925276      , NaN
   5.0000000000000003E-002 ,  -3.5427967725484955E-002 ,  -1.5799025791413471E-004 ,   0.78534210932466864      , NaN
   6.2500000000000000E-002 ,  -5.4524964727739267E-002 ,  -3.7327456000386949E-004 ,   0.78533958098034984      , NaN
   7.4999999999999997E-002 ,  -7.8076530813297573E-002 ,  -7.5650178698563608E-004 ,   0.78533620529587544      , NaN
   8.7499999999999994E-002 , -0.10613372334683469      ,  -1.3762979363919209E-003 ,   0.78533190670583197      , NaN
   9.9999999999999992E-002 , -0.13843214397433634      ,  -2.3081484757499632E-003 ,   0.78532665672918445      , NaN
  0.11249999999999999      , -0.17483628431826137      ,  -3.6342703129438325E-003 ,   0.78532045175305865      , NaN
  0.13749999999999998      , -0.19097762557745934      ,  -1.6071815984603638E-003 ,   0.78530635622256928      , NaN
  0.14999999999999999      , -0.30423272740734220      ,  -1.0771869693597225E-002 ,   0.78529670026883114      , NaN
  0.16250000000000001      , -0.35202396847456008      ,  -1.4434657788914951E-002 ,   0.78528764357472891      , NaN
  0.17500000000000002      , -0.40000934594876902      ,  -1.8792209110050057E-002 ,   0.78527862095307888      , NaN
  0.18750000000000003      , -0.44524993581628536      ,  -2.3757739646825871E-002 ,   0.78527016017460283      , NaN
  0.20000000000000004      , -0.48465287606187069      ,  -2.9161630984862796E-002 ,   0.78526271285462546      , NaN
  0.21250000000000005      , -0.51696123971849861      ,  -3.4862225289953863E-002 ,   0.78525649248811158      , NaN
  0.22500000000000006      , -0.54307154815900116      ,  -4.0821251711384454E-002 ,   0.78525146490700415      , NaN
  0.23750000000000007      , -0.56425981183038143      ,  -4.7040833468049659E-002 ,   0.78524748709278192      , NaN
  0.25000000000000006      , -0.58073168279541409      ,  -5.3458375691094850E-002 ,   0.78524443938569477      , NaN
  0.26250000000000007      , -0.59200123658446735      ,  -5.9940879599822527E-002 ,   0.78524224576300883      , NaN
  0.27500000000000008      , -0.59793586141763022      ,  -6.6361385925585159E-002 ,   0.78524082914887616      , NaN
  0.28750000000000009      , -0.59899294331330921      ,  -7.2641125909759352E-002 ,   0.78524008616513963      , NaN
  0.30000000000000010      , -0.59585080769036658      ,  -7.8729751425867134E-002 ,   0.78523988968017444      , NaN
  0.31250000000000011      , -0.58928181797754497      ,  -8.4596315573873038E-002 ,   0.78524008488193364      , NaN
  0.32500000000000012      , -0.58034508881225211      ,  -9.0265364939953852E-002 ,   0.78524046219442911      , NaN
  0.33750000000000013      , -0.57057090344118677      ,  -9.5867115273707837E-002 ,   0.78524071201090706      , NaN
  0.35000000000000014      , -0.56201386033910250      , -0.10167311314705318      ,   0.78524039783327493      , NaN
  0.36250000000000016      , -0.55701329862099058      , -0.10808335748446329      ,   0.78523901345471536      , NaN
  0.37500000000000017      , -0.55746771661257366      , -0.11551867459005472      ,   0.78523613984669138      , NaN
  0.38750000000000018      , -0.56398339222696947      , -0.12425311929767213      ,   0.78523160360206634      , NaN
  0.40000000000000019      , -0.57575920323471852      , -0.13433533752185522      ,   0.78522550580900297      , NaN
  0.41250000000000020      , -0.59151851768268848      , -0.14570201156164808      ,   0.78521810527956659      , NaN
  0.42500000000000021      , -0.61061936142183448      , -0.15837500746819666      ,   0.78520967033153721      , NaN
  0.43750000000000022      , -0.63322476154113971      , -0.17252098011775852      ,   0.78520041331365686      , NaN
  0.45000000000000023      , -0.65953709932076698      , -0.18831448101541071      ,   0.78519052991894145      , NaN
  0.46250000000000024      , -0.68910206202523483      , -0.20577386809269194      ,   0.78518029957536384      , NaN
  0.47500000000000026      , -0.72081108529933147      , -0.22472536438120327      ,   0.78517018848072695      , NaN
  0.48750000000000027      , -0.75324456234003101      , -0.24485328384886285      ,   0.78516090020726437      , NaN
  0.50000000000000022      , -0.78479973877649734      , -0.26571671688497922      ,   0.78515334073412268      , NaN
  0.51250000000000018      , -0.81361700267152059      , -0.28672324300951102      ,   0.78514850582388629      , NaN
  0.52500000000000013      , -0.83767432688117349      , -0.30714793664631301      ,   0.78514731886503286      , NaN
  0.53750000000000009      , -0.85521339646474992      , -0.32625613181809587      ,   0.78515044792885735      , NaN
  0.55000000000000004      , -0.86530234258094030      , -0.34349937846574052      ,   0.78515815130330224      , NaN
  0.56250000000000000      , -0.86815072259104120      , -0.35867600717390324      ,   0.78517021903119666      , NaN
  0.57499999999999996      , -0.86485526801667767      , -0.37192102157373741      ,   0.78518603332704706      , NaN
  0.58749999999999991      , -0.85664277394977262      , -0.38348778942475814      ,   0.78520468733361404      , NaN
  0.59999999999999987      , -0.84418111873135349      , -0.39348459461389185      ,   0.78522507205659897      , NaN
  0.61249999999999982      , -0.82756846652344418      , -0.40181661062777829      ,   0.78524591028031887      , NaN
  0.62499999999999978      , -0.80697607452210196      , -0.40839830734006144      ,   0.78526577272761888      , NaN
  0.63749999999999973      , -0.78327996580276249      , -0.41342476511856763      ,   0.78528316289605615      , NaN
  0.64999999999999969      , -0.75812735655616237      , -0.41745619870724182      ,   0.78529673050442528      , NaN
  0.66249999999999964      , -0.73354840734029736      , -0.42130405216968470      ,   0.78530556099673443      , NaN
  0.67499999999999960      , -0.71157776624774804      , -0.42588795036970817      ,   0.78530940333464383      , NaN
  0.68749999999999956      , -0.69406840314723528      , -0.43215355276969758      ,   0.78530871366771593      , NaN
  0.69999999999999951      , -0.68250786680427744      , -0.44097633259659919      ,   0.78530450086128423      , NaN
  0.71249999999999947      , -0.67770248644517395      , -0.45298124790335015      ,   0.78529806649486245      , NaN
  0.72499999999999942      , -0.67951776512126649      , -0.46836355508966676      ,   0.78529078231232208      , NaN
  0.73749999999999938      , -0.68697799613039923      , -0.48687941720801264      ,   0.78528400082276673      , NaN
  0.74999999999999933      , -0.69877107424846230      , -0.50806368254277912      ,   0.78527894699126399      , NaN
  0.76249999999999929      , -0.71382967912148132      , -0.53152455582087921      ,   0.78527683257361958      , NaN
  0.77499999999999925      , -0.73153100854312836      , -0.55706042018531976      ,   0.78527891991762611      , NaN
  0.78749999999999920      , -0.75134596508856610      , -0.58447257208203585      ,   0.78528655213106680      , NaN
  0.79999999999999916      , -0.77225531159755700      , -0.61322208256856348      ,   0.78530080992895179      , NaN
  0.81249999999999911      , -0.79245776473001950      , -0.64223291699146712      ,   0.78532243379427136      , NaN
  0.82499999999999907      , -0.80962509973836738      , -0.67001669356359983      ,   0.78535168190799653      , NaN
  0.83749999999999902      , -0.82146256466495160      , -0.69500759754433350      ,   0.78538819320798625      , NaN
  0.84999999999999898      , -0.82619507935870828      , -0.71588377170636042      ,   0.78543087903424547      , NaN
  0.86249999999999893      , -0.82283731431741103      , -0.73177497448484274      ,   0.78547790700875331      , NaN
  0.87499999999999889      , -0.81126545171312081      , -0.74234610759678521      ,   0.78552684228588643      , NaN
  0.88749999999999885      , -0.79214886309475308      , -0.74778599520544198      ,   0.78557498949808469      , NaN
  0.89999999999999880      , -0.76680304707741254      , -0.74874353096063206      ,   0.78561983885308617      , NaN
  0.91249999999999876      , -0.73682427440676523      , -0.74611898307379754      ,   0.78565936950517679      , NaN
  0.92499999999999871      , -0.70366123176456430      , -0.74079550332071786      ,   0.78569217747342623      , NaN
  0.93749999999999867      , -0.66845482933749878      , -0.73351578305317489      ,   0.78571738782032374      , NaN
  0.94999999999999862      , -0.63223799655488833      , -0.72498708774839926      ,   0.78573440538202566      , NaN
  0.96249999999999858      , -0.59627458290838486      , -0.71609253301081033      ,   0.78574281866238727      , NaN
  0.97499999999999853      , -0.56219077430611097      , -0.70798030049443739      ,   0.78574245130164133      , NaN
  0.98749999999999849      , -0.53174298019798361      , -0.70190887602503160      ,   0.78573351554705362      , NaN
  0.99999999999999845      , -0.50638629257028978      , -0.69894344329825930      ,   0.78571674920222123      , NaN
