Time, Y-Force, Work integrand, Mass, Mass error
0  1.3877788e-15  0  0.78007914  nan
0.00073544093  -1.2667607e-06  7.9919424e-13  0.78007914   nan
0.0014708818  -9.5210069e-06  -2.4804739e-11  0.78007914   nan
0.0022063227  -2.9022934e-05  -2.0017953e-10  0.78007914   nan
0.0029417634  -6.2113966e-05  -8.104957e-10  0.78007914   nan
0.0036772038  -0.00010996921  -2.3285931e-09  0.78007914   nan
0.0044126438  -0.0001730393  -5.4118454e-09  0.78007914   nan
0.0051480832  -0.0002514604  -1.0887834e-08  0.78007914   nan
0.0058835219  -0.000344939  -1.9755344e-08  0.78007914   nan
0.0066189598  -0.00045325883  -3.3164009e-08  0.78007914   nan
0.0073543966  -0.00057623329  -5.2445409e-08  0.78007914   nan
0.0080898323  -0.00071369012  -7.9058794e-08  0.78007914   nan
0.0088252667  -0.00086554479  -1.146614e-07  0.78007914   nan
0.0095606996  -0.0010319238  -1.6106127e-07  0.78007914   nan
0.010296131  -0.0012129746  -2.2026333e-07  0.78007914   nan
0.01103156  -0.0014076289  -2.9421089e-07  0.78007914   nan
0.011766988  -0.0016163187  -3.8523507e-07  0.78007914   nan
0.012502413  -0.0018394234  -4.9583426e-07  0.78007914   nan
0.013237837  -0.0020765449  -6.2851025e-07  0.78007914   nan
0.013973257  -0.0023280853  -7.8610319e-07  0.78007914   nan
0.014708675  -0.0025941321  -9.7154188e-07  0.78007914   nan
0.01544409  -0.0028746821  -1.1879193e-06  0.78007914   nan
0.016179502  -0.0031700142  -1.438576e-06  0.78007914   nan
0.016914911  -0.0034798447  -1.7268075e-06  0.78007914   nan
0.017650317  -0.0038040487  -2.0560939e-06  0.78007914   nan
0.018385719  -0.0041430134  -2.4303275e-06  0.78007914   nan
0.019121117  -0.0044962858  -2.8531324e-06  0.78007914   nan
0.019856511  -0.004864022  -3.3285974e-06  0.78007914   nan
0.020591901  -0.0052464925  -3.861004e-06  0.78007914   nan
0.021327286  -0.0056437821  -4.454817e-06  0.78007914   nan
0.022062667  -0.0060554106  -5.1142236e-06  0.78007914   nan
0.022798044  -0.0064814922  -5.8437919e-06  0.78007914   nan
0.023533415  -0.0069222854  -6.6484695e-06  0.78007914   nan
0.024268781  -0.0073778294  -7.5332936e-06  0.78007914   nan
0.025004141  -0.0078482017  -8.5034503e-06  0.78007914   nan
0.025739496  -0.0083334288  -9.5642653e-06  0.78007914   nan
0.026474845  -0.0088335079  -1.0721134e-05  0.78007914   nan
0.027210187  -0.0093485283  -1.1979781e-05  0.78007914   nan
0.027945524  -0.0098788418  -1.3346181e-05  0.78007914   nan
0.028680854  -0.010423593  -1.4825367e-05  0.78007914   nan
0.029416177  -0.010982402  -1.6422891e-05  0.78007914   nan
0.030151493  -0.011555963  -1.8145582e-05  0.78007914   nan
0.030886801  -0.012144574  -2.000009e-05  0.78007914   nan
0.031622103  -0.012748368  -2.1993099e-05  0.78007914   nan
0.032357396  -0.013367183  -2.413106e-05  0.78007914   nan
0.033092682  -0.014001056  -2.6420834e-05  0.78007914   nan
0.033827959  -0.014649985  -2.8869352e-05  0.78007914   nan
0.034563228  -0.01531396  -3.1483708e-05  0.78007914   nan
0.035298488  -0.01599297  -3.4271111e-05  0.78007914   nan
0.03603374  -0.016687013  -3.7238949e-05  0.78007914   nan
0.036768982  -0.017396272  -4.0395006e-05  0.78007914   nan
0.037504214  -0.018121221  -4.3747771e-05  0.78007914   nan
0.038239437  -0.018860502  -4.7302906e-05  0.78007914   nan
0.03897465  -0.01961377  -5.1067613e-05  0.78007914   nan
0.039709853  -0.020381928  -5.5051443e-05  0.78007914   nan
0.040445046  -0.021165394  -5.9263391e-05  0.78007914   nan
0.041180227  -0.021964343  -6.371222e-05  0.78007914   nan
0.041915398  -0.022778848  -6.8406674e-05  0.78007914   nan
0.042650558  -0.023608858  -7.3355438e-05  0.78007914   nan
0.043385706  -0.024454169  -7.8567031e-05  0.78007914   nan
0.044120842  -0.025314849  -8.4050709e-05  0.78007914   nan
0.044855967  -0.026190666  -8.9814954e-05  0.78007914   nan
0.045591079  -0.027081555  -9.5868833e-05  0.78007914   nan
0.046326178  -0.027987544  -0.00010222183  0.78007914   nan
0.047061265  -0.028908698  -0.00010888372  0.78007914   nan
0.047796339  -0.029845097  -0.00011586446  0.78007914   nan
0.048531399  -0.030796796  -0.00012317414  0.78007914   nan
0.049266446  -0.031763797  -0.00013082275  0.78007914   nan
0.05000148  -0.032746088  -0.00013882022  0.78007914   nan
0.050736499  -0.033743776  -0.00014717726  0.78007914   nan
0.051471503  -0.034756952  -0.00015590467  0.78007914   nan
0.052206493  -0.035785696  -0.0001650134  0.78007914   nan
0.052941468  -0.036830072  -0.00017451453  0.78007914   nan
0.053676428  -0.03789007  -0.00018441896  0.78007914   nan
0.054411373  -0.038965946  -0.00019473841  0.78007914   nan
0.055146301  -0.040057883  -0.00020548446  0.78007914   nan
0.055881214  -0.041164615  -0.00021666393  0.78007914   nan
0.05661611  -0.042284682  -0.00022828267  0.78007914   nan
0.05735099  -0.043419054  -0.0002403551  0.78007914   nan
0.058085853  -0.044568318  -0.0002528949  0.78007914   nan
0.058820699  -0.045733016  -0.00026591583  0.78007914   nan
0.059555527  -0.046913577  -0.00027943173  0.78007914   nan
0.060290338  -0.048110204  -0.00029345576  0.78007914   nan
0.061025131  -0.049322899  -0.00030800036  0.78007914   nan
0.061759905  -0.050551561  -0.00032307769  0.78007914   nan
0.062494661  -0.051796405  -0.000338702  0.78007914   nan
0.063229398  -0.053057015  -0.00035488362  0.78007914   nan
0.063964116  -0.054332138  -0.00037162727  0.78007914   nan
0.064698815  -0.055621509  -0.0003889442  0.78007914   nan
0.065433494  -0.056925097  -0.00040684674  0.78007914   nan
0.066168153  -0.058243048  -0.00042534849  0.78007914   nan
0.066902792  -0.05957561  -0.00044446392  0.78007914   nan
0.06763741  -0.060923047  -0.00046420782  0.78007914   nan
0.068372008  -0.062285574  -0.0004845949  0.78007914   nan
0.069106584  -0.063663332  -0.00050563954  0.78007914   nan
0.069841139  -0.065056379  -0.00052735572  0.78007914   nan
0.070575673  -0.066464707  -0.00054975698  0.78007914   nan
0.071310184  -0.067888263  -0.00057285668  0.78007914   nan
0.072044673  -0.069326978  -0.0005966681  0.78007914   nan
0.07277914  -0.070780783  -0.00062120465  0.78007914   nan
0.073513584  -0.072249622  -0.00064647988  0.78007914   nan
0.074248004  -0.073733487  -0.00067250793  0.78007914   nan
0.074982401  -0.075231866  -0.0006992983  0.78007914   nan
0.075716775  -0.0767449  -0.00072686645  0.78007914   nan
0.076451125  -0.078272893  -0.00075522968  0.78007914   nan
0.07718545  -0.079816153  -0.00078440571  0.78007914   nan
0.077919751  -0.08137493  -0.00081441201  0.78007914   nan
0.078654026  -0.082949359  -0.0008452652  0.78007914   nan
0.079388277  -0.084539381  -0.00087697997  0.78007914   nan
0.080122502  -0.08614477  -0.00090956925  0.78007914   nan
0.080856702  -0.08776525  -0.0009430453  0.78007914   nan
0.081590875  -0.089400619  -0.00097742118  0.78007914   nan
0.082325022  -0.091050799  -0.0010127113  0.78007914   nan
0.083059142  -0.092715815  -0.0010489315  0.78007914   nan
0.083793236  -0.094395765  -0.0010860985  0.78007914   nan
0.084527302  -0.096090786  -0.0011242298  0.78007914   nan
0.08526134  -0.097801026  -0.0011633431  0.78007914   nan
0.085995351  -0.099526615  -0.0012034563  0.78007914   nan
0.086729334  -0.10126763  -0.0012445863  0.78007914   nan
0.087463288  -0.10302402  -0.0012867493  0.78007914   nan
0.088197213  -0.10479569  -0.0013299602  0.78007914   nan
0.088931109  -0.10658257  -0.0013742347  0.78007914   nan
0.089664976  -0.10838462  -0.0014195887  0.78007914   nan
0.090398813  -0.11020182  -0.0014660387  0.78007914   nan
0.091132621  -0.11203414  -0.0015136009  0.78007914   nan
0.091866398  -0.11388153  -0.0015622919  0.78007914   nan
0.092600144  -0.11574395  -0.0016121278  0.78007914   nan
0.09333386  -0.11762131  -0.0016631246  0.78007914   nan
0.094067544  -0.11951356  -0.0017152985  0.78007914   nan
0.094801197  -0.12142059  -0.0017686655  0.78007914   nan
0.095534818  -0.12334234  -0.0018232416  0.78007914   nan
0.096268407  -0.12527871  -0.0018790425  0.78007914   nan
0.097001963  -0.12722969  -0.0019360857  0.78007914   nan
0.097735487  -0.12919559  -0.0019943937  0.78007914   nan
0.098468978  -0.13117615  -0.0020539796  0.78007914   nan
0.099202435  -0.13317091  -0.0021148534  0.78007914   nan
0.099935859  -0.13517894  -0.0021770162  0.78007914   nan
0.10066925  -0.13720044  -0.0022404886  0.78007914   nan
0.1014026  -0.13923567  -0.002305292  0.78007914   nan
0.10213592  -0.14128485  -0.002371448  0.78007914   nan
0.10286921  -0.14334816  -0.0024389774  0.78007914   nan
0.10360246  -0.14542571  -0.0025079006  0.78007914   nan
0.10433568  -0.14751756  -0.0025782365  0.78007914   nan
0.10506886  -0.14962369  -0.0026500027  0.78007914   nan
0.105802  -0.151744  -0.0027232155  0.78007914   nan
0.10653511  -0.15387831  -0.0027978899  0.78007914   nan
0.10726818  -0.15602649  -0.002874042  0.78007914   nan
0.10800121  -0.1581885  -0.0029516891  0.78007914   nan
0.1087342  -0.16036429  -0.0030308483  0.78007914   nan
0.10946716  -0.16255383  -0.003111537  0.78007914   nan
0.11020008  -0.16475703  -0.0031937715  0.78007914   nan
0.11093296  -0.16697371  -0.003277567  0.78007914   nan
0.11166581  -0.16920373  -0.0033629386  0.78007914   nan
0.11239861  -0.17144699  -0.0034499021  0.78007914   nan
0.11313137  -0.17370339  -0.0035384738  0.78007914   nan
0.1138641  -0.1759729  -0.0036286704  0.78007914   nan
0.11459678  -0.17825546  -0.0037205089  0.78007914   nan
0.11532943  -0.18055103  -0.0038140065  0.78007914   nan
0.11606203  -0.18285951  -0.0039091789  0.78007914   nan
0.11679459  -0.1851808  -0.0040060419  0.78007914   nan
0.11752712  -0.18751481  -0.0041046117  0.78007914   nan
0.1182596  -0.18986146  -0.0042049051  0.78007914   nan
0.11899203  -0.19222071  -0.0043069399  0.78007914   nan
0.11972443  -0.19459246  -0.0044107327  0.78007914   nan
0.12045678  -0.19697662  -0.0045162998  0.78007914   nan
0.12118909  -0.19937311  -0.0046236583  0.78007914   nan
0.12192136  -0.20178188  -0.0047328254  0.78007914   nan
0.12265359  -0.20420289  -0.0048438192  0.78007914   nan
0.12338577  -0.20663614  -0.0049566575  0.78007914   nan
0.1241179  -0.20908159  -0.005071358  0.78007914   nan
0.12484999  -0.21153918  -0.005187938  0.78007914   nan
0.12558204  -0.21400885  -0.0053064138  0.78007914   nan
0.12631404  -0.21649049  -0.0054268011  0.78007914   nan
0.127046  -0.21898397  -0.0055491153  0.78007914   nan
0.12777791  -0.22148914  -0.0056733706  0.78007914   nan
0.12850977  -0.22400583  -0.005799581  0.78007914   nan
0.12924159  -0.22653388  -0.0059277605  0.78007914   nan
0.12997336  -0.22907311  -0.0060579228  0.78007914   nan
0.13070508  -0.23162336  -0.0061900817  0.78007914   nan
0.13143675  -0.23418444  -0.0063242504  0.78007914   nan
0.13216838  -0.23675614  -0.0064604417  0.78007914   nan
0.13289996  -0.23933824  -0.0065986678  0.78007914   nan
0.13363149  -0.24193054  -0.0067389412  0.78007914   nan
0.13436298  -0.24453284  -0.0068812746  0.78007914   nan
0.13509441  -0.24714499  -0.0070256818  0.78007914   nan
0.13582579  -0.24976687  -0.0071721771  0.78007914   nan
0.1365571  -0.25239828  -0.0073207731  0.78007914   nan
0.13728832  -0.25503902  -0.0074714778  0.78007914   nan
0.13801946  -0.25768898  -0.0076243031  0.78007914   nan
0.13875051  -0.26034802  -0.0077792619  0.78007914   nan
0.13948147  -0.26301599  -0.0079363665  0.78007914   nan
0.14021235  -0.26569276  -0.0080956294  0.78007914   nan
0.14094314  -0.26837809  -0.00825706  0.78007914   nan
0.14167385  -0.27107167  -0.0084206661  0.78007914   nan
0.14240447  -0.2737732  -0.0085864543  0.78007914   nan
0.14313499  -0.27648225  -0.0087544297  0.78007914   nan
0.14386543  -0.27919837  -0.0089245959  0.78007914   nan
0.14459579  -0.28192122  -0.0090969587  0.78007914   nan
0.14532605  -0.28465049  -0.0092715242  0.78007914   nan
0.14605622  -0.28738592  -0.0094482992  0.78007914   nan
0.1467863  -0.2901273  -0.0096272915  0.78007914   nan
0.14751629  -0.29287442  -0.009808509  0.78007914   nan
0.14824619  -0.29562708  -0.0099919589  0.78007914   nan
0.148976  -0.29838502  -0.010177647  0.78007914   nan
0.14970571  -0.30114796  -0.010365579  0.78007914   nan
0.15043534  -0.30391555  -0.010555756  0.78007914   nan
0.15116487  -0.3066874  -0.01074818  0.78007914   nan
0.1518943  -0.30946308  -0.010942851  0.78007914   nan
0.15262365  -0.31224213  -0.011139765  0.78007914   nan
0.15335289  -0.31502408  -0.011338921  0.78007914   nan
0.15408205  -0.31780845  -0.011540314  0.78007914   nan
0.15481111  -0.32059477  -0.011743942  0.78007914   nan
0.15554007  -0.32338256  -0.011949798  0.78007914   nan
0.15626894  -0.32617135  -0.012157877  0.78007914   nan
0.15699771  -0.32896065  -0.012368174  0.78007914   nan
0.15772638  -0.33175001  -0.012580682  0.78007914   nan
0.15845496  -0.33453896  -0.012795394  0.78007914   nan
0.15918344  -0.33732706  -0.013012304  0.78007914   nan
0.15991182  -0.34011389  -0.013231405  0.78007914   nan
0.1606401  -0.34289901  -0.013452691  0.78007914   nan
0.16136829  -0.34568203  -0.013676155  0.78007914   nan
0.16209638  -0.34846253  -0.01390179  0.78007914   nan
0.16282436  -0.35124009  -0.014129587  0.78007914   nan
0.16355225  -0.3540143  -0.014359539  0.78007914   nan
0.16428004  -0.35678477  -0.014591637  0.78007914   nan
0.16500772  -0.3595511  -0.014825872  0.78007914   nan
0.16573531  -0.36231288  -0.015062234  0.78007914   nan
0.16646279  -0.36506942  -0.015300702  0.78007914   nan
0.16719017  -0.36782007  -0.015541251  0.78007914   nan
0.16791745  -0.37056426  -0.015783865  0.78007914   nan
0.16864463  -0.37330123  -0.01602852  0.78007914   nan
0.16937171  -0.37603031  -0.016275199  0.78007914   nan
0.17009868  -0.37875131  -0.016523896  0.78007914   nan
0.17082555  -0.38146424  -0.016774611  0.78007914   nan
0.17155231  -0.38416909  -0.017027343  0.78007914   nan
0.17227897  -0.38686574  -0.017282084  0.78007914   nan
0.17300553  -0.38955359  -0.017538804  0.78007914   nan
0.17373198  -0.39223212  -0.017797477  0.78007914   nan
0.17445833  -0.39490085  -0.018058084  0.78007914   nan
0.17518457  -0.39755938  -0.018320607  0.78007914   nan
0.1759107  -0.40020711  -0.018585025  0.78007914   nan
0.17663673  -0.40284329  -0.01885131  0.78007914   nan
0.17736265  -0.40546735  -0.019119441  0.78007914   nan
0.17808847  -0.40807895  -0.0193894  0.78007914   nan
0.17881418  -0.41067775  -0.01966117  0.78007914   nan
0.17953978  -0.41326341  -0.019934731  0.78007914   nan
0.18026527  -0.41583554  -0.020210062  0.78007914   nan
0.18099066  -0.41839372  -0.020487138  0.78007914   nan
0.18171593  -0.42093752  -0.020765932  0.78007914   nan
0.1824411  -0.42346649  -0.021046418  0.78007914   nan
0.18316616  -0.42598021  -0.021328569  0.78007914   nan
0.18389111  -0.42847827  -0.021612358  0.78007914   nan
0.18461595  -0.4309603  -0.021897759  0.78007914   nan
0.18534069  -0.43342592  -0.022184747  0.78007914   nan
0.18606531  -0.43587483  -0.022473298  0.78007914   nan
0.18678982  -0.43830664  -0.022763386  0.78007914   nan
0.18751422  -0.44072091  -0.023054979  0.78007914   nan
0.1882385  -0.44311727  -0.023348048  0.78007914   nan
0.18896268  -0.44549542  -0.023642568  0.78007914   nan
0.18968675  -0.44785518  -0.023938518  0.78007914   nan
0.1904107  -0.4501964  -0.024235882  0.78007914   nan
0.19113454  -0.45251898  -0.024534642  0.78007914   nan
0.19185827  -0.45482291  -0.024834789  0.78007914   nan
0.19258189  -0.45710817  -0.025136309  0.78007914   nan
0.19330539  -0.45937476  -0.025439192  0.78007914   nan
0.19402878  -0.46162263  -0.025743422  0.78007914   nan
0.19475206  -0.46385169  -0.026048983  0.78007914   nan
0.19547523  -0.46606179  -0.026355854  0.78007914   nan
0.19619828  -0.46825275  -0.026664012  0.78007914   nan
0.19692121  -0.4704242  -0.026973427  0.78007914   nan
0.19764403  -0.47257577  -0.027284065  0.78007914   nan
0.19836674  -0.47470722  -0.027595899  0.78007914   nan
0.19908933  -0.4768183  -0.027908898  0.78007914   nan
0.1998118  -0.47890877  -0.028223035  0.78007914   nan
0.20053417  -0.48097844  -0.02853828  0.78007914   nan
0.20125641  -0.48302712  -0.028854608  0.78007914   nan
0.20197854  -0.48505473  -0.029171998  0.78007914   nan
0.20270055  -0.48706122  -0.029490431  0.78007914   nan
0.20342245  -0.4890466  -0.029809892  0.78007914   nan
0.20414423  -0.49101093  -0.030130369  0.78007914   nan
0.20486589  -0.4929543  -0.030451853  0.78007914   nan
0.20558743  -0.49487679  -0.030774332  0.78007914   nan
0.20630886  -0.49677841  -0.031097792  0.78007914   nan
0.20703017  -0.49865915  -0.031422218  0.78007914   nan
0.20775136  -0.50051905  -0.031747595  0.78007914   nan
0.20847244  -0.50235815  -0.032073909  0.78007914   nan
0.20919339  -0.50417642  -0.032401141  0.78007914   nan
0.20991423  -0.50597374  -0.032729261  0.78007914   nan
0.21063495  -0.50775006  -0.033058241  0.78007914   nan
0.21135555  -0.50950536  -0.033388055  0.78007914   nan
0.21207603  -0.51123959  -0.033718682  0.78007914   nan
0.21279639  -0.51295278  -0.034050108  0.78007914   nan
0.21351663  -0.5146451  -0.034382325  0.78007914   nan
0.21423675  -0.51631677  -0.034715334  0.78007914   nan
0.21495675  -0.51796798  -0.035049132  0.78007914   nan
0.21567663  -0.51959893  -0.035383716  0.78007914   nan
0.21639639  -0.52120975  -0.035719076  0.78007914   nan
0.21711602  -0.52280004  -0.036055165  0.78007914   nan
0.21783554  -0.52436959  -0.036391947  0.78007914   nan
0.21855494  -0.52591833  -0.036729396  0.78007914   nan
0.21927421  -0.52744632  -0.037067498  0.78007914   nan
0.21999337  -0.52895371  -0.037406245  0.78007914   nan
0.2207124  -0.53044072  -0.037745631  0.78007914   nan
0.22143131  -0.53190756  -0.038085654  0.78007914   nan
0.22215009  -0.53335447  -0.038426311  0.78007914   nan
0.22286876  -0.53478165  -0.038767594  0.78007914   nan
0.2235873  -0.53618925  -0.039109498  0.78007914   nan
0.22430572  -0.53757743  -0.039452011  0.78007914   nan
0.22502401  -0.53894629  -0.03979512  0.78007914   nan
0.22574218  -0.54029589  -0.040138809  0.78007914   nan
0.22646023  -0.54162622  -0.040483057  0.78007914   nan
0.22717816  -0.54293726  -0.040827841  0.78007914   nan
0.22789596  -0.544229  -0.04117314  0.78007914   nan
0.22861364  -0.54550145  -0.041518934  0.78007914   nan
0.22933119  -0.54675465  -0.041865206  0.78007914   nan
0.23004862  -0.54798866  -0.042211941  0.78007914   nan
0.23076592  -0.54920356  -0.042559124  0.78007914   nan
0.2314831  -0.55039947  -0.042906745  0.78007914   nan
0.23220015  -0.55157651  -0.043254792  0.78007914   nan
0.23291708  -0.55273481  -0.043603257  0.78007914   nan
0.23363388  -0.5538745  -0.04395213  0.78007914   nan
0.23435055  -0.55499571  -0.0443014  0.78007914   nan
0.23506711  -0.55609853  -0.044651055  0.78007914   nan
0.23578353  -0.55718302  -0.045001078  0.78007914   nan
0.23649983  -0.55824922  -0.04535145  0.78007914   nan
0.237216  -0.55929718  -0.045702152  0.78007914   nan
0.23793204  -0.56032697  -0.046053169  0.78007914   nan
0.23864796  -0.56133869  -0.046404489  0.78007914   nan
0.23936375  -0.56233244  -0.046756101  0.78007914   nan
0.24007942  -0.56330836  -0.047107996  0.78007914   nan
0.24079495  -0.56426666  -0.04746017  0.78007914   nan
0.24151036  -0.5652075  -0.047812619  0.78007914   nan
0.24222564  -0.56613105  -0.048165334  0.78007914   nan
0.24294079  -0.56703741  -0.048518305  0.78007914   nan
0.24365582  -0.56792664  -0.048871518  0.78007914   nan
0.24437071  -0.56879875  -0.049224954  0.78007914   nan
0.24508548  -0.56965372  -0.049578593  0.78007914   nan
0.24580012  -0.57049148  -0.04993241  0.78007914   nan
0.24651463  -0.57131199  -0.050286382  0.78007914   nan
0.24722901  -0.57211518  -0.050640484  0.78007914   nan
0.24794327  -0.572901  -0.050994691  0.78007914   nan
0.24865739  -0.57366944  -0.05134898  0.78007914   nan
0.24937138  -0.57442046  -0.05170333  0.78007914   nan
0.25008524  -0.57515409  -0.05205772  0.78007914   nan
0.25079898  -0.57587035  -0.05241213  0.78007914   nan
0.25151258  -0.57656927  -0.052766542  0.78007914   nan
0.25222605  -0.57725092  -0.053120939  0.78007914   nan
0.2529394  -0.57791534  -0.053475304  0.78007914   nan
0.25365261  -0.57856259  -0.053829621  0.78007914   nan
0.25436569  -0.57919275  -0.054183873  0.78007914   nan
0.25507864  -0.57980586  -0.054538045  0.78007914   nan
0.25579146  -0.58040198  -0.054892119  0.78007914   nan
0.25650415  -0.58098117  -0.055246079  0.78007914   nan
0.25721671  -0.58154347  -0.055599908  0.78007914   nan
0.25792913  -0.58208893  -0.055953589  0.78007914   nan
0.25864142  -0.58261759  -0.056307104  0.78007914   nan
0.25935359  -0.5831295  -0.056660435  0.78007914   nan
0.26006562  -0.58362469  -0.057013566  0.78007914   nan
0.26077751  -0.58410321  -0.057366477  0.78007914   nan
0.26148928  -0.5845651  -0.057719153  0.78007914   nan
0.26220091  -0.58501041  -0.058071573  0.78007914   nan
0.26291241  -0.58543917  -0.058423722  0.78007914   nan
0.26362378  -0.58585143  -0.05877558  0.78007914   nan
0.26433501  -0.58624724  -0.05912713  0.78007914   nan
0.26504611  -0.58662664  -0.059478355  0.78007914   nan
0.26575708  -0.58698969  -0.059829236  0.78007914   nan
0.26646792  -0.58733643  -0.060179756  0.78007914   nan
0.26717862  -0.58766691  -0.060529896  0.78007914   nan
0.26788918  -0.58798118  -0.060879639  0.78007914   nan
0.26859962  -0.58827929  -0.061228968  0.78007914   nan
0.26930992  -0.5885613  -0.061577863  0.78007914   nan
0.27002008  -0.58882725  -0.061926309  0.78007914   nan
0.27073011  -0.58907722  -0.062274287  0.78007914   nan
0.27144001  -0.58931125  -0.062621781  0.78007914   nan
0.27214977  -0.58952935  -0.062968767  0.78007914   nan
0.2728594  -0.5897315  -0.063315218  0.78007914   nan
0.27356889  -0.58991769  -0.06366111  0.78007914   nan
0.27427825  -0.59008794  -0.06400642  0.78007914   nan
0.27498747  -0.59024232  -0.064351131  0.78007914   nan
0.27569655  -0.59038091  -0.064695229  0.78007914   nan
0.2764055  -0.59050386  -0.065038704  0.78007914   nan
0.27711432  -0.59061132  -0.065381551  0.78007914   nan
0.277823  -0.59070346  -0.065723764  0.78007914   nan
0.27853154  -0.59078046  -0.066065339  0.78007914   nan
0.27923995  -0.59084248  -0.06640627  0.78007914   nan
0.27994822  -0.59088967  -0.066746553  0.78007914   nan
0.28065636  -0.59092219  -0.067086179  0.78007914   nan
0.28136436  -0.59094015  -0.067425139  0.78007914   nan
0.28207222  -0.59094366  -0.067763422  0.78007914   nan
0.28277995  -0.59093284  -0.068101015  0.78007914   nan
0.28348754  -0.59090776  -0.068437905  0.78007914   nan
0.28419499  -0.59086851  -0.068774078  0.78007914   nan
0.2849023  -0.59081518  -0.06910952  0.78007914   nan
0.28560948  -0.59074785  -0.069444215  0.78007914   nan
0.28631652  -0.59066662  -0.069778152  0.78007914   nan
0.28702342  -0.59057157  -0.070111316  0.78007914   nan
0.28773019  -0.59046281  -0.070443696  0.78007914   nan
0.28843682  -0.59034046  -0.07077528  0.78007914   nan
0.28914331  -0.59020463  -0.071106059  0.78007914   nan
0.28984966  -0.59005546  -0.071436025  0.78007914   nan
0.29055587  -0.58989307  -0.071765168  0.78007914   nan
0.29126195  -0.58971762  -0.072093483  0.78007914   nan
0.29196788  -0.58952926  -0.072420965  0.78007914   nan
0.29267368  -0.58932815  -0.072747609  0.78007914   nan
0.29337934  -0.58911445  -0.073073411  0.78007914   nan
0.29408486  -0.58888835  -0.073398369  0.78007914   nan
0.29479024  -0.58865  -0.073722481  0.78007914   nan
0.29549549  -0.58839961  -0.074045747  0.78007914   nan
0.29620059  -0.58813735  -0.074368166  0.78007914   nan
0.29690555  -0.58786343  -0.074689739  0.78007914   nan
0.29761038  -0.58757802  -0.075010472  0.78007914   nan
0.29831507  -0.58728136  -0.075330366  0.78007914   nan
0.29901961  -0.58697363  -0.075649423  0.78007914   nan
0.29972402  -0.58665506  -0.075967647  0.78007914   nan
0.30042828  -0.58632585  -0.076285042  0.78007914   nan
0.30113241  -0.58598623  -0.076601613  0.78007914   nan
0.3018364  -0.58563642  -0.076917366  0.78007914   nan
0.30254024  -0.58527663  -0.077232308  0.78007914   nan
0.30324395  -0.5849071  -0.077546446  0.78007914   nan
0.30394751  -0.58452809  -0.077859788  0.78007914   nan
0.30465093  -0.58413989  -0.078172343  0.78007914   nan
0.30535422  -0.5837428  -0.078484121  0.78007914   nan
0.30605736  -0.58333708  -0.078795133  0.78007914   nan
0.30676036  -0.582923  -0.079105391  0.78007914   nan
0.30746322  -0.58250078  -0.079414911  0.78007914   nan
0.30816594  -0.58207063  -0.079723706  0.78007914   nan
0.30886852  -0.58163271  -0.080031793  0.78007914   nan
0.30957095  -0.58118722  -0.080339185  0.78007914   nan
0.31027325  -0.58073434  -0.080645899  0.78007914   nan
0.3109754  -0.58027427  -0.080951954  0.78007914   nan
0.31167741  -0.57980725  -0.081257368  0.78007914   nan
0.31237928  -0.57933355  -0.081562161  0.78007914   nan
0.31308101  -0.57885345  -0.081866354  0.78007914   nan
0.31378259  -0.57836727  -0.082169968  0.78007914   nan
0.31448403  -0.57787537  -0.082473026  0.78007914   nan
0.31518533  -0.57737811  -0.082775556  0.78007914   nan
0.31588649  -0.57687587  -0.083077584  0.78007914   nan
0.3165875  -0.57636901  -0.083379141  0.78007914   nan
0.31728837  -0.57585792  -0.083680259  0.78007914   nan
0.3179891  -0.57534296  -0.08398097  0.78007914   nan
0.31868968  -0.57482449  -0.08428131  0.78007914   nan
0.31939012  -0.57430286  -0.084581314  0.78007914   nan
0.32009042  -0.5737784  -0.084881018  0.78007914   nan
0.32079058  -0.57325145  -0.085180458  0.78007914   nan
0.32149059  -0.57272234  -0.08547967  0.78007914   nan
0.32219045  -0.57219137  -0.085778693  0.78007914   nan
0.32289018  -0.57165887  -0.086077563  0.78007914   nan
0.32358975  -0.57112516  -0.086376316  0.78007914   nan
0.32428919  -0.57059055  -0.086674989  0.78007914   nan
0.32498848  -0.57005533  -0.086973617  0.78007914   nan
0.32568762  -0.56951981  -0.087272235  0.78007914   nan
0.32638662  -0.56898431  -0.087570879  0.78007914   nan
0.32708548  -0.56844913  -0.087869587  0.78007914   nan
0.32778419  -0.5679146  -0.088168397  0.78007914   nan
0.32848276  -0.56738107  -0.08846735  0.78007914   nan
0.32918118  -0.56684886  -0.088766489  0.78007914   nan
0.32987945  -0.56631834  -0.089065859  0.78007914   nan
0.33057758  -0.56578986  -0.089365507  0.78007914   nan
0.33127557  -0.56526379  -0.089665481  0.78007914   nan
0.33197341  -0.56474048  -0.089965831  0.78007914   nan
0.3326711  -0.56422032  -0.090266608  0.78007914   nan
0.33336865  -0.56370365  -0.090567864  0.78007914   nan
0.33406605  -0.56319085  -0.09086965  0.78007914   nan
0.3347633  -0.56268226  -0.091172019  0.78007914   nan
0.33546041  -0.56217825  -0.091475025  0.78007914   nan
0.33615737  -0.56167916  -0.091778721  0.78007914   nan
0.33685418  -0.56118532  -0.09208316  0.78007914   nan
0.33755085  -0.56069709  -0.092388396  0.78007914   nan
0.33824737  -0.56021483  -0.092694483  0.78007914   nan
0.33894375  -0.5597389  -0.093001473  0.78007914   nan
0.33963997  -0.55926967  -0.09330942  0.78007914   nan
0.34033605  -0.55880745  -0.093618379  0.78007914   nan
0.34103198  -0.55835257  -0.093928406  0.78007914   nan
0.34172777  -0.55790531  -0.094239554  0.78007914   nan
0.3424234  -0.55746596  -0.094551881  0.78007914   nan
0.34311889  -0.55703478  -0.094865441  0.78007914   nan
0.34381423  -0.55661203  -0.095180288  0.78007914   nan
0.34450942  -0.55619798  -0.095496475  0.78007914   nan
0.34520446  -0.5557929  -0.09581406  0.78007914   nan
0.34589935  -0.55539708  -0.096133099  0.78007914   nan
0.3465941  -0.55501079  -0.096453651  0.78007914   nan
0.34728869  -0.55463432  -0.09677577  0.78007914   nan
0.34798314  -0.55426795  -0.097099514  0.78007914   nan
0.34867744  -0.55391197  -0.097424937  0.78007914   nan
0.34937158  -0.55356666  -0.097752094  0.78007914   nan
0.35006558  -0.5532323  -0.098081041  0.78007914   nan
0.35075943  -0.55290917  -0.098411832  0.78007914   nan
0.35145313  -0.55259754  -0.098744522  0.78007914   nan
0.35214667  -0.55229768  -0.099079167  0.78007914   nan
0.35284007  -0.55200985  -0.099415821  0.78007914   nan
0.35353332  -0.55173429  -0.09975454  0.78007914   nan
0.35422641  -0.55147125  -0.10009538  0.78007914   nan
0.35491936  -0.55122094  -0.10043839  0.78007914   nan
0.35561215  -0.5509836  -0.10078363  0.78007914   nan
0.3563048  -0.55075943  -0.10113115  0.78007914   nan
0.35699729  -0.55054863  -0.101481  0.78007914   nan
0.35768963  -0.5503514  -0.10183324  0.78007914   nan
0.35838182  -0.5501679  -0.10218792  0.78007914   nan
0.35907385  -0.54999833  -0.10254508  0.78007914   nan
0.35976574  -0.54984284  -0.10290479  0.78007914   nan
0.36045747  -0.5497016  -0.10326708  0.78007914   nan
0.36114905  -0.54957476  -0.10363202  0.78007914   nan
0.36184047  -0.54946246  -0.10399963  0.78007914   nan
0.36253175  -0.54936484  -0.10436998  0.78007914   nan
0.36322287  -0.54928205  -0.1047431  0.78007914   nan
0.36391384  -0.54921422  -0.10511905  0.78007914   nan
0.36460465  -0.54916146  -0.10549787  0.78007914   nan
0.36529531  -0.54912389  -0.1058796  0.78007914   nan
0.36598582  -0.54910163  -0.10626428  0.78007914   nan
0.36667617  -0.54909478  -0.10665197  0.78007914   nan
0.36736637  -0.54910344  -0.1070427  0.78007914   nan
0.36805642  -0.54912769  -0.10743651  0.78007914   nan
0.36874631  -0.5491676  -0.10783343  0.78007914   nan
0.36943605  -0.54922322  -0.10823349  0.78007914   nan
0.37012563  -0.54929462  -0.10863673  0.78007914   nan
0.37081505  -0.54938185  -0.10904318  0.78007914   nan
0.37150432  -0.54948498  -0.10945288  0.78007914   nan
0.37219344  -0.54960407  -0.10986587  0.78007914   nan
0.3728824  -0.54973917  -0.11028219  0.78007914   nan
0.3735712  -0.54989034  -0.11070187  0.78007914   nan
0.37425985  -0.55005764  -0.11112497  0.78007914   nan
0.37494834  -0.55024109  -0.11155151  0.78007914   nan
0.37563668  -0.55044074  -0.11198154  0.78007914   nan
0.37632486  -0.55065661  -0.11241509  0.78007914   nan
0.37701288  -0.5508887  -0.1128522  0.78007914   nan
0.37770075  -0.55113703  -0.11329289  0.78007914   nan
0.37838846  -0.55140158  -0.1137372  0.78007914   nan
0.37907601  -0.55168234  -0.11418514  0.78007914   nan
0.3797634  -0.55197929  -0.11463675  0.78007914   nan
0.38045064  -0.55229239  -0.11509205  0.78007914   nan
0.38113772  -0.55262161  -0.11555106  0.78007914   nan
0.38182464  -0.5529669  -0.1160138  0.78007914   nan
0.3825114  -0.55332823  -0.11648028  0.78007914   nan
0.383198  -0.55370554  -0.11695054  0.78007914   nan
0.38388444  -0.55409878  -0.11742458  0.78007914   nan
0.38457073  -0.5545079  -0.11790243  0.78007914   nan
0.38525686  -0.55493284  -0.1183841  0.78007914   nan
0.38594282  -0.55537355  -0.11886961  0.78007914   nan
0.38662863  -0.55582995  -0.11935898  0.78007914   nan
0.38731428  -0.556302  -0.11985222  0.78007914   nan
0.38799977  -0.55678962  -0.12034935  0.78007914   nan
0.3886851  -0.55729276  -0.12085039  0.78007914   nan
0.38937026  -0.55781134  -0.12135535  0.78007914   nan
0.39005527  -0.5583453  -0.12186425  0.78007914   nan
0.39074012  -0.55889457  -0.1223771  0.78007914   nan
0.3914248  -0.55945908  -0.12289392  0.78007914   nan
0.39210933  -0.56003874  -0.12341473  0.78007914   nan
0.39279369  -0.56063349  -0.12393953  0.78007914   nan
0.3934779  -0.56124325  -0.12446834  0.78007914   nan
0.39416194  -0.56186794  -0.12500117  0.78007914   nan
0.39484581  -0.56250747  -0.12553804  0.78007914   nan
0.39552953  -0.56316177  -0.12607896  0.78007914   nan
0.39621309  -0.56383074  -0.12662393  0.78007914   nan
0.39689648  -0.5645143  -0.12717298  0.78007914   nan
0.39757971  -0.56521237  -0.12772611  0.78007914   nan
0.39826277  -0.56592485  -0.12828332  0.78007914   nan
0.39894568  -0.56665165  -0.12884464  0.78007914   nan
0.39962842  -0.56739268  -0.12941007  0.78007914   nan
0.40031099  -0.56814785  -0.12997962  0.78007914   nan
0.40099341  -0.56891707  -0.1305533  0.78007914   nan
0.40167565  -0.56970024  -0.13113112  0.78007914   nan
0.40235774  -0.57049726  -0.13171308  0.78007914   nan
0.40303966  -0.57130804  -0.13229919  0.78007914   nan
0.40372142  -0.5721325  -0.13288946  0.78007914   nan
0.40440301  -0.57297052  -0.13348391  0.78007914   nan
0.40508443  -0.57382202  -0.13408253  0.78007914   nan
0.4057657  -0.5746869  -0.13468533  0.78007914   nan
0.40644679  -0.57556507  -0.13529232  0.78007914   nan
0.40712772  -0.57645643  -0.1359035  0.78007914   nan
0.40780849  -0.5773609  -0.13651889  0.78007914   nan
0.40848909  -0.57827837  -0.13713849  0.78007914   nan
0.40916952  -0.57920877  -0.1377623  0.78007914   nan
0.40984979  -0.58015201  -0.13839033  0.78007914   nan
0.41052989  -0.58110803  -0.13902258  0.78007914   nan
0.41120982  -0.58207673  -0.13965906  0.78007914   nan
0.41188959  -0.58305801  -0.14029977  0.78007914   nan
0.41256919  -0.58405178  -0.14094473  0.78007914   nan
0.41324862  -0.58505796  -0.14159395  0.78007914   nan
0.41392788  -0.58607649  -0.14224744  0.78007914   nan
0.41460698  -0.58710731  -0.1429052  0.78007914   nan
0.41528591  -0.58815037  -0.14356726  0.78007914   nan
0.41596467  -0.5892056  -0.14423362  0.78007914   nan
0.41664327  -0.59027292  -0.14490429  0.78007914   nan
0.41732169  -0.59135223  -0.14557926  0.78007914   nan
0.41799995  -0.59244341  -0.14625854  0.78007914   nan
0.41867803  -0.59354633  -0.14694213  0.78007914   nan
0.41935595  -0.59466085  -0.14763002  0.78007914   nan
0.4200337  -0.59578682  -0.1483222  0.78007914   nan
0.42071128  -0.59692412  -0.14901866  0.78007914   nan
0.42138869  -0.59807258  -0.14971941  0.78007914   nan
0.42206592  -0.5992321  -0.15042444  0.78007914   nan
0.42274299  -0.60040255  -0.15113373  0.78007914   nan
0.42341989  -0.60158384  -0.1518473  0.78007914   nan
0.42409662  -0.60277588  -0.15256514  0.78007914   nan
0.42477318  -0.60397861  -0.15328727  0.78007914   nan
0.42544956  -0.60519199  -0.15401369  0.78007914   nan
0.42612578  -0.60641598  -0.15474442  0.78007914   nan
0.42680182  -0.60765055  -0.15547948  0.78007914   nan
0.42747769  -0.60889571  -0.15621887  0.78007914   nan
0.4281534  -0.61015144  -0.15696264  0.78007914   nan
0.42882892  -0.61141773  -0.15771079  0.78007914   nan
0.42950428  -0.61269459  -0.15846335  0.78007914   nan
0.43017946  -0.61398201  -0.15922035  0.78007914   nan
0.43085448  -0.61527996  -0.1599818  0.78007914   nan
0.43152931  -0.61658842  -0.16074772  0.78007914   nan
0.43220398  -0.61790736  -0.16151813  0.78007914   nan
0.43287847  -0.61923671  -0.16229303  0.78007914   nan
0.43355279  -0.6205764  -0.16307244  0.78007914   nan
0.43422694  -0.62192637  -0.16385635  0.78007914   nan
0.43490091  -0.62328651  -0.16464476  0.78007914   nan
0.43557471  -0.6246567  -0.16543766  0.78007914   nan
0.43624833  -0.62603683  -0.16623505  0.78007914   nan
0.43692178  -0.62742678  -0.1670369  0.78007914   nan
0.43759505  -0.62882639  -0.16784321  0.78007914   nan
0.43826815  -0.63023555  -0.16865396  0.78007914   nan
0.43894108  -0.6316541  -0.16946913  0.78007914   nan
0.43961383  -0.6330819  -0.17028869  0.78007914   nan
0.4402864  -0.63451883  -0.17111264  0.78007914   nan
0.4409588  -0.63596475  -0.17194095  0.78007914   nan
0.44163102  -0.63741953  -0.17277362  0.78007914   nan
0.44230307  -0.63888306  -0.17361062  0.78007914   nan
0.44297494  -0.64035522  -0.17445195  0.78007914   nan
0.44364663  -0.64183591  -0.17529759  0.78007914   nan
0.44431815  -0.64332503  -0.17614755  0.78007914   nan
0.44498949  -0.64482248  -0.1770018  0.78007914   nan
0.44566065  -0.64632815  -0.17786036  0.78007914   nan
0.44633164  -0.64784197  -0.1787232  0.78007914   nan
0.44700244  -0.64936383  -0.17959033  0.78007914   nan
0.44767307  -0.65089364  -0.18046173  0.78007914   nan
0.44834353  -0.6524313  -0.18133741  0.78007914   nan
0.4490138  -0.65397672  -0.18221735  0.78007914   nan
0.4496839  -0.65552978  -0.18310154  0.78007914   nan
0.45035382  -0.65709039  -0.18398998  0.78007914   nan
0.45102355  -0.65865844  -0.18488265  0.78007914   nan
0.45169311  -0.66023379  -0.18577953  0.78007914   nan
0.4523625  -0.66181634  -0.18668063  0.78007914   nan
0.4530317  -0.66340596  -0.1875859  0.78007914   nan
0.45370072  -0.66500253  -0.18849535  0.78007914   nan
0.45436956  -0.66660616  -0.18940899  0.78007914   nan
0.45503822  -0.66821699  -0.19032686  0.78007914   nan
0.45570671  -0.66983499  -0.19124895  0.78007914   nan
0.45637501  -0.67145996  -0.19217523  0.78007914   nan
0.45704313  -0.6730916  -0.19310565  0.78007914   nan
0.45771107  -0.67472954  -0.19404014  0.78007914   nan
0.45837883  -0.6763734  -0.19497863  0.78007914   nan
0.45904641  -0.67802279  -0.19592103  0.78007914   nan
0.45971381  -0.67967739  -0.1968673  0.78007914   nan
0.46038102  -0.68133692  -0.19781737  0.78007914   nan
0.46104806  -0.68300114  -0.1987712  0.78007914   nan
0.46171491  -0.68466984  -0.19972874  0.78007914   nan
0.46238158  -0.68634289  -0.20068996  0.78007914   nan
0.46304807  -0.68802014  -0.20165483  0.78007914   nan
0.46371438  -0.68970147  -0.20262332  0.78007914   nan
0.4643805  -0.69138675  -0.20359541  0.78007914   nan
0.46504644  -0.69307655  -0.20457119  0.78007914   nan
0.4657122  -0.69477086  -0.20555066  0.78007914   nan
0.46637777  -0.69646918  -0.20653373  0.78007914   nan
0.46704316  -0.69817102  -0.20752027  0.78007914   nan
0.46770837  -0.69987594  -0.20851021  0.78007914   nan
0.46837339  -0.70158355  -0.20950345  0.78007914   nan
0.46903823  -0.70329356  -0.21049993  0.78007914   nan
0.46970288  -0.70500573  -0.21149959  0.78007914   nan
0.47036735  -0.70671986  -0.21250239  0.78007914   nan
0.47103164  -0.70843579  -0.21350827  0.78007914   nan
0.47169574  -0.71015337  -0.2145172  0.78007914   nan
0.47235965  -0.71187245  -0.21552913  0.78007914   nan
0.47302338  -0.71359288  -0.21654403  0.78007914   nan
0.47368693  -0.71531447  -0.21756184  0.78007914   nan
0.47435029  -0.71703704  -0.21858251  0.78007914   nan
0.47501346  -0.71876038  -0.21960598  0.78007914   nan
0.47567645  -0.72048426  -0.2206322  0.78007914   nan
0.47633925  -0.72220846  -0.22166111  0.78007914   nan
0.47700186  -0.72393272  -0.22269262  0.78007914   nan
0.47766429  -0.7256568  -0.22372669  0.78007914   nan
0.47832653  -0.72738044  -0.22476323  0.78007914   nan
0.47898859  -0.72910339  -0.22580218  0.78007914   nan
0.47965045  -0.73082537  -0.22684346  0.78007914   nan
0.48031213  -0.73254615  -0.22788701  0.78007914   nan
0.48097363  -0.73426546  -0.22893275  0.78007914   nan
0.48163493  -0.73598304  -0.22998062  0.78007914   nan
0.48229605  -0.73769867  -0.23103053  0.78007914   nan
0.48295698  -0.7394121  -0.23208242  0.78007914   nan
0.48361772  -0.74112305  -0.23313621  0.78007914   nan
0.48427827  -0.74283123  -0.23419181  0.78007914   nan
0.48493864  -0.74453612  -0.23524906  0.78007914   nan
0.48559881  -0.74623733  -0.23630784  0.78007914   nan
0.4862588  -0.7479362  -0.23736841  0.78007914   nan
0.48691859  -0.74963216  -0.2384306  0.78007914   nan
0.4875782  -0.75132439  -0.23949423  0.78007914   nan
0.48823762  -0.75301225  -0.24055913  0.78007914   nan
0.48889685  -0.7546952  -0.24162514  0.78007914   nan
0.48955589  -0.75637283  -0.24269217  0.78007914   nan
0.49021474  -0.75804484  -0.24376013  0.78007914   nan
0.4908734  -0.75971099  -0.24482896  0.78007914   nan
0.49153187  -0.7613711  -0.2458986  0.78007914   nan
0.49219015  -0.76302501  -0.246969  0.78007914   nan
0.49284823  -0.76467256  -0.24804011  0.78007914   nan
0.49350613  -0.76631359  -0.24911189  0.78007914   nan
0.49416384  -0.76794792  -0.25018426  0.78007914   nan
0.49482135  -0.76957534  -0.25125716  0.78007914   nan
0.49547867  -0.77119562  -0.25233052  0.78007914   nan
0.49613581  -0.77280851  -0.25340425  0.78007914   nan
0.49679275  -0.77441374  -0.25447825  0.78007914   nan
0.49744949  -0.77601102  -0.25555242  0.78007914   nan
0.49810605  -0.77760004  -0.25662665  0.78007914   nan
0.49876242  -0.77918049  -0.25770085  0.78007914   nan
0.49941859  -0.78075207  -0.25877488  0.78007914   nan
0.50007457  -0.78231446  -0.25984865  0.78007914   nan
0.50073035  -0.78386735  -0.26092203  0.78007914   nan
0.50138595  -0.78541044  -0.26199491  0.78007914   nan
0.50204135  -0.78694343  -0.26306719  0.78007914   nan
0.50269656  -0.78846602  -0.26413875  0.78007914   nan
0.50335157  -0.78997796  -0.26520949  0.78007914   nan
0.50400639  -0.79147895  -0.2662793  0.78007914   nan
0.50466102  -0.79296874  -0.26734808  0.78007914   nan
0.50531546  -0.79444709  -0.26841574  0.78007914   nan
0.5059697  -0.79591374  -0.26948217  0.78007914   nan
0.50662374  -0.79736846  -0.27054729  0.78007914   nan
0.5072776  -0.79881102  -0.271611  0.78007914   nan
0.50793125  -0.8002412  -0.27267322  0.78007914   nan
0.50858472  -0.80165877  -0.27373384  0.78007914   nan
0.50923799  -0.80306353  -0.27479279  0.78007914   nan
0.50989106  -0.80445527  -0.27584998  0.78007914   nan
0.51054394  -0.80583378  -0.27690533  0.78007914   nan
0.51119662  -0.80719885  -0.27795874  0.78007914   nan
0.51184911  -0.8085503  -0.27901013  0.78007914   nan
0.5125014  -0.80988793  -0.28005943  0.78007914   nan
0.5131535  -0.81121155  -0.28110654  0.78007914   nan
0.51380541  -0.81252098  -0.28215139  0.78007914   nan
0.51445711  -0.81381604  -0.28319389  0.78007914   nan
0.51510862  -0.81509654  -0.28423396  0.78007914   nan
0.51575994  -0.81636231  -0.28527152  0.78007914   nan
0.51641106  -0.81761317  -0.28630649  0.78007914   nan
0.51706198  -0.81884895  -0.28733878  0.78007914   nan
0.5177127  -0.82006947  -0.28836832  0.78007914   nan
0.51836323  -0.82127457  -0.28939502  0.78007914   nan
0.51901356  -0.82246408  -0.2904188  0.78007914   nan
0.5196637  -0.82363783  -0.29143959  0.78007914   nan
0.52031364  -0.82479569  -0.2924573  0.78007914   nan
0.52096338  -0.82593749  -0.29347186  0.78007914   nan
0.52161292  -0.82706309  -0.29448319  0.78007914   nan
0.52226227  -0.82817236  -0.29549121  0.78007914   nan
0.52291142  -0.82926516  -0.29649585  0.78007914   nan
0.52356037  -0.83034168  -0.29749712  0.78007914   nan
0.52420912  -0.83140282  -0.29849519  0.78007914   nan
0.52485768  -0.83244802  -0.2994899  0.78007914   nan
0.52550604  -0.83347679  -0.30048109  0.78007914   nan
0.52615419  -0.8344887  -0.30146862  0.78007914   nan
0.52680216  -0.83548355  -0.30245242  0.78007914   nan
0.52744992  -0.83646116  -0.3034324  0.78007914   nan
0.52809748  -0.83742137  -0.30440851  0.78007914   nan
0.52874485  -0.83836405  -0.30538067  0.78007914   nan
0.52939201  -0.83928907  -0.3063488  0.78007914   nan
0.53003898  -0.84019633  -0.30731283  0.78007914   nan
0.53068575  -0.84108571  -0.30827268  0.78007914   nan
0.53133232  -0.84195715  -0.3092283  0.78007914   nan
0.53197869  -0.84281055  -0.31017962  0.78007914   nan
0.53262486  -0.84364587  -0.31112658  0.78007914   nan
0.53327083  -0.84446305  -0.31206914  0.78007914   nan
0.5339166  -0.84526207  -0.31300723  0.78007914   nan
0.53456217  -0.8460429  -0.31394082  0.78007914   nan
0.53520754  -0.84680551  -0.31486987  0.78007914   nan
0.53585271  -0.8475499  -0.31579434  0.78007914   nan
0.53649768  -0.84827606  -0.31671418  0.78007914   nan
0.53714245  -0.84898397  -0.31762937  0.78007914   nan
0.53778702  -0.84967364  -0.31853987  0.78007914   nan
0.53843139  -0.85034506  -0.31944564  0.78007914   nan
0.53907555  -0.85099824  -0.32034665  0.78007914   nan
0.53971952  -0.85163354  -0.32124301  0.78007914   nan
0.54036329  -0.85225085  -0.32213464  0.78007914   nan
0.54100685  -0.85285001  -0.32302146  0.78007914   nan
0.54165022  -0.8534309  -0.32390337  0.78007914   nan
0.54229338  -0.85399341  -0.32478032  0.78007914   nan
0.54293634  -0.85453748  -0.32565223  0.78007914   nan
0.5435791  -0.85506309  -0.32651908  0.78007914   nan
0.54422166  -0.85557025  -0.32738083  0.78007914   nan
0.54486401  -0.856059  -0.32823746  0.78007914   nan
0.54550617  -0.85652941  -0.32908896  0.78007914   nan
0.54614812  -0.85698154  -0.32993532  0.78007914   nan
0.54678987  -0.85741548  -0.33077654  0.78007914   nan
0.54743142  -0.85783129  -0.33161261  0.78007914   nan
0.54807276  -0.85822906  -0.33244352  0.78007914   nan
0.5487139  -0.85860886  -0.33326927  0.78007914   nan
0.54935484  -0.85897076  -0.33408985  0.78007914   nan
0.54999558  -0.85931483  -0.33490524  0.78007914   nan
0.55063611  -0.85964114  -0.33571545  0.78007914   nan
0.55127644  -0.85994974  -0.33652046  0.78007914   nan
0.55191657  -0.8602407  -0.33732025  0.78007914   nan
0.55255649  -0.86051409  -0.33811482  0.78007914   nan
0.55319622  -0.86076997  -0.33890415  0.78007914   nan
0.55383573  -0.86100841  -0.33968824  0.78007914   nan
0.55447505  -0.86122948  -0.34046708  0.78007914   nan
0.55511416  -0.86143364  -0.34124081  0.78007914   nan
0.55575306  -0.86162089  -0.3420094  0.78007914   nan
0.55639176  -0.86179122  -0.34277281  0.78007914   nan
0.55703026  -0.86194458  -0.34353099  0.78007914   nan
0.55766856  -0.86208094  -0.34428389  0.78007914   nan
0.55830664  -0.86220031  -0.34503148  0.78007914   nan
0.55894453  -0.86230272  -0.34577374  0.78007914   nan
0.55958221  -0.86238822  -0.34651064  0.78007914   nan
0.56021968  -0.86245688  -0.34724219  0.78007914   nan
0.56085696  -0.86250882  -0.34796839  0.78007914   nan
0.56149402  -0.86254413  -0.34868925  0.78007914   nan
0.56213088  -0.86256293  -0.34940478  0.78007914   nan
0.56276754  -0.86256534  -0.35011498  0.78007914   nan
0.56340399  -0.86255147  -0.35081988  0.78007914   nan
0.56404023  -0.86252145  -0.35151947  0.78007914   nan
0.56467627  -0.86247538  -0.35221378  0.78007914   nan
0.5653121  -0.86241347  -0.35290284  0.78007914   nan
0.56594773  -0.8623359  -0.35358669  0.78007914   nan
0.56658315  -0.86224279  -0.35426535  0.78007914   nan
0.56721836  -0.86213422  -0.35493881  0.78007914   nan
0.56785337  -0.86201025  -0.35560706  0.78007914   nan
0.56848818  -0.8618709  -0.35627009  0.78007914   nan
0.56912277  -0.8617162  -0.35692786  0.78007914   nan
0.56975716  -0.86154617  -0.35758036  0.78007914   nan
0.57039134  -0.86136086  -0.35822758  0.78007914   nan
0.57102532  -0.86116032  -0.3588695  0.78007914   nan
0.57165909  -0.86094463  -0.35950613  0.78007914   nan
0.57229265  -0.86071389  -0.36013748  0.78007914   nan
0.572926  -0.86046821  -0.36076355  0.78007914   nan
0.57355915  -0.8602077  -0.36138437  0.78007914   nan
0.57419209  -0.85993251  -0.36199997  0.78007914   nan
0.57482482  -0.85964276  -0.36261036  0.78007914   nan
0.57545734  -0.85933859  -0.36321558  0.78007914   nan
0.57608966  -0.85902013  -0.36381564  0.78007914   nan
0.57672177  -0.85868753  -0.36441057  0.78007914   nan
0.57735367  -0.8583409  -0.3650004  0.78007914   nan
0.57798536  -0.85798038  -0.36558515  0.78007914   nan
0.57861684  -0.85760609  -0.36616484  0.78007914   nan
0.57924812  -0.85721814  -0.36673949  0.78007914   nan
0.57987918  -0.85681665  -0.36730911  0.78007914   nan
0.58051004  -0.85640173  -0.36787373  0.78007914   nan
0.58114069  -0.85597349  -0.36843335  0.78007914   nan
0.58177113  -0.85553203  -0.36898799  0.78007914   nan
0.58240136  -0.85507745  -0.36953767  0.78007914   nan
0.58303138  -0.85460987  -0.3700824  0.78007914   nan
0.58366119  -0.85412938  -0.3706222  0.78007914   nan
0.58429079  -0.85363609  -0.37115708  0.78007914   nan
0.58492019  -0.85313011  -0.37168707  0.78007914   nan
0.58554937  -0.85261155  -0.37221216  0.78007914   nan
0.58617834  -0.8520805  -0.37273239  0.78007914   nan
0.5868071  -0.8515371  -0.37324778  0.78007914   nan
0.58743566  -0.85098145  -0.37375835  0.78007914   nan
0.588064  -0.85041364  -0.37426409  0.78007914   nan
0.58869213  -0.84983373  -0.37476503  0.78007914   nan
0.58932005  -0.84924178  -0.37526113  0.78007914   nan
0.58994776  -0.84863779  -0.3757524  0.78007914   nan
0.59057526  -0.8480218  -0.37623879  0.78007914   nan
0.59120255  -0.84739381  -0.37672029  0.78007914   nan
0.59182963  -0.84675388  -0.37719688  0.78007914   nan
0.59245649  -0.84610207  -0.37766857  0.78007914   nan
0.59308315  -0.84543845  -0.37813535  0.78007914   nan
0.59370959  -0.84476316  -0.37859725  0.78007914   nan
0.59433582  -0.84407636  -0.37905432  0.78007914   nan
0.59496184  -0.84337824  -0.37950661  0.78007914   nan
0.59558765  -0.842669  -0.3799542  0.78007914   nan
0.59621325  -0.84194887  -0.38039714  0.78007914   nan
0.59683863  -0.84121806  -0.38083552  0.78007914   nan
0.5974638  -0.84047679  -0.3812694  0.78007914   nan
0.59808876  -0.83972525  -0.38169887  0.78007914   nan
0.59871351  -0.83896365  -0.38212396  0.78007914   nan
0.59933804  -0.83819214  -0.38254475  0.78007914   nan
0.59996236  -0.83741086  -0.38296127  0.78007914   nan
0.60058647  -0.83661995  -0.38337355  0.78007914   nan
0.60121036  -0.8358195  -0.38378162  0.78007914   nan
0.60183405  -0.83500959  -0.38418546  0.78007914   nan
0.60245752  -0.83419029  -0.38458511  0.78007914   nan
0.60308077  -0.83336166  -0.38498054  0.78007914   nan
0.60370381  -0.83252377  -0.38537177  0.78007914   nan
0.60432664  -0.83167665  -0.38575879  0.78007914   nan
0.60494926  -0.83082036  -0.38614158  0.78007914   nan
0.60557166  -0.82995495  -0.38652014  0.78007914   nan
0.60619384  -0.82908048  -0.38689448  0.78007914   nan
0.60681581  -0.82819701  -0.38726459  0.78007914   nan
0.60743757  -0.82730461  -0.38763047  0.78007914   nan
0.60805912  -0.82640336  -0.38799214  0.78007914   nan
0.60868045  -0.82549337  -0.38834962  0.78007914   nan
0.60930156  -0.82457472  -0.38870291  0.78007914   nan
0.60992246  -0.82364754  -0.38905205  0.78007914   nan
0.61054314  -0.82271194  -0.38939707  0.78007914   nan
0.61116361  -0.82176804  -0.38973799  0.78007914   nan
0.61178387  -0.82081599  -0.39007486  0.78007914   nan
0.61240391  -0.81985592  -0.39040771  0.78007914   nan
0.61302373  -0.81888799  -0.39073659  0.78007914   nan
0.61364334  -0.81791234  -0.39106153  0.78007914   nan
0.61426274  -0.81692912  -0.39138258  0.78007914   nan
0.61488191  -0.81593851  -0.39169979  0.78007914   nan
0.61550087  -0.81494065  -0.39201321  0.78007914   nan
0.61611962  -0.81393571  -0.39232288  0.78007914   nan
0.61673815  -0.81292386  -0.39262886  0.78007914   nan
0.61735646  -0.81190525  -0.39293118  0.78007914   nan
0.61797456  -0.81088006  -0.39322992  0.78007914   nan
0.61859244  -0.80984844  -0.39352511  0.78007914   nan
0.61921011  -0.80881056  -0.39381681  0.78007914   nan
0.61982756  -0.80776658  -0.39410507  0.78007914   nan
0.62044479  -0.80671667  -0.39438994  0.78007914   nan
0.6210618  -0.80566099  -0.39467148  0.78007914   nan
0.6216786  -0.80459969  -0.39494973  0.78007914   nan
0.62229518  -0.80353296  -0.39522476  0.78007914   nan
0.62291155  -0.80246094  -0.39549661  0.78007914   nan
0.62352769  -0.80138381  -0.39576534  0.78007914   nan
0.62414362  -0.80030174  -0.39603101  0.78007914   nan
0.62475934  -0.79921489  -0.39629366  0.78007914   nan
0.62537483  -0.79812344  -0.39655337  0.78007914   nan
0.62599011  -0.79702756  -0.39681018  0.78007914   nan
0.62660517  -0.79592742  -0.39706415  0.78007914   nan
0.62722001  -0.79482319  -0.39731535  0.78007914   nan
0.62783464  -0.79371506  -0.39756382  0.78007914   nan
0.62844904  -0.7926032  -0.39780965  0.78007914   nan
0.62906323  -0.7914878  -0.39805288  0.78007914   nan
0.6296772  -0.79036903  -0.39829358  0.78007914   nan
0.63029095  -0.78924709  -0.39853183  0.78007914   nan
0.63090449  -0.78812215  -0.39876767  0.78007914   nan
0.6315178  -0.78699441  -0.39900119  0.78007914   nan
0.6321309  -0.78586405  -0.39923246  0.78007914   nan
0.63274378  -0.78473125  -0.39946153  0.78007914   nan
0.63335644  -0.78359623  -0.39968848  0.78007914   nan
0.63396888  -0.78245918  -0.3999134  0.78007914   nan
0.63458111  -0.78132032  -0.40013635  0.78007914   nan
0.63519311  -0.78017988  -0.40035743  0.78007914   nan
0.6358049  -0.77903809  -0.40057671  0.78007914   nan
0.63641647  -0.7778952  -0.40079429  0.78007914   nan
0.63702781  -0.77675144  -0.40101025  0.78007914   nan
0.63763894  -0.77560707  -0.40122469  0.78007914   nan
0.63824986  -0.7744623  -0.4014377  0.78007914   nan
0.63886055  -0.77331738  -0.40164935  0.78007914   nan
0.63947102  -0.77217251  -0.40185975  0.78007914   nan
0.64008127  -0.77102791  -0.40206897  0.78007914   nan
0.64069131  -0.76988377  -0.4022771  0.78007914   nan
0.64130112  -0.76874026  -0.4024842  0.78007914   nan
0.64191072  -0.76759755  -0.40269037  0.78007914   nan
0.64252009  -0.76645582  -0.40289567  0.78007914   nan
0.64312925  -0.76531519  -0.40310016  0.78007914   nan
0.64373819  -0.76417574  -0.40330389  0.78007914   nan
0.6443469  -0.76303751  -0.40350688  0.78007914   nan
0.6449554  -0.76190044  -0.40370909  0.78007914   nan
0.64556368  -0.76076617  -0.40391115  0.78007914   nan
0.64617174  -0.7596359  -0.40411354  0.78007914   nan
0.64677958  -0.75850889  -0.40431604  0.78007914   nan
0.6473872  -0.75738452  -0.40451847  0.78007914   nan
0.6479946  -0.75626204  -0.40472056  0.78007914   nan
0.64860178  -0.7551397  -0.40492164  0.78007914   nan
0.64920874  -0.75401815  -0.40512198  0.78007914   nan
0.64981548  -0.75289832  -0.40532198  0.78007914   nan
0.65042201  -0.75178112  -0.40552199  0.78007914   nan
0.65102831  -0.75066742  -0.40572237  0.78007914   nan
0.65163439  -0.74955791  -0.40592338  0.78007914   nan
0.65224025  -0.74845309  -0.40612522  0.78007914   nan
0.6528459  -0.7473533  -0.40632803  0.78007914   nan
0.65345132  -0.74625877  -0.40653189  0.78007914   nan
0.65405652  -0.7451696  -0.40673684  0.78007914   nan
0.65466151  -0.74408573  -0.40694285  0.78007914   nan
0.65526627  -0.74300572  -0.40714928  0.78007914   nan
0.65587082  -0.7419286  -0.40735567  0.78007914   nan
0.65647514  -0.74085407  -0.4075619  0.78007914   nan
0.65707925  -0.73978238  -0.40776807  0.78007914   nan
0.65768313  -0.73871427  -0.40797453  0.78007914   nan
0.6582868  -0.73765071  -0.40818171  0.78007914   nan
0.65889024  -0.73659284  -0.40839015  0.78007914   nan
0.65949347  -0.73554174  -0.40860033  0.78007914   nan
0.66009648  -0.7344984  -0.40881272  0.78007914   nan
0.66069927  -0.73346362  -0.4090277  0.78007914   nan
0.66130184  -0.73243801  -0.40924553  0.78007914   nan
0.66190419  -0.73142194  -0.40946642  0.78007914   nan
0.66250632  -0.73041562  -0.40969044  0.78007914   nan
0.66310823  -0.72941909  -0.40991764  0.78007914   nan
0.66370992  -0.72843228  -0.41014799  0.78007914   nan
0.66431139  -0.72745503  -0.41038143  0.78007914   nan
0.66491265  -0.72648718  -0.41061787  0.78007914   nan
0.66551368  -0.72552854  -0.41085725  0.78007914   nan
0.6661145  -0.72457894  -0.4110995  0.78007914   nan
0.66671509  -0.72363838  -0.41134461  0.78007914   nan
0.66731547  -0.72270764  -0.41159287  0.78007914   nan
0.66791563  -0.72178761  -0.41184463  0.78007914   nan
0.66851557  -0.72087794  -0.41209985  0.78007914   nan
0.66911529  -0.71997821  -0.4123584  0.78007914   nan
0.6697148  -0.71908813  -0.41262021  0.78007914   nan
0.67031408  -0.71819884  -0.41288134  0.78007914   nan
0.67091315  -0.71730677  -0.4131402  0.78007914   nan
0.671512  -0.7164156  -0.4133985  0.78007914   nan
0.67211063  -0.71552952  -0.41365821  0.78007914   nan
0.67270905  -0.71465245  -0.41392112  0.78007914   nan
0.67330724  -0.71378756  -0.4141887  0.78007914   nan
0.67390522  -0.7129371  -0.414462  0.78007914   nan
0.67450298  -0.71210243  -0.41474164  0.78007914   nan
0.67510052  -0.71128411  -0.41502789  0.78007914   nan
0.67569785  -0.71048213  -0.41532073  0.78007914   nan
0.67629496  -0.70969607  -0.41561997  0.78007914   nan
0.67689185  -0.7089253  -0.41592532  0.78007914   nan
0.67748853  -0.70816912  -0.41623645  0.78007914   nan
0.67808499  -0.70742685  -0.41655306  0.78007914   nan
0.67868123  -0.70669794  -0.4168749  0.78007914   nan
0.67927725  -0.70598195  -0.41720178  0.78007914   nan
0.67987306  -0.70527857  -0.41753357  0.78007914   nan
0.68046866  -0.70458763  -0.41787021  0.78007914   nan
0.68106403  -0.70390903  -0.41821171  0.78007914   nan
0.6816592  -0.70324279  -0.41855808  0.78007914   nan
0.68225414  -0.70258894  -0.41890934  0.78007914   nan
0.68284887  -0.70194756  -0.41926551  0.78007914   nan
0.68344339  -0.7013182  -0.41962644  0.78007914   nan
0.68403769  -0.70070131  -0.41999237  0.78007914   nan
0.68463178  -0.70009744  -0.4203636  0.78007914   nan
0.68522565  -0.69950663  -0.42074018  0.78007914   nan
0.68581931  -0.69892887  -0.42112212  0.78007914   nan
0.68641275  -0.69836412  -0.42150942  0.78007914   nan
0.68700598  -0.69781235  -0.42190207  0.78007914   nan
0.687599  -0.69727357  -0.42230008  0.78007914   nan
0.6881918  -0.69674779  -0.42270348  0.78007914   nan
0.68878439  -0.69623507  -0.42311227  0.78007914   nan
0.68937677  -0.69573544  -0.42352651  0.78007914   nan
0.68996893  -0.69524898  -0.42394622  0.78007914   nan
0.69056089  -0.69477574  -0.42437146  0.78007914   nan
0.69115263  -0.69431578  -0.42480227  0.78007914   nan
0.69174415  -0.69386915  -0.42523869  0.78007914   nan
0.69233547  -0.69343592  -0.42568078  0.78007914   nan
0.69292657  -0.6930161  -0.42612859  0.78007914   nan
0.69351747  -0.69260974  -0.42658214  0.78007914   nan
0.69410815  -0.69221684  -0.42704149  0.78007914   nan
0.69469862  -0.6918374  -0.42750666  0.78007914   nan
0.69528888  -0.69147137  -0.42797766  0.78007914   nan
0.69587894  -0.69111866  -0.42845449  0.78007914   nan
0.69646878  -0.69077916  -0.42893714  0.78007914   nan
0.69705841  -0.69045279  -0.42942558  0.78007914   nan
0.69764784  -0.69013943  -0.42991981  0.78007914   nan
0.69823705  -0.68983906  -0.43041987  0.78007914   nan
0.69882606  -0.68955181  -0.43092593  0.78007914   nan
0.69941486  -0.68927758  -0.43143794  0.78007914   nan
0.70000345  -0.68901632  -0.43195589  0.78007914   nan
0.70059183  -0.68876799  -0.43247977  0.78007914   nan
0.70118  -0.6885323  -0.43300946  0.78007914   nan
0.70176797  -0.68830914  -0.43354498  0.78007914   nan
0.70235574  -0.68809855  -0.43408636  0.78007914   nan
0.70294329  -0.68790068  -0.43463371  0.78007914   nan
0.70353064  -0.68771577  -0.43518716  0.78007914   nan
0.70411779  -0.68754388  -0.43574675  0.78007914   nan
0.70470472  -0.68738513  -0.43631258  0.78007914   nan
0.70529146  -0.68723992  -0.43688492  0.78007914   nan
0.70587799  -0.68710861  -0.437464  0.78007914   nan
0.70646431  -0.68699128  -0.43804991  0.78007914   nan
0.70705044  -0.68688797  -0.43864272  0.78007914   nan
0.70763635  -0.68679871  -0.43924247  0.78007914   nan
0.70822207  -0.68672349  -0.43984919  0.78007914   nan
0.70880758  -0.6866623  -0.4404629  0.78007914   nan
0.70939289  -0.68661511  -0.44108358  0.78007914   nan
0.709978  -0.68658184  -0.44171122  0.78007914   nan
0.7105629  -0.6865624  -0.44234578  0.78007914   nan
0.71114761  -0.68655662  -0.44298718  0.78007914   nan
0.71173211  -0.68656419  -0.4436353  0.78007914   nan
0.71231642  -0.6865847  -0.44428993  0.78007914   nan
0.71290052  -0.68661776  -0.44495091  0.78007914   nan
0.71348443  -0.68666306  -0.44561808  0.78007914   nan
0.71406813  -0.68672039  -0.44629138  0.78007914   nan
0.71465164  -0.68678967  -0.44697078  0.78007914   nan
0.71523495  -0.6868707  -0.44765622  0.78007914   nan
0.71581806  -0.68696296  -0.44834752  0.78007914   nan
0.71640097  -0.68706594  -0.44904447  0.78007914   nan
0.71698369  -0.68717929  -0.44974694  0.78007914   nan
0.71756621  -0.68730289  -0.45045491  0.78007914   nan
0.71814853  -0.6874369  -0.45116846  0.78007914   nan
0.71873066  -0.68758163  -0.45188777  0.78007914   nan
0.71931259  -0.68773759  -0.45261309  0.78007914   nan
0.71989433  -0.68790531  -0.45334467  0.78007914   nan
0.72047587  -0.68808534  -0.4540828  0.78007914   nan
0.72105722  -0.6882782  -0.45482774  0.78007914   nan
0.72163838  -0.6884843  -0.4555797  0.78007914   nan
0.72221935  -0.68870413  -0.45633893  0.78007914   nan
0.72280012  -0.68893785  -0.45710553  0.78007914   nan
0.7233807  -0.68918558  -0.45787952  0.78007914   nan
0.72396109  -0.68944729  -0.45866092  0.78007914   nan
0.72454129  -0.68972286  -0.45944965  0.78007914   nan
0.72512129  -0.69001205  -0.46024564  0.78007914   nan
0.72570111  -0.69031458  -0.46104876  0.78007914   nan
0.72628074  -0.69063008  -0.46185887  0.78007914   nan
0.72686018  -0.69095813  -0.4626758  0.78007914   nan
0.72743943  -0.69129832  -0.46349938  0.78007914   nan
0.7280185  -0.69165018  -0.46432944  0.78007914   nan
0.72859737  -0.69201301  -0.46516567  0.78007914   nan
0.72917606  -0.69238604  -0.46600773  0.78007914   nan
0.72975457  -0.69276874  -0.46685539  0.78007914   nan
0.73033289  -0.69316077  -0.46770853  0.78007914   nan
0.73091102  -0.69356194  -0.46856709  0.78007914   nan
0.73148897  -0.6939696  -0.46942977  0.78007914   nan
0.73206673  -0.69438266  -0.47029605  0.78007914   nan
0.73264432  -0.69480173  -0.4711663  0.78007914   nan
0.73322171  -0.69522785  -0.47204112  0.78007914   nan
0.73379893  -0.69566224  -0.47292113  0.78007914   nan
0.73437596  -0.69610597  -0.47380692  0.78007914   nan
0.73495282  -0.69655988  -0.47469894  0.78007914   nan
0.73552949  -0.69702454  -0.47559749  0.78007914   nan
0.73610598  -0.69750022  -0.47650271  0.78007914   nan
0.73668229  -0.69798695  -0.47741461  0.78007914   nan
0.73725843  -0.69848456  -0.47833311  0.78007914   nan
0.73783438  -0.69899276  -0.47925804  0.78007914   nan
0.73841016  -0.69951116  -0.4801892  0.78007914   nan
0.73898576  -0.70003933  -0.48112636  0.78007914   nan
0.73956118  -0.70057686  -0.48206929  0.78007914   nan
0.74013642  -0.70112334  -0.48301779  0.78007914   nan
0.74071149  -0.70167843  -0.48397169  0.78007914   nan
0.74128639  -0.70224182  -0.48493082  0.78007914   nan
0.74186111  -0.70281324  -0.48589508  0.78007914   nan
0.74243565  -0.7033925  -0.48686437  0.78007914   nan
0.74301003  -0.70397933  -0.48783859  0.78007914   nan
0.74358423  -0.70457174  -0.48881686  0.78007914   nan
0.74415825  -0.70516697  -0.48979794  0.78007914   nan
0.74473211  -0.70576378  -0.49078128  0.78007914   nan
0.74530579  -0.70636227  -0.49176696  0.78007914   nan
0.74587931  -0.70696346  -0.4927555  0.78007914   nan
0.74645265  -0.70756903  -0.49374771  0.78007914   nan
0.74702582  -0.70818085  -0.49474452  0.78007914   nan
0.74759883  -0.70880076  -0.49574686  0.78007914   nan
0.74817166  -0.70943044  -0.49675553  0.78007914   nan
0.74874433  -0.71007121  -0.49777116  0.78007914   nan
0.74931683  -0.7107239  -0.49879414  0.78007914   nan
0.74988917  -0.71138889  -0.49982465  0.78007914   nan
0.75046133  -0.71206611  -0.50086263  0.78007914   nan
0.75103334  -0.71275517  -0.50190788  0.78007914   nan
0.75160517  -0.71345542  -0.50296006  0.78007914   nan
0.75217685  -0.71416603  -0.50401875  0.78007914   nan
0.75274835  -0.71488615  -0.50508352  0.78007914   nan
0.7533197  -0.7156149  -0.5061539  0.78007914   nan
0.75389088  -0.71635146  -0.50722948  0.78007914   nan
0.7544619  -0.71709513  -0.50830988  0.78007914   nan
0.75503276  -0.7178453  -0.5093948  0.78007914   nan
0.75560346  -0.71860148  -0.51048399  0.78007914   nan
0.756174  -0.71936328  -0.51157724  0.78007914   nan
0.75674437  -0.72013041  -0.51267443  0.78007914   nan
0.75731459  -0.72090267  -0.51377546  0.78007914   nan
0.75788465  -0.7216799  -0.51488027  0.78007914   nan
0.75845455  -0.72246198  -0.51598884  0.78007914   nan
0.7590243  -0.72324882  -0.51710113  0.78007914   nan
0.75959388  -0.72404033  -0.51821716  0.78007914   nan
0.76016331  -0.72483645  -0.5193369  0.78007914   nan
0.76073258  -0.72563706  -0.52046034  0.78007914   nan
0.7613017  -0.72644202  -0.52158745  0.78007914   nan
0.76187067  -0.72725121  -0.52271818  0.78007914   nan
0.76243948  -0.72806445  -0.52385249  0.78007914   nan
0.76300813  -0.72888161  -0.52499031  0.78007914   nan
0.76357663  -0.72970251  -0.52613158  0.78007914   nan
0.76414498  -0.73052701  -0.52727623  0.78007914   nan
0.76471318  -0.73135492  -0.52842421  0.78007914   nan
0.76528123  -0.7321861  -0.52957545  0.78007914   nan
0.76584912  -0.73301925  -0.53072916  0.78007914   nan
0.76641686  -0.73385428  -0.53188529  0.78007914   nan
0.76698446  -0.73469192  -0.5330443  0.78007914   nan
0.76755191  -0.73553286  -0.5342066  0.78007914   nan
0.7681192  -0.73637754  -0.53537249  0.78007914   nan
0.76868635  -0.73722616  -0.53654206  0.78007914   nan
0.76925335  -0.73807867  -0.53771529  0.78007914   nan
0.7698202  -0.73893485  -0.53889204  0.78007914   nan
0.77038691  -0.73979436  -0.5400721  0.78007914   nan
0.77095347  -0.74065662  -0.5412551  0.78007914   nan
0.77151989  -0.74151958  -0.54243979  0.78007914   nan
0.77208616  -0.74238292  -0.54362599  0.78007914   nan
0.77265229  -0.74324665  -0.54481373  0.78007914   nan
0.77321827  -0.74411095  -0.54600315  0.78007914   nan
0.77378411  -0.74497604  -0.54719442  0.78007914   nan
0.7743498  -0.74584215  -0.54838767  0.78007914   nan
0.77491536  -0.74670944  -0.54958305  0.78007914   nan
0.77548077  -0.74757801  -0.55078062  0.78007914   nan
0.77604604  -0.74844789  -0.55198041  0.78007914   nan
0.77661117  -0.74931905  -0.55318242  0.78007914   nan
0.77717616  -0.75019141  -0.5543866  0.78007914   nan
0.77774101  -0.75106485  -0.55559288  0.78007914   nan
0.77830572  -0.75193924  -0.55680118  0.78007914   nan
0.7788703  -0.75281442  -0.55801141  0.78007914   nan
0.77943473  -0.75368761  -0.55922226  0.78007914   nan
0.77999903  -0.75455108  -0.56043015  0.78007914   nan
0.78056319  -0.75540738  -0.56163632  0.78007914   nan
0.78112721  -0.75625989  -0.56284237  0.78007914   nan
0.7816911  -0.75711179  -0.56404982  0.78007914   nan
0.78225485  -0.7579656  -0.56525984  0.78007914   nan
0.78281847  -0.75882306  -0.56647324  0.78007914   nan
0.78338195  -0.7596851  -0.56769042  0.78007914   nan
0.7839453  -0.76055198  -0.56891144  0.78007914   nan
0.78450851  -0.76142342  -0.57013613  0.78007914   nan
0.78507159  -0.76229875  -0.57136411  0.78007914   nan
0.78563454  -0.76317708  -0.57259491  0.78007914   nan
0.78619736  -0.76405745  -0.57382802  0.78007914   nan
0.78676004  -0.76493893  -0.57506294  0.78007914   nan
0.7873226  -0.76582065  -0.57629924  0.78007914   nan
0.78788502  -0.76670191  -0.57753653  0.78007914   nan
0.78844731  -0.76758212  -0.5787745  0.78007914   nan
0.78900948  -0.76846084  -0.58001294  0.78007914   nan
0.78957151  -0.76933776  -0.58125167  0.78007914   nan
0.79013341  -0.77021265  -0.58249057  0.78007914   nan
0.79069519  -0.77108538  -0.58372959  0.78007914   nan
0.79125684  -0.77195585  -0.58496866  0.78007914   nan
0.79181836  -0.77282397  -0.58620776  0.78007914   nan
0.79237975  -0.77368965  -0.58744684  0.78007914   nan
0.79294102  -0.77455281  -0.58868586  0.78007914   nan
0.79350216  -0.77541328  -0.58992474  0.78007914   nan
0.79406318  -0.77627088  -0.59116338  0.78007914   nan
0.79462407  -0.77712539  -0.59240168  0.78007914   nan
0.79518483  -0.77797653  -0.59363947  0.78007914   nan
0.79574547  -0.77882398  -0.59487657  0.78007914   nan
0.79630599  -0.77966573  -0.59611202  0.78007914   nan
0.79686638  -0.78050234  -0.59734608  0.78007914   nan
0.79742665  -0.78133409  -0.59857887  0.78007914   nan
0.7979868  -0.78216091  -0.59981035  0.78007914   nan
0.79854682  -0.78298262  -0.60104034  0.78007914   nan
0.79910672  -0.78379899  -0.60226866  0.78007914   nan
0.7996665  -0.78460976  -0.60349508  0.78007914   nan
0.80022616  -0.78541469  -0.60471937  0.78007914   nan
0.8007857  -0.78621355  -0.60594134  0.78007914   nan
0.80134512  -0.78700617  -0.60716086  0.78007914   nan
0.80190441  -0.78779244  -0.60837783  0.78007914   nan
0.80246359  -0.7885723  -0.60959222  0.78007914   nan
0.80302265  -0.78934574  -0.61080402  0.78007914   nan
0.80358159  -0.79011276  -0.61201328  0.78007914   nan
0.80414041  -0.7908734  -0.61322005  0.78007914   nan
0.80469911  -0.79162768  -0.61442438  0.78007914   nan
0.80525769  -0.79237564  -0.61562633  0.78007914   nan
0.80581616  -0.79311724  -0.61682592  0.78007914   nan
0.80637451  -0.79385246  -0.61802315  0.78007914   nan
0.80693274  -0.79458125  -0.61921803  0.78007914   nan
0.80749086  -0.79530353  -0.62041051  0.78007914   nan
0.80804886  -0.79601928  -0.62160057  0.78007914   nan
0.80860674  -0.79672842  -0.62278814  0.78007914   nan
0.80916451  -0.79743085  -0.62397314  0.78007914   nan
0.80972216  -0.79812648  -0.62515545  0.78007914   nan
0.8102797  -0.79881521  -0.62633497  0.78007914   nan
0.81083712  -0.79949695  -0.62751161  0.78007914   nan
0.81139443  -0.80017159  -0.62868524  0.78007914   nan
0.81195163  -0.80083833  -0.62985546  0.78007914   nan
0.81250871  -0.80149745  -0.6310224  0.78007914   nan
0.81306568  -0.80214902  -0.63218608  0.78007914   nan
0.81362254  -0.80279297  -0.63334647  0.78007914   nan
0.81417928  -0.80342919  -0.63450349  0.78007914   nan
0.81473591  -0.8040575  -0.63565701  0.78007914   nan
0.81529243  -0.80467766  -0.63680688  0.78007914   nan
0.81584883  -0.8052894  -0.63795291  0.78007914   nan
0.81640513  -0.80589237  -0.6390949  0.78007914   nan
0.81696131  -0.80648623  -0.64023262  0.78007914   nan
0.81751738  -0.8070706  -0.64136583  0.78007914   nan
0.81807334  -0.80764513  -0.64249431  0.78007914   nan
0.81862919  -0.80820949  -0.64361784  0.78007914   nan
0.81918493  -0.8087634  -0.64473624  0.78007914   nan
0.81974056  -0.8093066  -0.64584934  0.78007914   nan
0.82029608  -0.80983892  -0.64695701  0.78007914   nan
0.82085149  -0.81036021  -0.64805913  0.78007914   nan
0.82140679  -0.81087033  -0.64915559  0.78007914   nan
0.82196198  -0.81136913  -0.65024626  0.78007914   nan
0.82251706  -0.81185646  -0.651331  0.78007914   nan
0.82307203  -0.81233212  -0.65240964  0.78007914   nan
0.82362689  -0.81279589  -0.65348198  0.78007914   nan
0.82418164  -0.81324754  -0.65454781  0.78007914   nan
0.82473629  -0.81368686  -0.65560694  0.78007914   nan
0.82529083  -0.81411365  -0.65665918  0.78007914   nan
0.82584526  -0.81452778  -0.65770437  0.78007914   nan
0.82639958  -0.81492919  -0.65874242  0.78007914   nan
0.82695379  -0.81531793  -0.65977331  0.78007914   nan
0.82750789  -0.81569413  -0.66079708  0.78007914   nan
0.82806189  -0.81605804  -0.66181383  0.78007914   nan
0.82861578  -0.81640997  -0.66282374  0.78007914   nan
0.82916956  -0.81675029  -0.66382694  0.78007914   nan
0.82972324  -0.8170794  -0.66482357  0.78007914   nan
0.83027681  -0.81739776  -0.66581387  0.78007914   nan
0.83083027  -0.81770583  -0.66679814  0.78007914   nan
0.83138362  -0.81800402  -0.6677767  0.78007914   nan
0.83193687  -0.81829271  -0.66874984  0.78007914   nan
0.83249001  -0.81857217  -0.66971784  0.78007914   nan
0.83304305  -0.8188422  -0.67068069  0.78007914   nan
0.83359597  -0.81910121  -0.67163772  0.78007914   nan
0.8341488  -0.81934967  -0.67258918  0.78007914   nan
0.83470151  -0.8195881  -0.67353532  0.78007914   nan
0.83525412  -0.81981693  -0.67447629  0.78007914   nan
0.83580662  -0.82003635  -0.67541211  0.78007914   nan
0.83635902  -0.82024638  -0.67634264  0.78007914   nan
0.83691131  -0.82044679  -0.67726763  0.78007914   nan
0.83746349  -0.82063721  -0.67818674  0.78007914   nan
0.83801557  -0.82081713  -0.67909955  0.78007914   nan
0.83856755  -0.82098601  -0.68000561  0.78007914   nan
0.83911941  -0.82114325  -0.68090448  0.78007914   nan
0.83967117  -0.82128826  -0.6817957  0.78007914   nan
0.84022283  -0.82142047  -0.68267883  0.78007914   nan
0.84077438  -0.82153933  -0.68355346  0.78007914   nan
0.84132582  -0.82164432  -0.68441921  0.78007914   nan
0.84187716  -0.82173499  -0.68527571  0.78007914   nan
0.84242839  -0.82181094  -0.6861226  0.78007914   nan
0.84297952  -0.82187185  -0.68695951  0.78007914   nan
0.84353054  -0.82191749  -0.68778631  0.78007914   nan
0.84408145  -0.82194772  -0.68860293  0.78007914   nan
0.84463226  -0.82196247  -0.68940934  0.78007914   nan
0.84518297  -0.82196176  -0.69020556  0.78007914   nan
0.84573357  -0.82194568  -0.69099163  0.78007914   nan
0.84628406  -0.82191457  -0.6917677  0.78007914   nan
0.84683445  -0.82186869  -0.69253389  0.78007914   nan
0.84738473  -0.82180815  -0.69329023  0.78007914   nan
0.8479349  -0.82173315  -0.69403688  0.78007914   nan
0.84848497  -0.82164396  -0.69477398  0.78007914   nan
0.84903494  -0.82154081  -0.69550168  0.78007914   nan
0.8495848  -0.82142397  -0.69622007  0.78007914   nan
0.85013455  -0.82129364  -0.69692926  0.78007914   nan
0.8506842  -0.82115  -0.6976293  0.78007914   nan
0.85123374  -0.82099316  -0.69832022  0.78007914   nan
0.85178317  -0.82082317  -0.69900198  0.78007914   nan
0.8523325  -0.82064001  -0.69967453  0.78007914   nan
0.85288172  -0.82044358  -0.70033776  0.78007914   nan
0.85343084  -0.82023372  -0.7009915  0.78007914   nan
0.85397985  -0.82001019  -0.70163555  0.78007914   nan
0.85452876  -0.8197727  -0.70226967  0.78007914   nan
0.85507756  -0.8195209  -0.70289358  0.78007914   nan
0.85562625  -0.81925443  -0.703507  0.78007914   nan
0.85617484  -0.81897295  -0.70410964  0.78007914   nan
0.85672332  -0.8186761  -0.70470123  0.78007914   nan
0.85727169  -0.81836361  -0.70528156  0.78007914   nan
0.85781996  -0.81803527  -0.70585044  0.78007914   nan
0.85836812  -0.81769095  -0.70640779  0.78007914   nan
0.85891617  -0.81733063  -0.70695358  0.78007914   nan
0.85946412  -0.81695438  -0.70748787  0.78007914   nan
0.86001196  -0.81656239  -0.7080108  0.78007914   nan
0.8605597  -0.81615493  -0.70852257  0.78007914   nan
0.86110733  -0.81573232  -0.70902345  0.78007914   nan
0.86165485  -0.81529511  -0.70951381  0.78007914   nan
0.86220226  -0.81484396  -0.70999411  0.78007914   nan
0.86274957  -0.8143792  -0.7104646  0.78007914   nan
0.86329677  -0.81390119  -0.71092558  0.78007914   nan
0.86384386  -0.81341027  -0.71137736  0.78007914   nan
0.86439085  -0.81290673  -0.71182021  0.78007914   nan
0.86493773  -0.81239078  -0.71225433  0.78007914   nan
0.8654845  -0.81186258  -0.71267986  0.78007914   nan
0.86603117  -0.81132218  -0.71309685  0.78007914   nan
0.86657772  -0.81076958  -0.71350529  0.78007914   nan
0.86712417  -0.81020472  -0.71390512  0.78007914   nan
0.86767052  -0.80962746  -0.71429623  0.78007914   nan
0.86821675  -0.80903764  -0.71467848  0.78007914   nan
0.86876288  -0.80843505  -0.71505169  0.78007914   nan
0.8693089  -0.80781948  -0.71541567  0.78007914   nan
0.86985481  -0.80719071  -0.71577023  0.78007914   nan
0.87040062  -0.80654851  -0.71611517  0.78007914   nan
0.87094631  -0.80589266  -0.7164502  0.78007914   nan
0.8714919  -0.80522301  -0.71677523  0.78007914   nan
0.87203738  -0.80453946  -0.71709024  0.78007914   nan
0.87258275  -0.80384186  -0.71739521  0.78007914   nan
0.87312802  -0.80313012  -0.71769  0.78007914   nan
0.87367317  -0.80240415  -0.71797451  0.78007914   nan
0.87421822  -0.80166393  -0.71824878  0.78007914   nan
0.87476316  -0.80090951  -0.71851275  0.78007914   nan
0.87530799  -0.80014096  -0.71876637  0.78007914   nan
0.87585272  -0.79935836  -0.7190096  0.78007914   nan
0.87639733  -0.79856179  -0.7192424  0.78007914   nan
0.87694183  -0.79775136  -0.71946476  0.78007914   nan
0.87748623  -0.79692713  -0.71967668  0.78007914   nan
0.87803052  -0.79608925  -0.71987821  0.78007914   nan
0.87857469  -0.79523783  -0.72006943  0.78007914   nan
0.87911876  -0.79437307  -0.72025045  0.78007914   nan
0.87966272  -0.79349519  -0.72042143  0.78007914   nan
0.88020657  -0.79260446  -0.7205826  0.78007914   nan
0.88075031  -0.79170121  -0.7207342  0.78007914   nan
0.88129394  -0.79078579  -0.72087653  0.78007914   nan
0.88183746  -0.78985861  -0.72100991  0.78007914   nan
0.88238086  -0.78892008  -0.72113466  0.78007914   nan
0.88292416  -0.78797063  -0.72125112  0.78007914   nan
0.88346735  -0.78701069  -0.72135963  0.78007914   nan
0.88401043  -0.78604061  -0.72146043  0.78007914   nan
0.88455339  -0.78506073  -0.72155375  0.78007914   nan
0.88509625  -0.78407141  -0.72163984  0.78007914   nan
0.88563899  -0.78307293  -0.72171894  0.78007914   nan
0.88618162  -0.78206555  -0.72179123  0.78007914   nan
0.88672414  -0.78104942  -0.72185684  0.78007914   nan
0.88726655  -0.78002467  -0.72191588  0.78007914   nan
0.88780885  -0.77899137  -0.72196837  0.78007914   nan
0.88835103  -0.77794954  -0.72201432  0.78007914   nan
0.8888931  -0.77689915  -0.7220537  0.78007914   nan
0.88943506  -0.77584016  -0.72208644  0.78007914   nan
0.88997691  -0.77477247  -0.72211246  0.78007914   nan
0.89051865  -0.77369601  -0.72213169  0.78007914   nan
0.89106027  -0.77261067  -0.72214404  0.78007914   nan
0.89160178  -0.77151637  -0.72214942  0.78007914   nan
0.89214317  -0.77041303  -0.72214778  0.78007914   nan
0.89268446  -0.76930059  -0.72213905  0.78007914   nan
0.89322563  -0.76817906  -0.7221232  0.78007914   nan
0.89376668  -0.76704846  -0.72210021  0.78007914   nan
0.89430762  -0.76590883  -0.72207008  0.78007914   nan
0.89484845  -0.76476026  -0.72203282  0.78007914   nan
0.89538917  -0.76360287  -0.72198853  0.78007914   nan
0.89592977  -0.76243678  -0.72193736  0.78007914   nan
0.89647025  -0.76126214  -0.72187933  0.78007914   nan
0.89701062  -0.76007909  -0.72181447  0.78007914   nan
0.89755088  -0.75888777  -0.7217428  0.78007914   nan
0.89809102  -0.75768831  -0.72166437  0.78007914   nan
0.89863105  -0.75648085  -0.72157926  0.78007914   nan
0.89917096  -0.7552655  -0.72148754  0.78007914   nan
0.89971076  -0.75404241  -0.72138931  0.78007914   nan
0.90025044  -0.75281169  -0.72128469  0.78007914   nan
0.90079  -0.75157347  -0.72117378  0.78007914   nan
0.90132945  -0.75032787  -0.7210567  0.78007914   nan
0.90186878  -0.74907499  -0.72093358  0.78007914   nan
0.902408  -0.74781497  -0.72080453  0.78007914   nan
0.9029471  -0.74654795  -0.72066968  0.78007914   nan
0.90348609  -0.74527408  -0.72052915  0.78007914   nan
0.90402496  -0.74399353  -0.72038308  0.78007914   nan
0.90456371  -0.74270651  -0.72023159  0.78007914   nan
0.90510234  -0.7414132  -0.72007482  0.78007914   nan
0.90564086  -0.74011381  -0.7199129  0.78007914   nan
0.90617926  -0.73880856  -0.71974597  0.78007914   nan
0.90671755  -0.73749763  -0.71957412  0.78007914   nan
0.90725571  -0.73618123  -0.71939752  0.78007914   nan
0.90779376  -0.73485962  -0.71921632  0.78007914   nan
0.90833169  -0.73353302  -0.71903069  0.78007914   nan
0.90886951  -0.7322016  -0.71884078  0.78007914   nan
0.9094072  -0.73086549  -0.7186467  0.78007914   nan
0.90994478  -0.72952474  -0.7184485  0.78007914   nan
0.91048224  -0.72817935  -0.71824622  0.78007914   nan
0.91101958  -0.72682924  -0.71803984  0.78007914   nan
0.9115568  -0.72547428  -0.7178293  0.78007914   nan
0.91209391  -0.72411433  -0.71761455  0.78007914   nan
0.91263089  -0.72274925  -0.71739551  0.78007914   nan
0.91316776  -0.7213789  -0.71717213  0.78007914   nan
0.91370451  -0.72000323  -0.71694437  0.78007914   nan
0.91424114  -0.71862222  -0.71671223  0.78007914   nan
0.91477765  -0.71723594  -0.71647574  0.78007914   nan
0.91531404  -0.71584455  -0.71623498  0.78007914   nan
0.91585032  -0.71444826  -0.71599004  0.78007914   nan
0.91638647  -0.71304737  -0.71574106  0.78007914   nan
0.9169225  -0.71164219  -0.7154882  0.78007914   nan
0.91745842  -0.71023308  -0.71523163  0.78007914   nan
0.91799421  -0.70882039  -0.71497152  0.78007914   nan
0.91852988  -0.70740448  -0.71470805  0.78007914   nan
0.91906544  -0.70598566  -0.71444137  0.78007914   nan
0.91960087  -0.70456419  -0.71417162  0.78007914   nan
0.92013619  -0.70314032  -0.71389893  0.78007914   nan
0.92067138  -0.70171421  -0.71362338  0.78007914   nan
0.92120646  -0.70028597  -0.71334507  0.78007914   nan
0.92174141  -0.69885569  -0.71306404  0.78007914   nan
0.92227625  -0.69742339  -0.71278034  0.78007914   nan
0.92281096  -0.69598904  -0.71249398  0.78007914   nan
0.92334555  -0.69455267  -0.71220503  0.78007914   nan
0.92388003  -0.6931151  -0.7119144  0.78007914   nan
0.92441438  -0.69167692  -0.71162271  0.78007914   nan
0.92494861  -0.69023826  -0.71133021  0.78007914   nan
0.92548272  -0.68879897  -0.71103683  0.78007914   nan
0.92601671  -0.68735862  -0.71074222  0.78007914   nan
0.92655058  -0.68591664  -0.71044591  0.78007914   nan
0.92708432  -0.68447242  -0.71014733  0.78007914   nan
0.92761795  -0.6830254  -0.70984596  0.78007914   nan
0.92815146  -0.68157512  -0.70954135  0.78007914   nan
0.92868484  -0.68012126  -0.70923315  0.78007914   nan
0.9292181  -0.67866367  -0.70892118  0.78007914   nan
0.92975124  -0.67720233  -0.70860537  0.78007914   nan
0.93028426  -0.6757374  -0.70828579  0.78007914   nan
0.93081716  -0.67426914  -0.70796261  0.78007914   nan
0.93134994  -0.6727979  -0.70763609  0.78007914   nan
0.9318826  -0.6713241  -0.70730656  0.78007914   nan
0.93241513  -0.6698482  -0.70697436  0.78007914   nan
0.93294754  -0.66837065  -0.70663986  0.78007914   nan
0.93347983  -0.66689191  -0.70630342  0.78007914   nan
0.934012  -0.6654124  -0.70596538  0.78007914   nan
0.93454405  -0.66393251  -0.70562605  0.78007914   nan
0.93507597  -0.66245254  -0.70528566  0.78007914   nan
0.93560778  -0.66097295  -0.70494458  0.78007914   nan
0.93613946  -0.65949427  -0.70460326  0.78007914   nan
0.93667102  -0.65801707  -0.70426216  0.78007914   nan
0.93720246  -0.6565441  -0.70392401  0.78007914   nan
0.93773377  -0.65507667  -0.70359011  0.78007914   nan
0.93826497  -0.65361385  -0.70325945  0.78007914   nan
0.93879604  -0.6521545  -0.70293089  0.78007914   nan
0.93932699  -0.65069757  -0.70260332  0.78007914   nan
0.93985782  -0.64924214  -0.7022758  0.78007914   nan
0.94038852  -0.64778752  -0.70194763  0.78007914   nan
0.94091911  -0.64633327  -0.70161834  0.78007914   nan
0.94144957  -0.64487915  -0.70128768  0.78007914   nan
0.94197991  -0.64342513  -0.70095564  0.78007914   nan
0.94251013  -0.64197008  -0.70062104  0.78007914   nan
0.94304022  -0.64051565  -0.70028558  0.78007914   nan
0.9435702  -0.63906326  -0.69995069  0.78007914   nan
0.94410005  -0.63761384  -0.69961729  0.78007914   nan
0.94462977  -0.63616789  -0.69928586  0.78007914   nan
0.94515938  -0.63472553  -0.69895648  0.78007914   nan
0.94568886  -0.63328663  -0.69862898  0.78007914   nan
0.94621823  -0.63185094  -0.69830303  0.78007914   nan
0.94674747  -0.63041977  -0.69797888  0.78007914   nan
0.94727658  -0.6289919  -0.69765583  0.78007914   nan
0.94780558  -0.62756654  -0.69733344  0.78007914   nan
0.94833445  -0.62614325  -0.69701147  0.78007914   nan
0.9488632  -0.62472188  -0.69668986  0.78007914   nan
0.94939183  -0.6233025  -0.69636871  0.78007914   nan
0.94992033  -0.62188537  -0.69604827  0.78007914   nan
0.95044872  -0.62047086  -0.69572886  0.78007914   nan
0.95097698  -0.61905937  -0.69541082  0.78007914   nan
0.95150511  -0.61765131  -0.69509446  0.78007914   nan
0.95203313  -0.61624704  -0.69478003  0.78007914   nan
0.95256102  -0.61484685  -0.69446768  0.78007914   nan
0.9530888  -0.61345094  -0.69415749  0.78007914   nan
0.95361645  -0.61206059  -0.6938499  0.78007914   nan
0.95414397  -0.61067633  -0.69354502  0.78007914   nan
0.95467138  -0.60929767  -0.69324261  0.78007914   nan
0.95519866  -0.60792433  -0.69294254  0.78007914   nan
0.95572582  -0.60655644  -0.69264508  0.78007914   nan
0.95625286  -0.60519753  -0.69235408  0.78007914   nan
0.95677978  -0.60384658  -0.69206861  0.78007914   nan
0.95730657  -0.60250243  -0.69178755  0.78007914   nan
0.95783324  -0.60116404  -0.69150992  0.78007914   nan
0.9583598  -0.59983062  -0.69123497  0.78007914   nan
0.95888623  -0.59850119  -0.69096175  0.78007914   nan
0.95941253  -0.59717395  -0.69068844  0.78007914   nan
0.95993872  -0.59584929  -0.69041548  0.78007914   nan
0.96046478  -0.59452778  -0.69014353  0.78007914   nan
0.96099073  -0.59321012  -0.6898733  0.78007914   nan
0.96151655  -0.59189707  -0.68960551  0.78007914   nan
0.96204225  -0.59058935  -0.68934081  0.78007914   nan
0.96256782  -0.58928765  -0.68907973  0.78007914   nan
0.96309328  -0.58799257  -0.6888227  0.78007914   nan
0.96361862  -0.58670466  -0.68857013  0.78007914   nan
0.96414383  -0.58542441  -0.68832237  0.78007914   nan
0.96466892  -0.5841522  -0.68807972  0.78007914   nan
0.96519389  -0.58288835  -0.68784238  0.78007914   nan
0.96571874  -0.58163303  -0.68761045  0.78007914   nan
0.96624347  -0.58038632  -0.68738389  0.78007914   nan
0.96676807  -0.57914816  -0.68716256  0.78007914   nan
0.96729255  -0.57791837  -0.68694625  0.78007914   nan
0.96781692  -0.57669673  -0.68673465  0.78007914   nan
0.96834115  -0.57548296  -0.68652748  0.78007914   nan
0.96886527  -0.57427676  -0.68632444  0.78007914   nan
0.96938927  -0.57307787  -0.68612534  0.78007914   nan
0.96991314  -0.57188604  -0.68593005  0.78007914   nan
0.97043689  -0.57070112  -0.68573852  0.78007914   nan
0.97096052  -0.569523  -0.68555083  0.78007914   nan
0.97148403  -0.56835167  -0.68536712  0.78007914   nan
0.97200741  -0.56718718  -0.68518759  0.78007914   nan
0.97253067  -0.56602964  -0.68501248  0.78007914   nan
0.97305381  -0.56487923  -0.68484205  0.78007914   nan
0.97357683  -0.56373641  -0.68467664  0.78007914   nan
0.97409973  -0.56260157  -0.68451653  0.78007914   nan
0.9746225  -0.5614746  -0.68436177  0.78007914   nan
0.97514515  -0.56035545  -0.6842124  0.78007914   nan
0.97566768  -0.55924414  -0.68406843  0.78007914   nan
0.97619009  -0.55814073  -0.68392987  0.78007914   nan
0.97671238  -0.55704606  -0.683797  0.78007914   nan
0.97723454  -0.55596051  -0.68366997  0.78007914   nan
0.97775659  -0.55488431  -0.68354887  0.78007914   nan
0.97827851  -0.55381758  -0.68343379  0.78007914   nan
0.97880031  -0.55276036  -0.68332487  0.78007914   nan
0.97932198  -0.55171263  -0.68322222  0.78007914   nan
0.97984354  -0.55067431  -0.68312597  0.78007914   nan
0.98036497  -0.54964525  -0.68303628  0.78007914   nan
0.98088628  -0.54862525  -0.6829533  0.78007914   nan
0.98140747  -0.54761407  -0.68287705  0.78007914   nan
0.98192854  -0.54661142  -0.68280743  0.78007914   nan
0.98244948  -0.54561699  -0.68274416  0.78007914   nan
0.98297031  -0.54463045  -0.68268688  0.78007914   nan
0.98349101  -0.54365152  -0.68263515  0.78007914   nan
0.98401159  -0.54267997  -0.68258854  0.78007914   nan
0.98453205  -0.54171574  -0.68254667  0.78007914   nan
0.98505238  -0.54075888  -0.68250926  0.78007914   nan
0.9855726  -0.53980953  -0.68247614  0.78007914   nan
0.98609269  -0.53886796  -0.68244723  0.78007914   nan
0.98661267  -0.53793446  -0.68242257  0.78007914   nan
0.98713252  -0.53700935  -0.68240228  0.78007914   nan
0.98765225  -0.53609294  -0.68238651  0.78007914   nan
0.98817187  -0.53518549  -0.68237548  0.78007914   nan
0.98869136  -0.5342872  -0.6823694  0.78007914   nan
0.98921074  -0.53339819  -0.68236848  0.78007914   nan
0.98972999  -0.53251852  -0.6823729  0.78007914   nan
0.99024913  -0.53164819  -0.68238281  0.78007914   nan
0.99076815  -0.53078711  -0.68239835  0.78007914   nan
0.99128705  -0.52993516  -0.68241957  0.78007914   nan
0.99180584  -0.52909218  -0.68244654  0.78007914   nan
0.9923245  -0.52825797  -0.68247925  0.78007914   nan
0.99284305  -0.52743233  -0.68251768  0.78007914   nan
0.99336148  -0.52661505  -0.68256179  0.78007914   nan
0.9938798  -0.52580595  -0.68261152  0.78007914   nan
0.994398  -0.52500484  -0.68266678  0.78007914   nan
0.99491608  -0.52421156  -0.68272751  0.78007914   nan
0.99543404  -0.52342599  -0.68279362  0.78007914   nan
0.99595189  -0.522648  -0.68286504  0.78007914   nan
0.99646962  -0.52187752  -0.6829417  0.78007914   nan
0.99698724  -0.52111449  -0.68302353  0.78007914   nan
0.99750474  -0.52035889  -0.68311049  0.78007914   nan
0.99802212  -0.5196107  -0.68320253  0.78007914   nan
0.99853939  -0.51886993  -0.68329961  0.78007914   nan
0.99905655  -0.5181366  -0.68340171  0.78007914   nan
0.99957359  -0.51741074  -0.68350881  0.78007914   nan
1  -0.51704251  -0.69148353  0.78007914   nan
